1,1,331.98,106
2,1,331.98,106
3,1,331.98,105.99
4,1,331.98,105.99
5,1,331.98,105.99
6,1,331.98,105.99
7,1,331.98,105.99
8,1,331.98,105.98
9,1,331.98,105.98
10,1,331.98,105.98
11,1,331.99,105.98
12,1,331.99,105.97
13,1,331.99,105.97
14,1,331.99,105.97
15,1,331.99,105.96
16,1,331.99,105.96
17,1,331.99,105.96
18,1,331.99,105.95
19,1,331.99,105.95
20,1,331.99,105.95
21,1,331.99,105.94
22,1,332,105.94
23,1,332,105.93
24,1,332,105.93
25,1,332,105.93
26,1,332,105.92
27,1,332,105.92
28,1,332.01,105.91
29,1,332.01,105.91
30,1,332.01,105.9
31,1,332.01,105.9
32,1,332.01,105.89
33,1,332.02,105.88
34,1,332.02,105.88
35,1,332.02,105.87
36,1,332.02,105.87
37,1,332.03,105.86
38,1,332.03,105.86
39,1,332.03,105.85
40,1,332.04,105.84
41,1,332.04,105.84
42,1,332.04,105.83
43,1,332.05,105.82
44,1,332.05,105.82
45,1,332.05,105.81
46,1,332.06,105.8
47,1,332.06,105.79
48,1,332.07,105.79
49,1,332.07,105.78
50,1,332.08,105.77
51,1,332.08,105.77
52,1,332.09,105.76
53,1,332.09,105.75
54,1,332.1,105.74
55,1,332.1,105.74
56,1,332.11,105.73
57,1,332.11,105.72
58,1,332.12,105.71
59,1,332.12,105.71
60,1,332.13,105.7
61,1,332.14,105.69
62,1,332.14,105.68
63,1,332.15,105.68
64,1,332.15,105.67
65,1,332.16,105.66
66,1,332.17,105.66
67,1,332.17,105.65
68,1,332.18,105.64
69,1,332.19,105.64
70,1,332.2,105.63
71,1,332.2,105.62
72,1,332.21,105.62
73,1,332.22,105.61
74,1,332.23,105.61
75,1,332.23,105.6
76,1,332.24,105.6
77,1,332.25,105.59
78,1,332.26,105.59
79,1,332.26,105.59
80,1,332.27,105.58
81,1,332.28,105.58
82,1,332.29,105.58
83,1,332.29,105.58
84,1,332.3,105.58
85,1,332.31,105.58
86,1,332.32,105.58
87,1,332.33,105.58
88,1,332.33,105.58
89,1,332.34,105.59
90,1,332.35,105.59
91,1,332.36,105.6
92,1,332.36,105.6
93,1,332.37,105.61
94,1,332.38,105.62
95,1,332.38,105.62
96,1,332.39,105.63
97,1,332.39,105.65
98,1,332.4,105.66
99,1,332.41,105.67
100,1,332.41,105.69
101,1,332.41,105.7
102,1,332.42,105.72
103,1,332.42,105.74
104,1,332.43,105.76
105,1,332.43,105.78
106,1,332.43,105.8
107,1,332.43,105.83
108,1,332.43,105.86
109,1,332.44,105.88
110,1,332.44,105.92
111,1,332.43,105.95
112,1,332.43,105.98
113,1,332.43,106.02
114,1,332.43,106.06
115,1,332.42,106.1
116,1,332.42,106.14
117,1,332.41,106.18
118,1,332.41,106.23
119,1,332.4,106.28
120,1,332.39,106.33
121,1,332.38,106.39
122,1,332.37,106.44
123,1,332.36,106.5
124,1,332.34,106.56
125,1,332.33,106.63
126,1,332.31,106.69
127,1,332.3,106.76
128,1,332.28,106.84
129,1,332.26,106.91
130,1,332.23,106.99
131,1,332.21,107.07
132,1,332.18,107.16
133,1,332.16,107.24
134,1,332.13,107.33
135,1,332.1,107.43
136,1,332.06,107.52
137,1,332.03,107.62
138,1,331.99,107.72
139,1,331.95,107.83
140,1,331.91,107.94
141,1,331.87,108.05
142,1,331.82,108.16
143,1,331.77,108.28
144,1,331.72,108.4
145,1,331.67,108.52
146,1,331.62,108.65
147,1,331.56,108.78
148,1,331.5,108.91
149,1,331.43,109.05
150,1,331.37,109.19
151,1,331.3,109.33
152,1,331.23,109.48
153,1,331.15,109.62
154,1,331.08,109.77
155,1,331,109.93
156,1,330.91,110.08
157,1,330.83,110.24
158,1,330.74,110.4
159,1,330.65,110.56
160,1,330.55,110.72
161,1,330.45,110.89
162,1,330.35,111.06
163,1,330.25,111.23
164,1,330.14,111.4
165,1,330.03,111.57
166,1,329.91,111.74
167,1,329.79,111.92
168,1,329.67,112.09
169,1,329.55,112.27
170,1,329.42,112.45
171,1,329.29,112.62
172,1,329.16,112.8
173,1,329.02,112.98
174,1,328.88,113.15
175,1,328.73,113.33
176,1,328.59,113.51
177,1,328.44,113.68
178,1,328.28,113.86
179,1,328.13,114.03
180,1,327.97,114.2
181,1,327.81,114.38
182,1,327.64,114.55
183,1,327.47,114.72
184,1,327.3,114.88
185,1,327.13,115.05
186,1,326.95,115.21
187,1,326.77,115.38
188,1,326.59,115.54
189,1,326.41,115.7
190,1,326.22,115.86
191,1,326.04,116.01
192,1,325.85,116.16
193,1,325.65,116.32
194,1,325.46,116.47
195,1,325.27,116.61
196,1,325.07,116.76
197,1,324.87,116.9
198,1,324.67,117.04
199,1,324.47,117.18
200,1,324.27,117.32
201,1,324.07,117.45
202,1,323.87,117.58
203,1,323.67,117.71
204,1,323.46,117.84
205,1,323.26,117.96
206,1,323.06,118.08
207,1,322.86,118.2
208,1,322.66,118.32
209,1,322.45,118.43
210,1,322.25,118.55
211,1,322.05,118.66
212,1,321.86,118.76
213,1,321.66,118.87
214,1,321.46,118.97
215,1,321.27,119.07
216,1,321.08,119.17
217,1,320.88,119.26
218,1,320.7,119.35
219,1,320.51,119.44
220,1,320.32,119.53
221,1,320.14,119.61
222,1,319.96,119.7
223,1,319.78,119.78
224,1,319.61,119.85
225,1,319.44,119.93
226,1,319.27,120
227,1,319.1,120.07
228,1,318.93,120.14
229,1,318.77,120.2
230,1,318.62,120.26
231,1,318.46,120.32
232,1,318.31,120.38
233,1,318.16,120.44
234,1,318.02,120.49
235,1,317.88,120.54
236,1,317.74,120.59
237,1,317.6,120.64
238,1,317.47,120.69
239,1,317.34,120.73
240,1,317.22,120.77
241,1,317.1,120.81
242,1,316.98,120.85
243,1,316.86,120.88
244,1,316.75,120.92
245,1,316.65,120.95
246,1,316.54,120.98
247,1,316.44,121.01
248,1,316.34,121.04
249,1,316.25,121.07
250,1,316.16,121.09
251,1,316.07,121.11
252,1,315.98,121.14
253,1,315.9,121.16
254,1,315.82,121.18
255,1,315.75,121.19
256,1,315.67,121.21
257,1,315.6,121.23
258,1,315.54,121.24
259,1,315.47,121.26
260,1,315.41,121.27
261,1,315.35,121.28
262,1,315.3,121.29
263,1,315.24,121.3
264,1,315.19,121.31
265,1,315.14,121.32
266,1,315.1,121.33
267,1,315.05,121.33
268,1,315.01,121.34
269,1,314.97,121.35
270,1,314.94,121.35
271,1,314.9,121.36
272,1,314.87,121.36
273,1,314.84,121.36
274,1,314.81,121.37
275,1,314.78,121.37
276,1,314.75,121.37
277,1,314.73,121.37
278,1,314.71,121.37
279,1,314.69,121.37
280,1,314.67,121.38
281,1,314.65,121.38
282,1,314.64,121.38
283,1,314.62,121.38
284,1,314.61,121.38
285,1,314.6,121.38
286,1,314.59,121.38
287,1,314.58,121.38
288,1,314.57,121.37
289,1,314.56,121.37
290,1,314.55,121.37
291,1,314.55,121.37
292,1,314.54,121.37
293,1,314.54,121.37
294,1,314.54,121.37
295,1,314.54,121.37
296,1,314.53,121.37
297,1,314.53,121.37
298,1,314.53,121.37
299,1,314.54,121.37
300,1,314.54,121.37
301,1,314.54,121.36
302,1,314.54,121.36
303,1,314.54,121.36
304,1,314.55,121.36
305,1,314.55,121.36
306,1,314.56,121.36
307,1,314.56,121.36
308,1,314.57,121.36
309,1,314.57,121.36
310,1,314.58,121.36
311,1,314.58,121.37
312,1,314.59,121.37
313,1,314.6,121.37
314,1,314.6,121.37
315,1,314.61,121.37
316,1,314.62,121.37
317,1,314.62,121.37
318,1,314.63,121.37
319,1,314.64,121.37
320,1,314.65,121.38
321,1,314.65,121.38
322,1,314.66,121.38
323,1,314.67,121.38
324,1,314.68,121.38
325,1,314.68,121.39
326,1,314.69,121.39
327,1,314.7,121.39
328,1,314.71,121.39
329,1,314.71,121.39
330,1,314.72,121.39
331,1,314.73,121.4
332,1,314.74,121.4
333,1,314.74,121.4
334,1,314.75,121.4
335,1,314.76,121.4
336,1,314.76,121.4
337,1,314.77,121.4
338,1,314.78,121.41
339,1,314.78,121.41
340,1,314.79,121.41
341,1,314.8,121.41
342,1,314.8,121.41
343,1,314.81,121.41
344,1,314.82,121.4
345,1,314.82,121.4
346,1,314.83,121.4
347,1,314.83,121.4
348,1,314.84,121.4
349,1,314.84,121.39
350,1,314.85,121.39
351,1,314.85,121.38
352,1,314.86,121.38
353,1,314.87,121.37
354,1,314.87,121.37
355,1,314.87,121.36
356,1,314.88,121.35
357,1,314.88,121.34
358,1,314.89,121.33
359,1,314.89,121.32
360,1,314.9,121.31
361,1,314.9,121.3
362,1,314.91,121.28
363,1,314.91,121.27
364,1,314.91,121.25
365,1,314.92,121.23
366,1,314.92,121.22
367,1,314.93,121.2
368,1,314.93,121.17
369,1,314.93,121.15
370,1,314.94,121.13
371,1,314.94,121.1
372,1,314.95,121.07
373,1,314.95,121.05
374,1,314.95,121.01
375,1,314.96,120.98
376,1,314.96,120.95
377,1,314.96,120.91
378,1,314.97,120.87
379,1,314.97,120.83
380,1,314.98,120.79
381,1,314.98,120.75
382,1,314.98,120.7
383,1,314.99,120.66
384,1,314.99,120.61
385,1,315,120.55
386,1,315,120.5
387,1,315,120.44
388,1,315.01,120.38
389,1,315.01,120.32
390,1,315.02,120.26
391,1,315.02,120.19
392,1,315.03,120.12
393,1,315.03,120.05
394,1,315.04,119.97
395,1,315.04,119.9
396,1,315.05,119.82
397,1,315.06,119.73
398,1,315.06,119.65
399,1,315.07,119.56
400,1,315.07,119.47
401,1,315.08,119.38
402,1,315.09,119.28
403,1,315.09,119.18
404,1,315.1,119.08
405,1,315.11,118.98
406,1,315.12,118.87
407,1,315.12,118.76
408,1,315.13,118.65
409,1,315.14,118.53
410,1,315.15,118.41
411,1,315.16,118.29
412,1,315.17,118.17
413,1,315.18,118.04
414,1,315.19,117.91
415,1,315.2,117.78
416,1,315.21,117.65
417,1,315.22,117.51
418,1,315.23,117.37
419,1,315.24,117.23
420,1,315.25,117.09
421,1,315.26,116.95
422,1,315.27,116.8
423,1,315.29,116.65
424,1,315.3,116.5
425,1,315.31,116.35
426,1,315.32,116.2
427,1,315.34,116.04
428,1,315.35,115.89
429,1,315.36,115.74
430,1,315.38,115.58
431,1,315.39,115.42
432,1,315.41,115.27
433,1,315.42,115.11
434,1,315.44,114.96
435,1,315.45,114.8
436,1,315.47,114.65
437,1,315.48,114.49
438,1,315.5,114.34
439,1,315.51,114.19
440,1,315.53,114.05
441,1,315.54,113.9
442,1,315.56,113.76
443,1,315.58,113.62
444,1,315.59,113.49
445,1,315.61,113.36
446,1,315.62,113.23
447,1,315.64,113.11
448,1,315.66,113
449,1,315.67,112.89
450,1,315.69,112.79
451,1,315.7,112.69
452,1,315.72,112.61
453,1,315.73,112.53
454,1,315.75,112.46
455,1,315.76,112.4
456,1,315.78,112.35
457,1,315.79,112.31
458,1,315.8,112.28
459,1,315.82,112.27
460,1,315.83,112.27
461,1,315.84,112.28
462,1,315.85,112.3
463,1,315.86,112.34
464,1,315.87,112.4
465,1,315.88,112.48
466,1,315.89,112.57
467,1,315.9,112.68
468,1,315.9,112.81
469,1,315.91,112.96
470,1,315.91,113.13
471,1,315.92,113.33
472,1,315.92,113.54
473,1,315.92,113.78
474,1,315.92,114.05
475,1,315.92,114.35
476,1,315.91,114.67
477,1,315.91,115.01
478,1,315.9,115.39
479,1,315.89,115.8
480,1,315.88,116.24
481,1,315.86,116.72
482,1,315.85,117.22
483,1,315.83,117.76
484,1,315.81,118.34
485,1,315.79,118.96
486,1,315.76,119.61
487,1,315.74,120.3
488,1,315.71,121.04
489,1,315.67,121.81
490,1,315.64,122.63
491,1,315.6,123.49
492,1,315.55,124.4
493,1,315.51,125.36
494,1,315.46,126.36
495,1,315.41,127.41
496,1,315.35,128.51
497,1,315.29,129.66
498,1,315.23,130.87
499,1,315.16,132.12
500,1,315.09,133.43
501,1,315.01,134.8
502,1,314.93,136.22
503,1,314.85,137.7
504,1,314.76,139.24
505,1,314.66,140.83
506,1,314.56,142.49
507,1,314.46,144.2
508,1,314.35,145.98
509,1,314.24,147.82
510,1,314.12,149.72
511,1,313.99,151.69
512,1,313.86,153.72
513,1,313.72,155.81
514,1,313.58,157.96
515,1,313.43,160.19
516,1,313.28,162.47
517,1,313.12,164.82
518,1,312.95,167.24
519,1,312.78,169.72
520,1,312.6,172.26
521,1,312.42,174.87
522,1,312.23,177.55
523,1,312.03,180.28
524,1,311.82,183.08
525,1,311.61,185.95
526,1,311.4,188.87
527,1,311.17,191.86
528,1,310.95,194.9
529,1,310.71,198.01
530,1,310.47,201.17
531,1,310.22,204.39
532,1,309.97,207.67
533,1,309.72,211
534,1,309.45,214.39
535,1,309.19,217.83
536,1,308.92,221.32
537,1,308.64,224.85
538,1,308.37,228.44
539,1,308.09,232.07
540,1,307.8,235.75
541,1,307.52,239.46
542,1,307.23,243.22
543,1,306.95,247.02
544,1,306.66,250.85
545,1,306.37,254.71
546,1,306.09,258.61
547,1,305.8,262.54
548,1,305.52,266.49
549,1,305.24,270.47
550,1,304.96,274.48
551,1,304.68,278.5
552,1,304.41,282.55
553,1,304.15,286.61
554,1,303.88,290.68
555,1,303.63,294.77
556,1,303.38,298.86
557,1,303.14,302.96
558,1,302.91,307.07
559,1,302.68,311.18
560,1,302.46,315.29
561,1,302.25,319.4
562,1,302.06,323.51
563,1,301.87,327.61
564,1,301.69,331.71
565,1,301.52,335.79
566,1,301.37,339.87
567,1,301.22,343.93
568,1,301.09,347.98
569,1,300.97,352.01
570,1,300.87,356.03
571,1,300.78,360.03
572,1,300.7,364.01
573,1,300.63,367.96
574,1,300.58,371.9
575,1,300.55,375.81
576,1,300.53,379.69
577,1,300.52,383.55
578,1,300.53,387.39
579,1,300.56,391.19
580,1,300.6,394.97
581,1,300.66,398.71
582,1,300.73,402.42
583,1,300.82,406.11
584,1,300.93,409.76
585,1,301.05,413.37
586,1,301.19,416.95
587,1,301.35,420.5
588,1,301.53,424.01
589,1,301.72,427.48
590,1,301.92,430.92
591,1,302.15,434.32
592,1,302.39,437.68
593,1,302.66,441.01
594,1,302.93,444.29
595,1,303.23,447.54
596,1,303.54,450.74
597,1,303.88,453.9
598,1,304.23,457.03
599,1,304.59,460.11
600,1,304.98,463.15
601,1,305.38,466.14
602,1,305.8,469.1
603,1,306.24,472.01
604,1,306.7,474.87
605,1,307.18,477.69
606,1,307.67,480.47
607,1,308.18,483.2
608,1,308.71,485.88
609,1,309.26,488.51
610,1,309.82,491.1
611,1,310.4,493.65
612,1,311,496.14
613,1,311.62,498.58
614,1,312.26,500.98
615,1,312.91,503.32
616,1,313.58,505.62
617,1,314.26,507.86
618,1,314.96,510.05
619,1,315.68,512.19
620,1,316.42,514.27
621,1,317.17,516.3
622,1,317.94,518.28
623,1,318.72,520.21
624,1,319.52,522.07
625,1,320.34,523.89
626,1,321.17,525.64
627,1,322.01,527.34
628,1,322.87,528.98
629,1,323.75,530.57
630,1,324.64,532.09
631,1,325.54,533.56
632,1,326.46,534.96
633,1,327.39,536.31
634,1,328.33,537.6
635,1,329.29,538.82
636,1,330.26,539.98
637,1,331.24,541.09
638,1,332.23,542.13
639,1,333.24,543.1
640,1,334.26,544.02
641,1,335.29,544.87
642,1,336.33,545.66
643,1,337.38,546.38
644,1,338.44,547.04
645,1,339.52,547.63
646,1,340.6,548.16
647,1,341.69,548.62
648,1,342.8,549.01
649,1,343.91,549.34
650,1,345.03,549.6
651,1,346.16,549.79
652,1,347.31,549.92
653,1,348.46,549.98
654,1,349.61,549.96
655,1,350.78,549.88
656,1,351.96,549.73
657,1,353.14,549.51
658,1,354.33,549.21
659,1,355.53,548.85
660,1,356.74,548.41
661,1,357.95,547.9
662,1,359.17,547.32
663,1,360.4,546.67
664,1,361.64,545.94
665,1,362.88,545.13
666,1,364.13,544.25
667,1,365.38,543.3
668,1,366.64,542.27
669,1,367.91,541.17
670,1,369.18,539.98
671,1,370.46,538.72
672,1,371.75,537.39
673,1,373.04,535.97
674,1,374.33,534.48
675,1,375.63,532.91
676,1,376.94,531.27
677,1,378.25,529.54
678,1,379.56,527.73
679,1,380.89,525.85
680,1,382.21,523.89
681,1,383.54,521.84
682,1,384.87,519.72
683,1,386.21,517.52
684,1,387.55,515.24
685,1,388.9,512.89
686,1,390.25,510.45
687,1,391.6,507.94
688,1,392.96,505.35
689,1,394.32,502.68
690,1,395.68,499.94
691,1,397.05,497.12
692,1,398.41,494.23
693,1,399.78,491.26
694,1,401.15,488.22
695,1,402.52,485.11
696,1,403.89,481.93
697,1,405.27,478.67
698,1,406.64,475.35
699,1,408.01,471.96
700,1,409.39,468.51
701,1,410.76,464.99
702,1,412.13,461.4
703,1,413.5,457.76
704,1,414.86,454.06
705,1,416.23,450.3
706,1,417.59,446.48
707,1,418.95,442.61
708,1,420.3,438.68
709,1,421.65,434.71
710,1,422.99,430.69
711,1,424.33,426.62
712,1,425.67,422.51
713,1,426.99,418.35
714,1,428.31,414.16
715,1,429.63,409.93
716,1,430.93,405.67
717,1,432.23,401.37
718,1,433.52,397.04
719,1,434.8,392.69
720,1,436.07,388.3
721,1,437.33,383.9
722,1,438.57,379.48
723,1,439.81,375.03
724,1,441.04,370.57
725,1,442.25,366.1
726,1,443.45,361.61
727,1,444.63,357.12
728,1,445.8,352.62
729,1,446.96,348.11
730,1,448.1,343.6
731,1,449.23,339.08
732,1,450.34,334.57
733,1,451.43,330.06
734,1,452.51,325.55
735,1,453.57,321.05
736,1,454.61,316.56
737,1,455.64,312.07
738,1,456.65,307.6
739,1,457.63,303.13
740,1,458.6,298.68
741,1,459.55,294.24
742,1,460.48,289.82
743,1,461.39,285.42
744,1,462.28,281.03
745,1,463.15,276.66
746,1,464,272.31
747,1,464.83,267.98
748,1,465.64,263.67
749,1,466.43,259.39
750,1,467.2,255.12
751,1,467.95,250.88
752,1,468.68,246.67
753,1,469.39,242.48
754,1,470.08,238.31
755,1,470.75,234.17
756,1,471.39,230.06
757,1,472.02,225.98
758,1,472.63,221.92
759,1,473.22,217.89
760,1,473.79,213.89
761,1,474.33,209.92
762,1,474.86,205.99
763,1,475.37,202.08
764,1,475.87,198.2
765,1,476.34,194.36
766,1,476.79,190.55
767,1,477.23,186.77
768,1,477.65,183.03
769,1,478.04,179.33
770,1,478.43,175.65
771,1,478.79,172.02
772,1,479.14,168.43
773,1,479.47,164.87
774,1,479.78,161.35
775,1,480.08,157.87
776,1,480.36,154.43
777,1,480.62,151.04
778,1,480.87,147.69
779,1,481.1,144.38
780,1,481.32,141.11
781,1,481.52,137.89
782,1,481.71,134.72
783,1,481.89,131.59
784,1,482.05,128.51
785,1,482.19,125.48
786,1,482.33,122.5
787,1,482.45,119.57
788,1,482.56,116.69
789,1,482.66,113.86
790,1,482.74,111.08
791,1,482.81,108.35
792,1,482.87,105.68
793,1,482.93,103.07
794,1,482.97,100.51
795,1,483,98.002
796,1,483.02,95.554
797,1,483.03,93.163
798,1,483.03,90.83
799,1,483.02,88.556
800,1,483,86.341
801,1,482.98,84.186
802,1,482.95,82.092
803,1,482.91,80.06
804,1,482.86,78.089
805,1,482.8,76.181
806,1,482.74,74.337
807,1,482.67,72.557
808,1,482.6,70.843
809,1,482.52,69.194
810,1,482.44,67.612
811,1,482.35,66.097
812,1,482.25,64.651
813,1,482.15,63.274
814,1,482.05,61.968
815,1,481.94,60.733
816,1,481.83,59.569
817,1,481.72,58.479
818,1,481.6,57.463
819,1,481.48,56.522
820,1,481.35,55.657
821,1,481.23,54.87
822,1,481.1,54.161
823,1,480.97,53.531
824,1,480.84,52.982
825,1,480.71,52.515
826,1,480.58,52.13
827,1,480.44,51.829
828,1,480.31,51.613
829,1,480.17,51.483
830,1,480.03,51.441
831,1,479.9,51.486
832,1,479.76,51.621
833,1,479.62,51.847
834,1,479.49,52.164
835,1,479.35,52.573
836,1,479.22,53.076
837,1,479.08,53.674
838,1,478.95,54.367
839,1,478.82,55.156
840,1,478.68,56.043
841,1,478.55,57.028
842,1,478.42,58.112
843,1,478.3,59.296
844,1,478.17,60.581
845,1,478.04,61.967
846,1,477.92,63.456
847,1,477.8,65.047
848,1,477.68,66.742
849,1,477.56,68.54
850,1,477.44,70.443
851,1,477.32,72.451
852,1,477.21,74.565
853,1,477.1,76.784
854,1,476.99,79.108
855,1,476.88,81.539
856,1,476.77,84.076
857,1,476.66,86.719
858,1,476.56,89.468
859,1,476.46,92.322
860,1,476.36,95.282
861,1,476.26,98.347
862,1,476.17,101.52
863,1,476.08,104.79
864,1,475.98,108.17
865,1,475.9,111.64
866,1,475.81,115.22
867,1,475.72,118.9
868,1,475.64,122.68
869,1,475.56,126.56
870,1,475.48,130.53
871,1,475.41,134.59
872,1,475.33,138.75
873,1,475.26,143
874,1,475.19,147.33
875,1,475.12,151.76
876,1,475.06,156.26
877,1,475,160.85
878,1,474.94,165.52
879,1,474.88,170.26
880,1,474.82,175.07
881,1,474.77,179.96
882,1,474.72,184.91
883,1,474.67,189.92
884,1,474.63,195
885,1,474.59,200.13
886,1,474.55,205.32
887,1,474.52,210.55
888,1,474.48,215.83
889,1,474.46,221.16
890,1,474.43,226.52
891,1,474.41,231.92
892,1,474.39,237.35
893,1,474.38,242.8
894,1,474.37,248.28
895,1,474.37,253.77
896,1,474.37,259.28
897,1,474.37,264.81
898,1,474.38,270.33
899,1,474.39,275.86
900,1,474.41,281.39
901,1,474.44,286.91
902,1,474.47,292.42
903,1,474.5,297.91
904,1,474.54,303.39
905,1,474.59,308.85
906,1,474.64,314.28
907,1,474.7,319.68
908,1,474.76,325.05
909,1,474.83,330.38
910,1,474.91,335.67
911,1,474.99,340.92
912,1,475.08,346.12
913,1,475.18,351.28
914,1,475.29,356.38
915,1,475.4,361.43
916,1,475.52,366.41
917,1,475.65,371.34
918,1,475.78,376.21
919,1,475.92,381.01
920,1,476.08,385.75
921,1,476.24,390.42
922,1,476.4,395.02
923,1,476.58,399.55
924,1,476.77,404.01
925,1,476.96,408.39
926,1,477.17,412.7
927,1,477.38,416.93
928,1,477.6,421.08
929,1,477.83,425.16
930,1,478.08,429.16
931,1,478.33,433.08
932,1,478.59,436.92
933,1,478.86,440.68
934,1,479.14,444.36
935,1,479.44,447.97
936,1,479.74,451.49
937,1,480.05,454.93
938,1,480.38,458.29
939,1,480.71,461.57
940,1,481.06,464.78
941,1,481.41,467.9
942,1,481.78,470.94
943,1,482.16,473.91
944,1,482.55,476.8
945,1,482.95,479.61
946,1,483.37,482.35
947,1,483.79,485.01
948,1,484.23,487.59
949,1,484.68,490.1
950,1,485.14,492.53
951,1,485.62,494.9
952,1,486.1,497.19
953,1,486.6,499.4
954,1,487.11,501.55
955,1,487.63,503.62
956,1,488.17,505.63
957,1,488.72,507.57
958,1,489.28,509.44
959,1,489.85,511.24
960,1,490.44,512.97
961,1,491.04,514.64
962,1,491.66,516.24
963,1,492.28,517.78
964,1,492.92,519.25
965,1,493.58,520.67
966,1,494.24,522.01
967,1,494.92,523.3
968,1,495.61,524.52
969,1,496.32,525.68
970,1,497.04,526.79
971,1,497.77,527.83
972,1,498.51,528.81
973,1,499.27,529.73
974,1,500.05,530.6
975,1,500.83,531.4
976,1,501.63,532.15
977,1,502.44,532.83
978,1,503.27,533.46
979,1,504.11,534.03
980,1,504.96,534.55
981,1,505.83,535
982,1,506.71,535.4
983,1,507.6,535.74
984,1,508.51,536.02
985,1,509.43,536.25
986,1,510.36,536.42
987,1,511.31,536.52
988,1,512.27,536.57
989,1,513.25,536.57
990,1,514.24,536.5
991,1,515.24,536.37
992,1,516.26,536.19
993,1,517.3,535.95
994,1,518.34,535.64
995,1,519.4,535.28
996,1,520.48,534.85
997,1,521.57,534.36
998,1,522.67,533.82
999,1,523.79,533.21
1000,1,524.93,532.53
1001,1,526.08,531.8
1002,1,527.24,531
1003,1,528.42,530.14
1004,1,529.61,529.21
1005,1,530.82,528.22
1006,1,532.05,527.17
1007,1,533.29,526.04
1008,1,534.54,524.86
1009,1,535.82,523.61
1010,1,537.1,522.29
1011,1,538.4,520.9
1012,1,539.72,519.45
1013,1,541.06,517.93
1014,1,542.41,516.34
1015,1,543.77,514.68
1016,1,545.15,512.96
1017,1,546.55,511.16
1018,1,547.96,509.3
1019,1,549.39,507.37
1020,1,550.83,505.37
1021,1,552.29,503.31
1022,1,553.76,501.17
1023,1,555.25,498.96
1024,1,556.75,496.69
1025,1,558.26,494.35
1026,1,559.79,491.94
1027,1,561.33,489.46
1028,1,562.89,486.91
1029,1,564.46,484.29
1030,1,566.03,481.6
1031,1,567.63,478.85
1032,1,569.23,476.03
1033,1,570.84,473.14
1034,1,572.46,470.18
1035,1,574.1,467.16
1036,1,575.74,464.06
1037,1,577.39,460.9
1038,1,579.05,457.68
1039,1,580.71,454.38
1040,1,582.38,451.02
1041,1,584.06,447.59
1042,1,585.75,444.09
1043,1,587.44,440.53
1044,1,589.13,436.9
1045,1,590.83,433.2
1046,1,592.53,429.43
1047,1,594.23,425.6
1048,1,595.93,421.71
1049,1,597.64,417.75
1050,1,599.34,413.72
1051,1,601.05,409.63
1052,1,602.75,405.47
1053,1,604.46,401.25
1054,1,606.16,396.96
1055,1,607.85,392.62
1056,1,609.55,388.21
1057,1,611.24,383.73
1058,1,612.92,379.2
1059,1,614.6,374.61
1060,1,616.28,369.96
1061,1,617.95,365.25
1062,1,619.61,360.48
1063,1,621.26,355.66
1064,1,622.9,350.78
1065,1,624.54,345.85
1066,1,626.16,340.87
1067,1,627.77,335.84
1068,1,629.38,330.76
1069,1,630.97,325.63
1070,1,632.55,320.46
1071,1,634.11,315.25
1072,1,635.66,310.01
1073,1,637.2,304.72
1074,1,638.72,299.4
1075,1,640.23,294.05
1076,1,641.72,288.67
1077,1,643.19,283.26
1078,1,644.65,277.84
1079,1,646.08,272.39
1080,1,647.5,266.93
1081,1,648.9,261.45
1082,1,650.27,255.97
1083,1,651.63,250.48
1084,1,652.97,244.99
1085,1,654.28,239.5
1086,1,655.57,234.01
1087,1,656.84,228.54
1088,1,658.08,223.08
1089,1,659.3,217.64
1090,1,660.5,212.21
1091,1,661.67,206.82
1092,1,662.81,201.45
1093,1,663.93,196.12
1094,1,665.03,190.82
1095,1,666.1,185.56
1096,1,667.14,180.35
1097,1,668.16,175.19
1098,1,669.15,170.08
1099,1,670.11,165.02
1100,1,671.05,160.02
1101,1,671.96,155.09
1102,1,672.85,150.22
1103,1,673.7,145.42
1104,1,674.54,140.7
1105,1,675.34,136.05
1106,1,676.12,131.48
1107,1,676.88,126.99
1108,1,677.61,122.59
1109,1,678.31,118.27
1110,1,678.99,114.05
1111,1,679.65,109.91
1112,1,680.28,105.88
1113,1,680.89,101.93
1114,1,681.47,98.093
1115,1,682.03,94.351
1116,1,682.57,90.713
1117,1,683.08,87.18
1118,1,683.58,83.752
1119,1,684.05,80.433
1120,1,684.5,77.223
1121,1,684.94,74.124
1122,1,685.35,71.137
1123,1,685.74,68.264
1124,1,686.11,65.504
1125,1,686.47,62.86
1126,1,686.81,60.333
1127,1,687.13,57.923
1128,1,687.43,55.631
1129,1,687.71,53.459
1130,1,687.98,51.406
1131,1,688.24,49.475
1132,1,688.47,47.665
1133,1,688.7,45.977
1134,1,688.91,44.412
1135,1,689.1,42.971
1136,1,689.29,41.654
1137,1,689.46,40.462
1138,1,689.61,39.395
1139,1,689.76,38.454
1140,1,689.89,37.64
1141,1,690.01,36.953
1142,1,690.13,36.394
1143,1,690.23,35.963
1144,1,690.32,35.66
1145,1,690.4,35.486
1146,1,690.47,35.442
1147,1,690.54,35.527
1148,1,690.6,35.743
1149,1,690.65,36.089
1150,1,690.69,36.565
1151,1,690.73,37.173
1152,1,690.76,37.912
1153,1,690.78,38.782
1154,1,690.8,39.784
1155,1,690.81,40.918
1156,1,690.82,42.184
1157,1,690.83,43.581
1158,1,690.83,45.111
1159,1,690.83,46.772
1160,1,690.83,48.566
1161,1,690.83,50.49
1162,1,690.82,52.547
1163,1,690.82,54.735
1164,1,690.81,57.053
1165,1,690.8,59.502
1166,1,690.8,62.081
1167,1,690.79,64.79
1168,1,690.78,67.627
1169,1,690.78,70.593
1170,1,690.78,73.685
1171,1,690.78,76.904
1172,1,690.79,80.248
1173,1,690.8,83.716
1174,1,690.81,87.307
1175,1,690.83,91.019
1176,1,690.85,94.85
1177,1,690.88,98.799
1178,1,690.92,102.86
1179,1,690.96,107.04
1180,1,691.01,111.33
1181,1,691.06,115.73
1182,1,691.12,120.23
1183,1,691.2,124.84
1184,1,691.28,129.55
1185,1,691.37,134.35
1186,1,691.47,139.25
1187,1,691.58,144.24
1188,1,691.7,149.31
1189,1,691.83,154.47
1190,1,691.97,159.7
1191,1,692.13,165
1192,1,692.3,170.38
1193,1,692.48,175.82
1194,1,692.67,181.32
1195,1,692.88,186.88
1196,1,693.1,192.48
1197,1,693.34,198.13
1198,1,693.59,203.82
1199,1,693.85,209.55
1200,1,694.13,215.31
1201,1,694.43,221.09
1202,1,694.74,226.89
1203,1,695.07,232.7
1204,1,695.42,238.52
1205,1,695.78,244.35
1206,1,696.15,250.17
1207,1,696.55,255.98
1208,1,696.96,261.78
1209,1,697.39,267.57
1210,1,697.83,273.32
1211,1,698.29,279.05
1212,1,698.77,284.75
1213,1,699.27,290.4
1214,1,699.78,296.01
1215,1,700.31,301.57
1216,1,700.86,307.07
1217,1,701.43,312.52
1218,1,702.01,317.9
1219,1,702.61,323.21
1220,1,703.23,328.45
1221,1,703.87,333.62
1222,1,704.52,338.7
1223,1,705.19,343.69
1224,1,705.88,348.6
1225,1,706.58,353.41
1226,1,707.3,358.13
1227,1,708.04,362.74
1228,1,708.8,367.25
1229,1,709.57,371.65
1230,1,710.36,375.94
1231,1,711.16,380.11
1232,1,711.98,384.17
1233,1,712.82,388.11
1234,1,713.68,391.92
1235,1,714.55,395.61
1236,1,715.43,399.18
1237,1,716.33,402.61
1238,1,717.25,405.91
1239,1,718.18,409.08
1240,1,719.13,412.11
1241,1,720.09,415.01
1242,1,721.06,417.77
1243,1,722.05,420.39
1244,1,723.06,422.87
1245,1,724.08,425.2
1246,1,725.11,427.4
1247,1,726.16,429.45
1248,1,727.22,431.35
1249,1,728.29,433.11
1250,1,729.38,434.72
1251,1,730.48,436.19
1252,1,731.6,437.51
1253,1,732.72,438.69
1254,1,733.86,439.72
1255,1,735.01,440.6
1256,1,736.18,441.33
1257,1,737.35,441.92
1258,1,738.54,442.36
1259,1,739.74,442.65
1260,1,740.95,442.79
1261,1,742.17,442.79
1262,1,743.4,442.65
1263,1,744.64,442.36
1264,1,745.88,441.92
1265,1,747.14,441.34
1266,1,748.41,440.62
1267,1,749.68,439.75
1268,1,750.96,438.74
1269,1,752.25,437.59
1270,1,753.54,436.31
1271,1,754.84,434.88
1272,1,756.14,433.32
1273,1,757.45,431.62
1274,1,758.76,429.79
1275,1,760.07,427.82
1276,1,761.38,425.73
1277,1,762.69,423.5
1278,1,764,421.14
1279,1,765.32,418.66
1280,1,766.63,416.06
1281,1,767.93,413.33
1282,1,769.24,410.49
1283,1,770.53,407.52
1284,1,771.83,404.44
1285,1,773.11,401.25
1286,1,774.39,397.95
1287,1,775.67,394.54
1288,1,776.93,391.02
1289,1,778.18,387.4
1290,1,779.43,383.68
1291,1,780.66,379.87
1292,1,781.88,375.95
1293,1,783.09,371.95
1294,1,784.29,367.86
1295,1,785.48,363.68
1296,1,786.65,359.42
1297,1,787.8,355.08
1298,1,788.95,350.66
1299,1,790.07,346.17
1300,1,791.19,341.61
1301,1,792.28,336.98
1302,1,793.36,332.29
1303,1,794.43,327.54
1304,1,795.47,322.74
1305,1,796.5,317.89
1306,1,797.51,312.99
1307,1,798.51,308.04
1308,1,799.48,303.06
1309,1,800.44,298.04
1310,1,801.38,293
1311,1,802.3,287.93
1312,1,803.2,282.83
1313,1,804.08,277.72
1314,1,804.94,272.6
1315,1,805.78,267.48
1316,1,806.6,262.35
1317,1,807.4,257.22
1318,1,808.18,252.1
1319,1,808.94,246.99
1320,1,809.68,241.9
1321,1,810.39,236.83
1322,1,811.09,231.79
1323,1,811.76,226.78
1324,1,812.41,221.81
1325,1,813.04,216.87
1326,1,813.65,211.98
1327,1,814.23,207.14
1328,1,814.8,202.36
1329,1,815.34,197.63
1330,1,815.87,192.96
1331,1,816.37,188.37
1332,1,816.85,183.84
1333,1,817.31,179.39
1334,1,817.75,175.02
1335,1,818.17,170.73
1336,1,818.57,166.52
1337,1,818.95,162.41
1338,1,819.31,158.39
1339,1,819.66,154.48
1340,1,819.98,150.66
1341,1,820.29,146.95
1342,1,820.59,143.34
1343,1,820.86,139.85
1344,1,821.12,136.47
1345,1,821.37,133.22
1346,1,821.6,130.08
1347,1,821.82,127.07
1348,1,822.02,124.18
1349,1,822.21,121.43
1350,1,822.39,118.81
1351,1,822.56,116.32
1352,1,822.71,113.98
1353,1,822.86,111.77
1354,1,823,109.71
1355,1,823.12,107.79
1356,1,823.24,106.02
1357,1,823.36,104.4
1358,1,823.46,102.92
1359,1,823.56,101.6
1360,1,823.66,100.44
1361,1,823.74,99.43
1362,1,823.83,98.577
1363,1,823.91,97.882
1364,1,823.99,97.346
1365,1,824.06,96.969
1366,1,824.13,96.754
1367,1,824.21,96.699
1368,1,824.28,96.807
1369,1,824.35,97.077
1370,1,824.42,97.51
1371,1,824.49,98.106
1372,1,824.56,98.865
1373,1,824.63,99.787
1374,1,824.71,100.87
1375,1,824.79,102.12
1376,1,824.87,103.53
1377,1,824.96,105.1
1378,1,825.05,106.83
1379,1,825.15,108.73
1380,1,825.25,110.78
1381,1,825.36,112.99
1382,1,825.47,115.35
1383,1,825.59,117.87
1384,1,825.72,120.55
1385,1,825.85,123.37
1386,1,825.99,126.35
1387,1,826.14,129.47
1388,1,826.3,132.74
1389,1,826.47,136.15
1390,1,826.65,139.69
1391,1,826.84,143.38
1392,1,827.03,147.2
1393,1,827.24,151.15
1394,1,827.46,155.22
1395,1,827.69,159.42
1396,1,827.93,163.74
1397,1,828.18,168.17
1398,1,828.45,172.7
1399,1,828.72,177.35
1400,1,829.01,182.09
1401,1,829.31,186.93
1402,1,829.62,191.86
1403,1,829.95,196.87
1404,1,830.29,201.96
1405,1,830.64,207.12
1406,1,831,212.35
1407,1,831.38,217.64
1408,1,831.77,222.99
1409,1,832.17,228.38
1410,1,832.59,233.82
1411,1,833.02,239.29
1412,1,833.47,244.8
1413,1,833.93,250.32
1414,1,834.4,255.87
1415,1,834.88,261.42
1416,1,835.38,266.98
1417,1,835.9,272.54
1418,1,836.42,278.08
1419,1,836.97,283.62
1420,1,837.52,289.12
1421,1,838.09,294.61
1422,1,838.68,300.05
1423,1,839.27,305.46
1424,1,839.89,310.81
1425,1,840.51,316.12
1426,1,841.15,321.36
1427,1,841.81,326.54
1428,1,842.48,331.64
1429,1,843.16,336.67
1430,1,843.85,341.62
1431,1,844.56,346.47
1432,1,845.29,351.24
1433,1,846.03,355.9
1434,1,846.78,360.46
1435,1,847.54,364.91
1436,1,848.32,369.25
1437,1,849.11,373.47
1438,1,849.92,377.57
1439,1,850.74,381.54
1440,1,851.57,385.38
1441,1,852.41,389.09
1442,1,853.27,392.66
1443,1,854.14,396.1
1444,1,855.03,399.38
1445,1,855.92,402.53
1446,1,856.83,405.52
1447,1,857.75,408.36
1448,1,858.68,411.04
1449,1,859.63,413.57
1450,1,860.59,415.93
1451,1,861.56,418.14
1452,1,862.54,420.18
1453,1,863.53,422.06
1454,1,864.53,423.76
1455,1,865.55,425.3
1456,1,866.58,426.67
1457,1,867.61,427.86
1458,1,868.66,428.88
1459,1,869.72,429.73
1460,1,870.79,430.4
1461,1,871.86,430.9
1462,1,872.95,431.21
1463,1,874.05,431.35
1464,1,875.15,431.31
1465,1,876.27,431.1
1466,1,877.39,430.7
1467,1,878.52,430.13
1468,1,879.66,429.38
1469,1,880.8,428.45
1470,1,881.95,427.35
1471,1,883.11,426.07
1472,1,884.28,424.61
1473,1,885.44,422.98
1474,1,886.62,421.17
1475,1,887.8,419.2
1476,1,888.98,417.05
1477,1,890.17,414.74
1478,1,891.36,412.26
1479,1,892.56,409.62
1480,1,893.75,406.81
1481,1,894.95,403.85
1482,1,896.15,400.73
1483,1,897.35,397.46
1484,1,898.55,394.04
1485,1,899.76,390.48
1486,1,900.96,386.77
1487,1,902.16,382.93
1488,1,903.36,378.96
1489,1,904.56,374.85
1490,1,905.75,370.63
1491,1,906.94,366.29
1492,1,908.13,361.84
1493,1,909.31,357.28
1494,1,910.49,352.62
1495,1,911.66,347.87
1496,1,912.82,343.03
1497,1,913.98,338.11
1498,1,915.12,333.12
1499,1,916.26,328.06
1500,1,917.39,322.94
1501,1,918.51,317.77
1502,1,919.61,312.56
1503,1,920.71,307.31
1504,1,921.79,302.03
1505,1,922.86,296.74
1506,1,923.92,291.43
1507,1,924.96,286.11
1508,1,925.99,280.8
1509,1,927,275.49
1510,1,928,270.21
1511,1,928.99,264.95
1512,1,929.95,259.73
1513,1,930.91,254.54
1514,1,931.84,249.41
1515,1,932.76,244.33
1516,1,933.67,239.32
1517,1,934.56,234.37
1518,1,935.43,229.51
1519,1,936.29,224.73
1520,1,937.13,220.04
1521,1,937.96,215.45
1522,1,938.77,210.97
1523,1,939.57,206.59
1524,1,940.36,202.34
1525,1,941.13,198.2
1526,1,941.88,194.2
1527,1,942.63,190.33
1528,1,943.36,186.6
1529,1,944.08,183.02
1530,1,944.78,179.58
1531,1,945.48,176.3
1532,1,946.17,173.18
1533,1,946.84,170.23
1534,1,947.51,167.44
1535,1,948.16,164.82
1536,1,948.81,162.38
1537,1,949.45,160.12
1538,1,950.09,158.04
1539,1,950.71,156.14
1540,1,951.33,154.43
1541,1,951.95,152.91
1542,1,952.56,151.58
1543,1,953.16,150.44
1544,1,953.77,149.5
1545,1,954.36,148.76
1546,1,954.96,148.21
1547,1,955.56,147.86
1548,1,956.15,147.7
1549,1,956.74,147.75
1550,1,957.34,147.99
1551,1,957.93,148.43
1552,1,958.53,149.06
1553,1,959.13,149.9
1554,1,959.74,150.92
1555,1,960.35,152.14
1556,1,960.96,153.55
1557,1,961.58,155.15
1558,1,962.2,156.94
1559,1,962.84,158.9
1560,1,963.48,161.05
1561,1,964.12,163.38
1562,1,964.78,165.88
1563,1,965.45,168.55
1564,1,966.13,171.39
1565,1,966.82,174.39
1566,1,967.52,177.54
1567,1,968.24,180.85
1568,1,968.97,184.3
1569,1,969.71,187.89
1570,1,970.47,191.62
1571,1,971.24,195.48
1572,1,972.03,199.45
1573,1,972.83,203.55
1574,1,973.66,207.75
1575,1,974.49,212.06
1576,1,975.35,216.46
1577,1,976.22,220.95
1578,1,977.11,225.52
1579,1,978.02,230.16
1580,1,978.95,234.87
1581,1,979.9,239.64
1582,1,980.86,244.46
1583,1,981.85,249.32
1584,1,982.85,254.22
1585,1,983.87,259.15
1586,1,984.92,264.09
1587,1,985.98,269.05
1588,1,987.06,274.02
1589,1,988.17,278.98
1590,1,989.29,283.93
1591,1,990.43,288.87
1592,1,991.6,293.78
1593,1,992.78,298.66
1594,1,993.99,303.5
1595,1,995.21,308.29
1596,1,996.46,313.04
1597,1,997.73,317.72
1598,1,999.02,322.34
1599,1,1000.3,326.89
1600,1,1001.7,331.37
1601,1,1003,335.76
1602,1,1004.4,340.06
1603,1,1005.8,344.27
1604,1,1007.2,348.38
1605,1,1008.6,352.39
1606,1,1010.1,356.29
1607,1,1011.6,360.07
1608,1,1013.1,363.74
1609,1,1014.6,367.29
1610,1,1016.1,370.71
1611,1,1017.7,374
1612,1,1019.3,377.16
1613,1,1020.9,380.19
1614,1,1022.5,383.08
1615,1,1024.2,385.82
1616,1,1025.9,388.42
1617,1,1027.6,390.88
1618,1,1029.3,393.18
1619,1,1031,395.34
1620,1,1032.7,397.34
1621,1,1034.5,399.18
1622,1,1036.3,400.87
1623,1,1038.1,402.4
1624,1,1039.9,403.78
1625,1,1041.8,404.98
1626,1,1043.6,406.03
1627,1,1045.5,406.92
1628,1,1047.4,407.64
1629,1,1049.3,408.19
1630,1,1051.2,408.58
1631,1,1053.2,408.81
1632,1,1055.1,408.87
1633,1,1057.1,408.77
1634,1,1059,408.49
1635,1,1061,408.06
1636,1,1063,407.46
1637,1,1065,406.69
1638,1,1067,405.76
1639,1,1069,404.67
1640,1,1071,403.42
1641,1,1073,402.01
1642,1,1075,400.43
1643,1,1077.1,398.7
1644,1,1079.1,396.82
1645,1,1081.1,394.78
1646,1,1083.1,392.59
1647,1,1085.1,390.25
1648,1,1087.1,387.77
1649,1,1089.1,385.14
1650,1,1091.1,382.37
1651,1,1093.1,379.46
1652,1,1095,376.42
1653,1,1097,373.25
1654,1,1098.9,369.95
1655,1,1100.9,366.53
1656,1,1102.8,362.99
1657,1,1104.7,359.34
1658,1,1106.6,355.57
1659,1,1108.4,351.7
1660,1,1110.3,347.73
1661,1,1112.1,343.66
1662,1,1113.9,339.51
1663,1,1115.7,335.26
1664,1,1117.4,330.94
1665,1,1119.1,326.54
1666,1,1120.8,322.07
1667,1,1122.5,317.53
1668,1,1124.2,312.94
1669,1,1125.8,308.29
1670,1,1127.4,303.6
1671,1,1128.9,298.86
1672,1,1130.4,294.09
1673,1,1131.9,289.29
1674,1,1133.4,284.46
1675,1,1134.8,279.62
1676,1,1136.2,274.77
1677,1,1137.6,269.92
1678,1,1138.9,265.06
1679,1,1140.2,260.22
1680,1,1141.5,255.39
1681,1,1142.7,250.58
1682,1,1143.9,245.81
1683,1,1145.1,241.06
1684,1,1146.2,236.36
1685,1,1147.3,231.71
1686,1,1148.3,227.11
1687,1,1149.4,222.57
1688,1,1150.4,218.1
1689,1,1151.3,213.7
1690,1,1152.2,209.38
1691,1,1153.1,205.14
1692,1,1154,200.99
1693,1,1154.8,196.94
1694,1,1155.6,192.99
1695,1,1156.4,189.15
1696,1,1157.2,185.41
1697,1,1157.9,181.8
1698,1,1158.6,178.3
1699,1,1159.2,174.92
1700,1,1159.9,171.68
1701,1,1160.5,168.57
1702,1,1161.1,165.59
1703,1,1161.7,162.75
1704,1,1162.2,160.06
1705,1,1162.8,157.51
1706,1,1163.3,155.11
1707,1,1163.8,152.87
1708,1,1164.2,150.77
1709,1,1164.7,148.84
1710,1,1165.2,147.06
1711,1,1165.6,145.45
1712,1,1166,143.99
1713,1,1166.5,142.71
1714,1,1166.9,141.58
1715,1,1167.3,140.62
1716,1,1167.7,139.83
1717,1,1168.1,139.2
1718,1,1168.4,138.74
1719,1,1168.8,138.45
1720,1,1169.2,138.32
1721,1,1169.6,138.35
1722,1,1170,138.55
1723,1,1170.4,138.91
1724,1,1170.8,139.44
1725,1,1171.1,140.12
1726,1,1171.6,140.96
1727,1,1172,141.95
1728,1,1172.4,143.09
1729,1,1172.8,144.38
1730,1,1173.2,145.82
1731,1,1173.7,147.4
1732,1,1174.1,149.12
1733,1,1174.6,150.97
1734,1,1175.1,152.95
1735,1,1175.6,155.05
1736,1,1176.1,157.27
1737,1,1176.7,159.61
1738,1,1177.2,162.06
1739,1,1177.8,164.6
1740,1,1178.4,167.25
1741,1,1179,169.98
1742,1,1179.7,172.79
1743,1,1180.3,175.68
1744,1,1181,178.64
1745,1,1181.7,181.65
1746,1,1182.5,184.72
1747,1,1183.2,187.83
1748,1,1184,190.98
1749,1,1184.8,194.16
1750,1,1185.6,197.35
1751,1,1186.5,200.55
1752,1,1187.4,203.76
1753,1,1188.3,206.96
1754,1,1189.3,210.15
1755,1,1190.3,213.31
1756,1,1191.3,216.45
1757,1,1192.3,219.54
1758,1,1193.4,222.59
1759,1,1194.4,225.59
1760,1,1195.6,228.52
1761,1,1196.7,231.39
1762,1,1197.9,234.18
1763,1,1199.1,236.89
1764,1,1200.3,239.52
1765,1,1201.6,242.05
1766,1,1202.9,244.49
1767,1,1204.2,246.82
1768,1,1205.5,249.05
1769,1,1206.9,251.16
1770,1,1208.3,253.16
1771,1,1209.7,255.04
1772,1,1211.1,256.79
1773,1,1212.6,258.43
1774,1,1214.1,259.93
1775,1,1215.6,261.3
1776,1,1217.1,262.54
1777,1,1218.7,263.65
1778,1,1220.3,264.62
1779,1,1221.9,265.45
1780,1,1223.5,266.15
1781,1,1225.1,266.71
1782,1,1226.8,267.13
1783,1,1228.4,267.42
1784,1,1230.1,267.58
1785,1,1231.8,267.59
1786,1,1233.5,267.48
1787,1,1235.2,267.24
1788,1,1237,266.86
1789,1,1238.7,266.36
1790,1,1240.4,265.74
1791,1,1242.2,265
1792,1,1243.9,264.13
1793,1,1245.7,263.16
1794,1,1247.4,262.07
1795,1,1249.2,260.88
1796,1,1250.9,259.59
1797,1,1252.6,258.2
1798,1,1254.4,256.72
1799,1,1256.1,255.15
1800,1,1257.8,253.51
1801,1,1259.5,251.78
1802,1,1261.2,249.98
1803,1,1262.9,248.12
1804,1,1264.5,246.2
1805,1,1266.2,244.22
1806,1,1267.8,242.2
1807,1,1269.4,240.13
1808,1,1271,238.03
1809,1,1272.6,235.9
1810,1,1274.1,233.75
1811,1,1275.6,231.58
1812,1,1277.1,229.4
1813,1,1278.6,227.22
1814,1,1280.1,225.05
1815,1,1281.5,222.88
1816,1,1282.9,220.73
1817,1,1284.3,218.61
1818,1,1285.6,216.52
1819,1,1286.9,214.46
1820,1,1288.2,212.45
1821,1,1289.5,210.5
1822,1,1290.8,208.6
1823,1,1292,206.76
1824,1,1293.2,204.99
1825,1,1294.4,203.31
1826,1,1295.6,201.7
1827,1,1296.7,200.18
1828,1,1297.8,198.76
1829,1,1298.9,197.43
1830,1,1300,196.21
1831,1,1301,195.09
1832,1,1302,194.09
1833,1,1303,193.21
1834,1,1304,192.45
1835,1,1305,191.82
1836,1,1305.9,191.32
1837,1,1306.9,190.95
1838,1,1307.8,190.71
1839,1,1308.7,190.62
1840,1,1309.6,190.66
1841,1,1310.4,190.86
1842,1,1311.3,191.19
1843,1,1312.1,191.68
1844,1,1313,192.31
1845,1,1313.8,193.1
1846,1,1314.6,194.04
1847,1,1315.4,195.13
1848,1,1316.2,196.38
1849,1,1317,197.78
1850,1,1317.8,199.33
1851,1,1318.6,201.04
1852,1,1319.3,202.89
1853,1,1320.1,204.91
1854,1,1320.9,207.07
1855,1,1321.6,209.38
1856,1,1322.4,211.84
1857,1,1323.2,214.45
1858,1,1323.9,217.2
1859,1,1324.7,220.09
1860,1,1325.5,223.12
1861,1,1326.3,226.29
1862,1,1327.1,229.58
1863,1,1327.8,233.01
1864,1,1328.6,236.55
1865,1,1329.4,240.22
1866,1,1330.3,244
1867,1,1331.1,247.88
1868,1,1331.9,251.87
1869,1,1332.8,255.96
1870,1,1333.6,260.14
1871,1,1334.5,264.4
1872,1,1335.4,268.75
1873,1,1336.3,273.17
1874,1,1337.2,277.65
1875,1,1338.1,282.19
1876,1,1339,286.79
1877,1,1340,291.43
1878,1,1340.9,296.11
1879,1,1341.9,300.82
1880,1,1342.9,305.56
1881,1,1343.9,310.31
1882,1,1344.9,315.08
1883,1,1346,319.85
1884,1,1347,324.61
1885,1,1348.1,329.36
1886,1,1349.2,334.09
1887,1,1350.3,338.8
1888,1,1351.4,343.47
1889,1,1352.5,348.1
1890,1,1353.7,352.68
1891,1,1354.8,357.21
1892,1,1356,361.67
1893,1,1357.2,366.07
1894,1,1358.4,370.39
1895,1,1359.7,374.64
1896,1,1360.9,378.79
1897,1,1362.2,382.85
1898,1,1363.5,386.81
1899,1,1364.8,390.67
1900,1,1366.1,394.42
1901,1,1367.4,398.05
1902,1,1368.8,401.56
1903,1,1370.2,404.94
1904,1,1371.5,408.2
1905,1,1372.9,411.32
1906,1,1374.3,414.3
1907,1,1375.8,417.14
1908,1,1377.2,419.84
1909,1,1378.7,422.38
1910,1,1380.2,424.78
1911,1,1381.7,427.02
1912,1,1383.2,429.1
1913,1,1384.7,431.02
1914,1,1386.3,432.78
1915,1,1387.8,434.37
1916,1,1389.4,435.8
1917,1,1391,437.06
1918,1,1392.6,438.15
1919,1,1394.3,439.07
1920,1,1395.9,439.82
1921,1,1397.6,440.39
1922,1,1399.2,440.79
1923,1,1400.9,441.02
1924,1,1402.6,441.08
1925,1,1404.4,440.96
1926,1,1406.1,440.67
1927,1,1407.8,440.2
1928,1,1409.6,439.57
1929,1,1411.4,438.76
1930,1,1413.2,437.78
1931,1,1415,436.63
1932,1,1416.8,435.31
1933,1,1418.6,433.82
1934,1,1420.5,432.17
1935,1,1422.3,430.36
1936,1,1424.2,428.39
1937,1,1426,426.26
1938,1,1427.9,423.98
1939,1,1429.8,421.54
1940,1,1431.7,418.95
1941,1,1433.5,416.22
1942,1,1435.4,413.35
1943,1,1437.3,410.34
1944,1,1439.2,407.2
1945,1,1441.1,403.93
1946,1,1443,400.53
1947,1,1444.9,397.01
1948,1,1446.8,393.38
1949,1,1448.7,389.64
1950,1,1450.6,385.79
1951,1,1452.4,381.85
1952,1,1454.3,377.81
1953,1,1456.1,373.68
1954,1,1458,369.47
1955,1,1459.8,365.18
1956,1,1461.6,360.82
1957,1,1463.4,356.39
1958,1,1465.2,351.9
1959,1,1466.9,347.36
1960,1,1468.7,342.78
1961,1,1470.4,338.15
1962,1,1472.1,333.49
1963,1,1473.8,328.79
1964,1,1475.4,324.08
1965,1,1477.1,319.35
1966,1,1478.7,314.61
1967,1,1480.3,309.87
1968,1,1481.8,305.13
1969,1,1483.3,300.4
1970,1,1484.8,295.7
1971,1,1486.3,291.01
1972,1,1487.7,286.35
1973,1,1489.1,281.74
1974,1,1490.5,277.17
1975,1,1491.9,272.64
1976,1,1493.2,268.18
1977,1,1494.5,263.78
1978,1,1495.7,259.45
1979,1,1496.9,255.2
1980,1,1498.1,251.03
1981,1,1499.3,246.95
1982,1,1500.4,242.96
1983,1,1501.4,239.08
1984,1,1502.5,235.3
1985,1,1503.5,231.64
1986,1,1504.5,228.09
1987,1,1505.4,224.67
1988,1,1506.3,221.37
1989,1,1507.2,218.21
1990,1,1508,215.18
1991,1,1508.8,212.29
1992,1,1509.6,209.55
1993,1,1510.3,206.95
1994,1,1511,204.51
1995,1,1511.7,202.23
1996,1,1512.3,200.1
1997,1,1512.9,198.14
1998,1,1513.5,196.34
1999,1,1514,194.71
2000,1,1514.5,193.25
2001,1,1515,191.97
2002,1,1515.4,190.86
2003,1,1515.9,189.92
2004,1,1516.2,189.17
2005,1,1516.6,188.59
2006,1,1517,188.2
2007,1,1517.3,187.98
2008,1,1517.6,187.95
2009,1,1517.9,188.1
2010,1,1518.1,188.43
2011,1,1518.4,188.95
2012,1,1518.6,189.64
2013,1,1518.8,190.52
2014,1,1519,191.58
2015,1,1519.1,192.82
2016,1,1519.3,194.23
2017,1,1519.4,195.82
2018,1,1519.5,197.59
2019,1,1519.7,199.52
2020,1,1519.8,201.63
2021,1,1519.9,203.9
2022,1,1519.9,206.34
2023,1,1520,208.93
2024,1,1520.1,211.68
2025,1,1520.2,214.59
2026,1,1520.2,217.64
2027,1,1520.3,220.83
2028,1,1520.4,224.17
2029,1,1520.5,227.63
2030,1,1520.5,231.23
2031,1,1520.6,234.95
2032,1,1520.7,238.78
2033,1,1520.8,242.72
2034,1,1520.9,246.77
2035,1,1521,250.91
2036,1,1521.1,255.13
2037,1,1521.2,259.44
2038,1,1521.4,263.82
2039,1,1521.6,268.27
2040,1,1521.7,272.77
2041,1,1521.9,277.32
2042,1,1522.1,281.91
2043,1,1522.4,286.52
2044,1,1522.6,291.16
2045,1,1522.9,295.82
2046,1,1523.2,300.47
2047,1,1523.5,305.12
2048,1,1523.9,309.76
2049,1,1524.3,314.38
2050,1,1524.7,318.96
2051,1,1525.1,323.51
2052,1,1525.6,328
2053,1,1526.1,332.44
2054,1,1526.7,336.81
2055,1,1527.2,341.1
2056,1,1527.8,345.31
2057,1,1528.5,349.43
2058,1,1529.2,353.46
2059,1,1529.9,357.37
2060,1,1530.6,361.17
2061,1,1531.4,364.85
2062,1,1532.2,368.4
2063,1,1533.1,371.82
2064,1,1534,375.09
2065,1,1534.9,378.22
2066,1,1535.9,381.19
2067,1,1537,384.01
2068,1,1538,386.65
2069,1,1539.1,389.13
2070,1,1540.3,391.44
2071,1,1541.5,393.56
2072,1,1542.7,395.51
2073,1,1544,397.26
2074,1,1545.3,398.83
2075,1,1546.7,400.2
2076,1,1548.1,401.38
2077,1,1549.5,402.36
2078,1,1551,403.13
2079,1,1552.5,403.71
2080,1,1554.1,404.08
2081,1,1555.7,404.24
2082,1,1557.3,404.2
2083,1,1559,403.95
2084,1,1560.7,403.49
2085,1,1562.4,402.83
2086,1,1564.2,401.96
2087,1,1566.1,400.89
2088,1,1567.9,399.61
2089,1,1569.8,398.12
2090,1,1571.7,396.44
2091,1,1573.7,394.55
2092,1,1575.7,392.47
2093,1,1577.7,390.2
2094,1,1579.7,387.74
2095,1,1581.8,385.09
2096,1,1583.8,382.25
2097,1,1585.9,379.24
2098,1,1588.1,376.05
2099,1,1590.2,372.7
2100,1,1592.4,369.18
2101,1,1594.5,365.51
2102,1,1596.7,361.69
2103,1,1598.9,357.72
2104,1,1601.1,353.61
2105,1,1603.3,349.38
2106,1,1605.5,345.02
2107,1,1607.7,340.55
2108,1,1609.9,335.97
2109,1,1612.1,331.29
2110,1,1614.3,326.52
2111,1,1616.5,321.67
2112,1,1618.7,316.74
2113,1,1620.8,311.75
2114,1,1623,306.7
2115,1,1625.1,301.6
2116,1,1627.2,296.47
2117,1,1629.2,291.3
2118,1,1631.3,286.11
2119,1,1633.3,280.91
2120,1,1635.3,275.71
2121,1,1637.3,270.51
2122,1,1639.2,265.33
2123,1,1641.1,260.16
2124,1,1642.9,255.03
2125,1,1644.7,249.93
2126,1,1646.5,244.88
2127,1,1648.2,239.88
2128,1,1649.9,234.94
2129,1,1651.6,230.07
2130,1,1653.2,225.27
2131,1,1654.7,220.55
2132,1,1656.2,215.92
2133,1,1657.7,211.38
2134,1,1659.1,206.93
2135,1,1660.5,202.59
2136,1,1661.8,198.35
2137,1,1663.1,194.22
2138,1,1664.3,190.21
2139,1,1665.5,186.32
2140,1,1666.6,182.54
2141,1,1667.7,178.9
2142,1,1668.8,175.37
2143,1,1669.7,171.98
2144,1,1670.7,168.72
2145,1,1671.6,165.59
2146,1,1672.4,162.59
2147,1,1673.3,159.73
2148,1,1674,157
2149,1,1674.7,154.41
2150,1,1675.4,151.95
2151,1,1676.1,149.63
2152,1,1676.7,147.44
2153,1,1677.2,145.38
2154,1,1677.7,143.46
2155,1,1678.2,141.66
2156,1,1678.7,139.99
2157,1,1679.1,138.44
2158,1,1679.5,137.01
2159,1,1679.8,135.7
2160,1,1680.1,134.51
2161,1,1680.4,133.43
2162,1,1680.6,132.46
2163,1,1680.9,131.59
2164,1,1681.1,130.81
2165,1,1681.2,130.14
2166,1,1681.4,129.55
2167,1,1681.5,129.05
2168,1,1681.6,128.62
2169,1,1681.7,128.27
2170,1,1681.8,127.99
2171,1,1681.8,127.76
2172,1,1681.9,127.59
