1,1,346,94.028
2,1,346,94.029
3,1,346,94.029
4,1,346,94.03
5,1,346,94.03
6,1,346,94.031
7,1,346,94.031
8,1,346,94.032
9,1,346,94.032
10,1,346,94.032
11,1,346,94.033
12,1,346,94.033
13,1,346,94.033
14,1,346,94.033
15,1,346,94.033
16,1,346,94.033
17,1,346,94.034
18,1,346,94.034
19,1,346,94.033
20,1,346,94.033
21,1,346,94.033
22,1,346,94.033
23,1,346,94.033
24,1,346,94.032
25,1,346,94.032
26,1,346,94.031
27,1,346,94.031
28,1,346,94.03
29,1,346,94.029
30,1,346,94.029
31,1,346,94.028
32,1,346,94.027
33,1,346,94.026
34,1,346,94.024
35,1,346,94.023
36,1,346,94.021
37,1,346,94.02
38,1,346,94.018
39,1,346,94.016
40,1,346,94.014
41,1,346,94.012
42,1,346,94.01
43,1,346,94.008
44,1,346,94.005
45,1,346,94.003
46,1,346,94
47,1,346,93.997
48,1,346,93.994
49,1,346,93.99
50,1,346,93.987
51,1,346,93.983
52,1,346,93.979
53,1,346,93.975
54,1,346,93.971
55,1,346,93.967
56,1,346,93.962
57,1,346,93.957
58,1,346,93.952
59,1,346,93.947
60,1,346,93.941
61,1,346,93.936
62,1,346,93.93
63,1,346,93.924
64,1,346,93.917
65,1,346,93.911
66,1,346,93.904
67,1,346,93.897
68,1,346,93.89
69,1,346,93.882
70,1,346,93.874
71,1,346,93.866
72,1,346,93.858
73,1,346,93.849
74,1,346,93.841
75,1,346,93.832
76,1,346,93.822
77,1,346,93.813
78,1,346,93.803
79,1,346,93.793
80,1,346,93.783
81,1,346,93.772
82,1,346,93.762
83,1,346,93.751
84,1,346,93.739
85,1,346,93.728
86,1,346,93.716
87,1,346,93.704
88,1,346,93.692
89,1,346,93.68
90,1,346,93.668
91,1,346,93.655
92,1,346,93.642
93,1,346,93.629
94,1,346,93.616
95,1,346,93.603
96,1,346,93.589
97,1,346,93.576
98,1,346,93.562
99,1,346,93.548
100,1,346,93.535
101,1,346,93.521
102,1,346,93.507
103,1,346,93.493
104,1,346,93.479
105,1,346,93.465
106,1,346,93.452
107,1,346,93.438
108,1,346,93.424
109,1,346,93.411
110,1,346,93.397
111,1,346,93.384
112,1,346,93.371
113,1,346,93.358
114,1,346,93.345
115,1,346,93.332
116,1,346,93.32
117,1,346,93.308
118,1,346,93.296
119,1,346,93.284
120,1,346,93.272
121,1,346,93.261
122,1,346,93.249
123,1,346,93.238
124,1,346,93.228
125,1,346,93.217
126,1,346,93.207
127,1,346,93.197
128,1,346,93.187
129,1,346,93.178
130,1,346,93.168
131,1,346,93.159
132,1,346,93.151
133,1,346,93.142
134,1,346,93.134
135,1,346,93.126
136,1,346,93.118
137,1,346,93.11
138,1,346,93.103
139,1,346,93.096
140,1,346,93.089
141,1,346,93.083
142,1,346,93.076
143,1,346,93.07
144,1,346,93.064
145,1,346,93.059
146,1,346,93.053
147,1,346,93.048
148,1,346,93.043
149,1,346,93.038
150,1,346,93.034
151,1,346,93.029
152,1,346,93.025
153,1,346,93.021
154,1,346,93.017
155,1,346,93.013
156,1,346,93.01
157,1,346,93.007
158,1,346,93.004
159,1,346,93.001
160,1,346,92.998
161,1,346,92.995
162,1,346,92.993
163,1,346,92.99
164,1,346,92.988
165,1,346,92.986
166,1,346,92.984
167,1,346,92.982
168,1,346,92.981
169,1,346,92.979
170,1,346,92.978
171,1,346,92.976
172,1,346,92.975
173,1,346,92.974
174,1,346,92.973
175,1,346,92.972
176,1,346,92.971
177,1,346,92.971
178,1,346,92.97
179,1,346,92.969
180,1,346,92.969
181,1,346,92.968
182,1,346,92.968
183,1,346,92.968
184,1,346,92.968
185,1,346,92.967
186,1,346,92.967
187,1,346,92.967
188,1,346,92.967
189,1,346,92.967
190,1,346,92.968
191,1,346,92.968
192,1,346,92.968
193,1,346,92.968
194,1,346,92.968
195,1,346,92.969
196,1,346,92.969
197,1,346,92.969
198,1,346,92.97
199,1,346,92.97
200,1,346,92.971
201,1,346,92.971
202,1,346,92.972
203,1,346,92.972
204,1,346,92.973
205,1,346,92.973
206,1,346,92.974
207,1,346,92.974
208,1,346,92.975
209,1,346,92.975
210,1,346,92.976
211,1,346,92.976
212,1,346,92.977
213,1,346,92.977
214,1,346,92.978
215,1,346,92.979
216,1,346,92.979
217,1,346,92.98
218,1,346,92.98
219,1,346,92.981
220,1,346,92.981
221,1,346,92.982
222,1,346,92.982
223,1,346,92.983
224,1,346,92.983
225,1,346,92.984
226,1,346,92.984
227,1,346,92.985
228,1,346,92.985
229,1,346,92.986
230,1,346,92.986
231,1,346,92.987
232,1,346,92.987
233,1,346,92.987
234,1,346,92.988
235,1,346,92.988
236,1,346,92.989
237,1,346,92.989
238,1,346,92.989
239,1,346,92.989
240,1,346,92.99
241,1,346,92.99
242,1,346,92.99
243,1,346,92.99
244,1,346,92.991
245,1,346,92.991
246,1,346,92.991
247,1,346,92.991
248,1,346,92.991
249,1,346,92.992
250,1,346,92.992
251,1,345.99,92.992
252,1,345.99,92.992
253,1,345.99,92.992
254,1,345.99,92.992
255,1,345.99,92.992
256,1,345.99,92.992
257,1,345.99,92.992
258,1,345.99,92.992
259,1,345.99,92.992
260,1,345.99,92.992
261,1,345.99,92.992
262,1,345.99,92.992
263,1,345.99,92.992
264,1,345.99,92.992
265,1,345.99,92.991
266,1,345.99,92.991
267,1,345.99,92.991
268,1,345.99,92.991
269,1,345.99,92.991
270,1,345.99,92.991
271,1,345.99,92.99
272,1,345.99,92.99
273,1,345.99,92.99
274,1,345.99,92.99
275,1,345.99,92.99
276,1,345.99,92.989
277,1,345.98,92.989
278,1,345.98,92.989
279,1,345.98,92.988
280,1,345.98,92.988
281,1,345.98,92.988
282,1,345.98,92.988
283,1,345.98,92.987
284,1,345.98,92.987
285,1,345.98,92.987
286,1,345.98,92.986
287,1,345.98,92.986
288,1,345.98,92.986
289,1,345.98,92.985
290,1,345.98,92.985
291,1,345.98,92.985
292,1,345.98,92.985
293,1,345.98,92.984
294,1,345.98,92.984
295,1,345.98,92.984
296,1,345.98,92.983
297,1,345.98,92.983
298,1,345.98,92.983
299,1,345.98,92.983
300,1,345.98,92.982
301,1,345.98,92.982
302,1,345.97,92.982
303,1,345.97,92.982
304,1,345.97,92.982
305,1,345.97,92.981
306,1,345.97,92.981
307,1,345.97,92.981
308,1,345.97,92.981
309,1,345.97,92.981
310,1,345.97,92.981
311,1,345.97,92.981
312,1,345.97,92.981
313,1,345.97,92.981
314,1,345.97,92.981
315,1,345.98,92.981
316,1,345.98,92.982
317,1,345.98,92.982
318,1,345.98,92.982
319,1,345.98,92.982
320,1,345.98,92.983
321,1,345.98,92.983
322,1,345.98,92.984
323,1,345.98,92.984
324,1,345.98,92.985
325,1,345.98,92.986
326,1,345.98,92.986
327,1,345.98,92.987
328,1,345.99,92.988
329,1,345.99,92.989
330,1,345.99,92.99
331,1,345.99,92.991
332,1,345.99,92.992
333,1,345.99,92.993
334,1,345.99,92.995
335,1,346,92.996
336,1,346,92.997
337,1,346,92.999
338,1,346,93.001
339,1,346.01,93.003
340,1,346.01,93.004
341,1,346.01,93.006
342,1,346.01,93.008
343,1,346.02,93.011
344,1,346.02,93.013
345,1,346.02,93.015
346,1,346.03,93.018
347,1,346.03,93.021
348,1,346.03,93.023
349,1,346.04,93.026
350,1,346.04,93.029
351,1,346.05,93.032
352,1,346.05,93.036
353,1,346.06,93.039
354,1,346.06,93.043
355,1,346.06,93.046
356,1,346.07,93.05
357,1,346.08,93.054
358,1,346.08,93.058
359,1,346.09,93.063
360,1,346.09,93.067
361,1,346.1,93.072
362,1,346.1,93.076
363,1,346.11,93.081
364,1,346.12,93.086
365,1,346.12,93.091
366,1,346.13,93.097
367,1,346.14,93.102
368,1,346.15,93.108
369,1,346.15,93.114
370,1,346.16,93.119
371,1,346.17,93.126
372,1,346.18,93.132
373,1,346.19,93.138
374,1,346.19,93.145
375,1,346.2,93.151
376,1,346.21,93.158
377,1,346.22,93.165
378,1,346.23,93.172
379,1,346.24,93.179
380,1,346.25,93.187
381,1,346.26,93.194
382,1,346.27,93.202
383,1,346.28,93.209
384,1,346.29,93.217
385,1,346.3,93.225
386,1,346.31,93.233
387,1,346.32,93.241
388,1,346.33,93.249
389,1,346.34,93.257
390,1,346.35,93.266
391,1,346.36,93.274
392,1,346.37,93.282
393,1,346.38,93.291
394,1,346.39,93.299
395,1,346.4,93.307
396,1,346.41,93.316
397,1,346.43,93.324
398,1,346.44,93.333
399,1,346.45,93.341
400,1,346.46,93.349
401,1,346.47,93.357
402,1,346.48,93.365
403,1,346.49,93.373
404,1,346.5,93.381
405,1,346.51,93.389
406,1,346.51,93.396
407,1,346.52,93.404
408,1,346.53,93.411
409,1,346.54,93.417
410,1,346.55,93.424
411,1,346.56,93.43
412,1,346.56,93.436
413,1,346.57,93.442
414,1,346.57,93.447
415,1,346.58,93.452
416,1,346.58,93.456
417,1,346.59,93.46
418,1,346.59,93.463
419,1,346.59,93.466
420,1,346.6,93.468
421,1,346.6,93.469
422,1,346.6,93.47
423,1,346.6,93.471
424,1,346.59,93.47
425,1,346.59,93.469
426,1,346.59,93.467
427,1,346.58,93.464
428,1,346.57,93.46
429,1,346.57,93.455
430,1,346.56,93.449
431,1,346.55,93.442
432,1,346.54,93.434
433,1,346.52,93.425
434,1,346.51,93.415
435,1,346.49,93.403
436,1,346.47,93.39
437,1,346.45,93.376
438,1,346.43,93.361
439,1,346.4,93.344
440,1,346.38,93.325
441,1,346.35,93.305
442,1,346.32,93.283
443,1,346.29,93.259
444,1,346.25,93.234
445,1,346.21,93.207
446,1,346.17,93.178
447,1,346.13,93.147
448,1,346.09,93.114
449,1,346.04,93.079
450,1,345.99,93.042
451,1,345.93,93.003
452,1,345.88,92.962
453,1,345.82,92.918
454,1,345.76,92.872
455,1,345.69,92.823
456,1,345.62,92.772
457,1,345.55,92.718
458,1,345.47,92.662
459,1,345.39,92.603
460,1,345.31,92.541
461,1,345.22,92.477
462,1,345.13,92.41
463,1,345.04,92.339
464,1,344.94,92.266
465,1,344.84,92.19
466,1,344.73,92.111
467,1,344.62,92.028
468,1,344.51,91.943
469,1,344.39,91.854
470,1,344.27,91.762
471,1,344.14,91.666
472,1,344.01,91.568
473,1,343.88,91.466
474,1,343.74,91.36
475,1,343.59,91.251
476,1,343.45,91.139
477,1,343.29,91.023
478,1,343.14,90.904
479,1,342.98,90.781
480,1,342.81,90.655
481,1,342.64,90.526
482,1,342.46,90.392
483,1,342.29,90.256
484,1,342.1,90.116
485,1,341.92,89.972
486,1,341.72,89.825
487,1,341.53,89.675
488,1,341.33,89.521
489,1,341.12,89.365
490,1,340.91,89.205
491,1,340.7,89.041
492,1,340.49,88.875
493,1,340.27,88.706
494,1,340.05,88.534
495,1,339.82,88.359
496,1,339.59,88.182
497,1,339.36,88.002
498,1,339.12,87.82
499,1,338.89,87.636
500,1,338.65,87.449
501,1,338.41,87.261
502,1,338.16,87.071
503,1,337.92,86.88
504,1,337.67,86.688
505,1,337.43,86.494
506,1,337.18,86.3
507,1,336.93,86.105
508,1,336.68,85.91
509,1,336.44,85.715
510,1,336.19,85.52
511,1,335.95,85.326
512,1,335.7,85.132
513,1,335.46,84.94
514,1,335.22,84.748
515,1,334.98,84.558
516,1,334.75,84.37
517,1,334.51,84.183
518,1,334.28,83.999
519,1,334.06,83.816
520,1,333.83,83.635
521,1,333.61,83.457
522,1,333.4,83.282
523,1,333.18,83.109
524,1,332.97,82.938
525,1,332.77,82.771
526,1,332.57,82.606
527,1,332.37,82.445
528,1,332.17,82.286
529,1,331.99,82.13
530,1,331.8,81.977
531,1,331.62,81.828
532,1,331.44,81.682
533,1,331.27,81.539
534,1,331.1,81.399
535,1,330.94,81.262
536,1,330.78,81.128
537,1,330.63,80.998
538,1,330.48,80.871
539,1,330.33,80.747
540,1,330.19,80.627
541,1,330.06,80.51
542,1,329.92,80.395
543,1,329.8,80.284
544,1,329.67,80.176
545,1,329.55,80.072
546,1,329.44,79.97
547,1,329.33,79.871
548,1,329.22,79.775
549,1,329.12,79.683
550,1,329.02,79.593
551,1,328.92,79.506
552,1,328.83,79.421
553,1,328.75,79.34
554,1,328.66,79.261
555,1,328.58,79.185
556,1,328.5,79.112
557,1,328.43,79.041
558,1,328.36,78.973
559,1,328.29,78.907
560,1,328.23,78.843
561,1,328.17,78.782
562,1,328.11,78.724
563,1,328.06,78.667
564,1,328.01,78.613
565,1,327.96,78.561
566,1,327.91,78.512
567,1,327.87,78.464
568,1,327.83,78.418
569,1,327.79,78.375
570,1,327.76,78.333
571,1,327.73,78.293
572,1,327.69,78.255
573,1,327.67,78.219
574,1,327.64,78.185
575,1,327.61,78.153
576,1,327.59,78.122
577,1,327.57,78.093
578,1,327.55,78.065
579,1,327.54,78.039
580,1,327.52,78.015
581,1,327.51,77.992
582,1,327.49,77.97
583,1,327.48,77.95
584,1,327.47,77.931
585,1,327.47,77.913
586,1,327.46,77.897
587,1,327.45,77.881
588,1,327.45,77.867
589,1,327.45,77.854
590,1,327.44,77.842
591,1,327.44,77.831
592,1,327.44,77.821
593,1,327.44,77.812
594,1,327.44,77.803
595,1,327.44,77.796
596,1,327.45,77.789
597,1,327.45,77.782
598,1,327.45,77.777
599,1,327.46,77.772
600,1,327.46,77.768
601,1,327.47,77.764
602,1,327.47,77.761
603,1,327.48,77.758
604,1,327.49,77.755
605,1,327.49,77.753
606,1,327.5,77.752
607,1,327.51,77.75
608,1,327.51,77.749
609,1,327.52,77.748
610,1,327.53,77.748
611,1,327.54,77.747
612,1,327.54,77.747
613,1,327.55,77.746
614,1,327.56,77.746
615,1,327.57,77.745
616,1,327.58,77.745
617,1,327.58,77.745
618,1,327.59,77.744
619,1,327.6,77.744
620,1,327.6,77.743
621,1,327.61,77.742
622,1,327.62,77.741
623,1,327.62,77.739
624,1,327.63,77.738
625,1,327.64,77.736
626,1,327.64,77.734
627,1,327.65,77.731
628,1,327.65,77.728
629,1,327.66,77.725
630,1,327.66,77.721
631,1,327.67,77.717
632,1,327.67,77.712
633,1,327.67,77.707
634,1,327.67,77.701
635,1,327.68,77.695
636,1,327.68,77.688
637,1,327.68,77.681
638,1,327.68,77.673
639,1,327.68,77.664
640,1,327.68,77.655
641,1,327.68,77.645
642,1,327.68,77.634
643,1,327.68,77.623
644,1,327.68,77.611
645,1,327.68,77.599
646,1,327.67,77.586
647,1,327.67,77.572
648,1,327.67,77.557
649,1,327.66,77.541
650,1,327.66,77.525
651,1,327.65,77.508
652,1,327.65,77.49
653,1,327.64,77.472
654,1,327.64,77.452
655,1,327.63,77.432
656,1,327.62,77.411
657,1,327.62,77.39
658,1,327.61,77.367
659,1,327.6,77.344
660,1,327.59,77.32
661,1,327.58,77.296
662,1,327.57,77.27
663,1,327.56,77.244
664,1,327.55,77.217
665,1,327.54,77.189
666,1,327.53,77.161
667,1,327.52,77.132
668,1,327.5,77.102
669,1,327.49,77.072
670,1,327.48,77.041
671,1,327.47,77.009
672,1,327.45,76.977
673,1,327.44,76.944
674,1,327.43,76.911
675,1,327.42,76.877
676,1,327.4,76.843
677,1,327.39,76.809
678,1,327.38,76.774
679,1,327.36,76.739
680,1,327.35,76.703
681,1,327.33,76.668
682,1,327.32,76.632
683,1,327.31,76.596
684,1,327.29,76.56
685,1,327.28,76.524
686,1,327.27,76.488
687,1,327.26,76.453
688,1,327.25,76.417
689,1,327.23,76.382
690,1,327.22,76.348
691,1,327.21,76.314
692,1,327.2,76.28
693,1,327.19,76.247
694,1,327.18,76.215
695,1,327.18,76.184
696,1,327.17,76.153
697,1,327.16,76.124
698,1,327.16,76.096
699,1,327.15,76.07
700,1,327.15,76.045
701,1,327.15,76.021
702,1,327.14,75.999
703,1,327.14,75.979
704,1,327.15,75.961
705,1,327.15,75.946
706,1,327.15,75.932
707,1,327.16,75.921
708,1,327.17,75.912
709,1,327.18,75.907
710,1,327.19,75.904
711,1,327.2,75.905
712,1,327.22,75.908
713,1,327.23,75.916
714,1,327.25,75.927
715,1,327.28,75.942
716,1,327.3,75.961
717,1,327.33,75.984
718,1,327.36,76.012
719,1,327.39,76.044
720,1,327.42,76.082
721,1,327.46,76.125
722,1,327.5,76.173
723,1,327.55,76.227
724,1,327.6,76.286
725,1,327.65,76.352
726,1,327.7,76.424
727,1,327.76,76.503
728,1,327.82,76.589
729,1,327.89,76.682
730,1,327.96,76.782
731,1,328.03,76.89
732,1,328.11,77.006
733,1,328.19,77.13
734,1,328.28,77.263
735,1,328.37,77.404
736,1,328.47,77.555
737,1,328.57,77.715
738,1,328.68,77.884
739,1,328.79,78.063
740,1,328.91,78.253
741,1,329.03,78.453
742,1,329.16,78.663
743,1,329.29,78.885
744,1,329.43,79.118
745,1,329.57,79.362
746,1,329.72,79.618
747,1,329.88,79.887
748,1,330.04,80.168
749,1,330.2,80.461
750,1,330.38,80.767
751,1,330.56,81.087
752,1,330.74,81.419
753,1,330.94,81.766
754,1,331.14,82.126
755,1,331.34,82.5
756,1,331.55,82.889
757,1,331.77,83.292
758,1,332,83.71
759,1,332.23,84.142
760,1,332.47,84.59
761,1,332.71,85.052
762,1,332.96,85.53
763,1,333.22,86.023
764,1,333.48,86.532
765,1,333.75,87.056
766,1,334.03,87.596
767,1,334.31,88.151
768,1,334.6,88.723
769,1,334.9,89.309
770,1,335.2,89.912
771,1,335.5,90.53
772,1,335.82,91.163
773,1,336.13,91.812
774,1,336.46,92.477
775,1,336.79,93.157
776,1,337.12,93.852
777,1,337.46,94.562
778,1,337.8,95.288
779,1,338.15,96.028
780,1,338.5,96.784
781,1,338.85,97.554
782,1,339.21,98.338
783,1,339.57,99.137
784,1,339.93,99.951
785,1,340.3,100.78
786,1,340.66,101.62
787,1,341.03,102.48
788,1,341.4,103.35
789,1,341.77,104.23
790,1,342.15,105.13
791,1,342.52,106.04
792,1,342.89,106.96
793,1,343.27,107.9
794,1,343.64,108.85
795,1,344.02,109.82
796,1,344.39,110.8
797,1,344.76,111.79
798,1,345.13,112.79
799,1,345.5,113.81
800,1,345.87,114.85
801,1,346.24,115.89
802,1,346.61,116.96
803,1,346.97,118.03
804,1,347.34,119.12
805,1,347.7,120.22
806,1,348.06,121.34
807,1,348.42,122.48
808,1,348.77,123.63
809,1,349.13,124.79
810,1,349.48,125.97
811,1,349.82,127.17
812,1,350.17,128.38
813,1,350.51,129.61
814,1,350.85,130.85
815,1,351.19,132.11
816,1,351.52,133.39
817,1,351.86,134.69
818,1,352.18,136
819,1,352.51,137.33
820,1,352.83,138.68
821,1,353.15,140.04
822,1,353.46,141.42
823,1,353.78,142.83
824,1,354.08,144.25
825,1,354.39,145.68
826,1,354.69,147.14
827,1,354.98,148.61
828,1,355.27,150.11
829,1,355.56,151.62
830,1,355.84,153.15
831,1,356.12,154.7
832,1,356.39,156.27
833,1,356.66,157.86
834,1,356.93,159.46
835,1,357.19,161.09
836,1,357.44,162.73
837,1,357.69,164.39
838,1,357.94,166.07
839,1,358.18,167.77
840,1,358.41,169.49
841,1,358.64,171.22
842,1,358.86,172.98
843,1,359.08,174.75
844,1,359.3,176.53
845,1,359.51,178.34
846,1,359.71,180.16
847,1,359.91,182
848,1,360.1,183.85
849,1,360.29,185.72
850,1,360.47,187.61
851,1,360.65,189.51
852,1,360.82,191.43
853,1,360.99,193.36
854,1,361.15,195.31
855,1,361.31,197.27
856,1,361.46,199.25
857,1,361.62,201.24
858,1,361.76,203.24
859,1,361.9,205.26
860,1,362.04,207.29
861,1,362.18,209.33
862,1,362.31,211.39
863,1,362.44,213.45
864,1,362.57,215.54
865,1,362.69,217.63
866,1,362.81,219.74
867,1,362.94,221.86
868,1,363.05,223.99
869,1,363.17,226.14
870,1,363.29,228.3
871,1,363.4,230.47
872,1,363.52,232.66
873,1,363.64,234.85
874,1,363.75,237.06
875,1,363.87,239.29
876,1,363.99,241.53
877,1,364.11,243.78
878,1,364.23,246.04
879,1,364.35,248.32
880,1,364.48,250.61
881,1,364.61,252.91
882,1,364.74,255.23
883,1,364.87,257.56
884,1,365.01,259.9
885,1,365.16,262.26
886,1,365.31,264.63
887,1,365.46,267.01
888,1,365.62,269.41
889,1,365.78,271.82
890,1,365.96,274.24
891,1,366.14,276.68
892,1,366.32,279.13
893,1,366.52,281.59
894,1,366.72,284.06
895,1,366.93,286.55
896,1,367.15,289.05
897,1,367.37,291.56
898,1,367.61,294.08
899,1,367.86,296.62
900,1,368.12,299.16
901,1,368.38,301.72
902,1,368.66,304.29
903,1,368.95,306.87
904,1,369.26,309.46
905,1,369.57,312.06
906,1,369.9,314.67
907,1,370.24,317.29
908,1,370.59,319.92
909,1,370.96,322.56
910,1,371.34,325.21
911,1,371.74,327.87
912,1,372.14,330.53
913,1,372.57,333.2
914,1,373.01,335.88
915,1,373.46,338.57
916,1,373.93,341.26
917,1,374.42,343.96
918,1,374.92,346.66
919,1,375.44,349.36
920,1,375.97,352.08
921,1,376.52,354.79
922,1,377.09,357.51
923,1,377.67,360.22
924,1,378.27,362.94
925,1,378.89,365.67
926,1,379.53,368.39
927,1,380.18,371.11
928,1,380.85,373.82
929,1,381.53,376.54
930,1,382.24,379.25
931,1,382.96,381.96
932,1,383.69,384.67
933,1,384.44,387.36
934,1,385.21,390.05
935,1,386,392.74
936,1,386.8,395.41
937,1,387.62,398.08
938,1,388.45,400.73
939,1,389.29,403.37
940,1,390.16,406
941,1,391.03,408.62
942,1,391.92,411.22
943,1,392.82,413.8
944,1,393.74,416.37
945,1,394.67,418.91
946,1,395.61,421.44
947,1,396.56,423.95
948,1,397.53,426.43
949,1,398.5,428.89
950,1,399.48,431.33
951,1,400.48,433.74
952,1,401.48,436.13
953,1,402.49,438.49
954,1,403.51,440.81
955,1,404.54,443.11
956,1,405.57,445.38
957,1,406.61,447.62
958,1,407.66,449.82
959,1,408.71,451.99
960,1,409.76,454.13
961,1,410.82,456.23
962,1,411.89,458.3
963,1,412.95,460.33
964,1,414.02,462.32
965,1,415.09,464.28
966,1,416.16,466.19
967,1,417.24,468.07
968,1,418.31,469.91
969,1,419.39,471.7
970,1,420.46,473.46
971,1,421.54,475.17
972,1,422.61,476.85
973,1,423.68,478.48
974,1,424.75,480.07
975,1,425.82,481.62
976,1,426.89,483.12
977,1,427.95,484.58
978,1,429.01,486
979,1,430.07,487.37
980,1,431.12,488.7
981,1,432.17,489.98
982,1,433.21,491.22
983,1,434.25,492.41
984,1,435.29,493.56
985,1,436.32,494.66
986,1,437.34,495.72
987,1,438.36,496.73
988,1,439.37,497.69
989,1,440.38,498.61
990,1,441.38,499.48
991,1,442.37,500.3
992,1,443.35,501.07
993,1,444.33,501.8
994,1,445.3,502.47
995,1,446.26,503.1
996,1,447.21,503.68
997,1,448.15,504.21
998,1,449.09,504.69
999,1,450.01,505.12
1000,1,450.93,505.49
1001,1,451.83,505.82
1002,1,452.73,506.09
1003,1,453.61,506.31
1004,1,454.49,506.48
1005,1,455.35,506.6
1006,1,456.21,506.66
1007,1,457.05,506.67
1008,1,457.88,506.62
1009,1,458.71,506.51
1010,1,459.52,506.35
1011,1,460.31,506.14
1012,1,461.1,505.86
1013,1,461.88,505.53
1014,1,462.64,505.14
1015,1,463.4,504.7
1016,1,464.14,504.19
1017,1,464.87,503.63
1018,1,465.59,503
1019,1,466.3,502.31
1020,1,467,501.57
1021,1,467.68,500.76
1022,1,468.36,499.89
1023,1,469.02,498.96
1024,1,469.68,497.97
1025,1,470.32,496.92
1026,1,470.96,495.8
1027,1,471.58,494.62
1028,1,472.19,493.37
1029,1,472.8,492.07
1030,1,473.39,490.7
1031,1,473.98,489.27
1032,1,474.55,487.77
1033,1,475.12,486.21
1034,1,475.67,484.59
1035,1,476.22,482.91
1036,1,476.76,481.16
1037,1,477.29,479.35
1038,1,477.8,477.48
1039,1,478.32,475.54
1040,1,478.82,473.55
1041,1,479.31,471.49
1042,1,479.79,469.38
1043,1,480.27,467.2
1044,1,480.73,464.97
1045,1,481.19,462.68
1046,1,481.64,460.33
1047,1,482.07,457.93
1048,1,482.5,455.47
1049,1,482.92,452.96
1050,1,483.33,450.39
1051,1,483.74,447.78
1052,1,484.13,445.12
1053,1,484.51,442.4
1054,1,484.88,439.64
1055,1,485.25,436.84
1056,1,485.6,433.99
1057,1,485.94,431.1
1058,1,486.28,428.17
1059,1,486.6,425.2
1060,1,486.91,422.2
1061,1,487.21,419.16
1062,1,487.5,416.08
1063,1,487.78,412.98
1064,1,488.04,409.84
1065,1,488.3,406.67
1066,1,488.54,403.48
1067,1,488.78,400.26
1068,1,489,397.02
1069,1,489.2,393.75
1070,1,489.4,390.47
1071,1,489.58,387.17
1072,1,489.75,383.85
1073,1,489.91,380.51
1074,1,490.05,377.16
1075,1,490.18,373.8
1076,1,490.3,370.42
1077,1,490.41,367.04
1078,1,490.5,363.64
1079,1,490.58,360.24
1080,1,490.65,356.83
1081,1,490.7,353.42
1082,1,490.74,350.01
1083,1,490.77,346.59
1084,1,490.79,343.18
1085,1,490.79,339.76
1086,1,490.78,336.35
1087,1,490.76,332.94
1088,1,490.72,329.53
1089,1,490.68,326.13
1090,1,490.62,322.74
1091,1,490.55,319.36
1092,1,490.47,315.98
1093,1,490.38,312.62
1094,1,490.28,309.27
1095,1,490.17,305.93
1096,1,490.05,302.6
1097,1,489.92,299.29
1098,1,489.77,296
1099,1,489.62,292.72
1100,1,489.46,289.47
1101,1,489.3,286.23
1102,1,489.12,283.01
1103,1,488.94,279.82
1104,1,488.75,276.64
1105,1,488.55,273.5
1106,1,488.35,270.37
1107,1,488.14,267.27
1108,1,487.93,264.2
1109,1,487.71,261.15
1110,1,487.49,258.14
1111,1,487.26,255.15
1112,1,487.03,252.19
1113,1,486.8,249.26
1114,1,486.56,246.36
1115,1,486.33,243.5
1116,1,486.09,240.66
1117,1,485.84,237.86
1118,1,485.6,235.09
1119,1,485.36,232.36
1120,1,485.11,229.66
1121,1,484.87,227
1122,1,484.62,224.37
1123,1,484.38,221.78
1124,1,484.13,219.22
1125,1,483.89,216.7
1126,1,483.65,214.22
1127,1,483.41,211.77
1128,1,483.17,209.37
1129,1,482.93,207
1130,1,482.69,204.67
1131,1,482.46,202.38
1132,1,482.23,200.13
1133,1,482,197.91
1134,1,481.77,195.74
1135,1,481.55,193.61
1136,1,481.33,191.51
1137,1,481.11,189.46
1138,1,480.9,187.45
1139,1,480.69,185.47
1140,1,480.48,183.54
1141,1,480.27,181.65
1142,1,480.07,179.8
1143,1,479.88,177.99
1144,1,479.68,176.22
1145,1,479.49,174.49
1146,1,479.3,172.8
1147,1,479.12,171.16
1148,1,478.94,169.55
1149,1,478.76,167.98
1150,1,478.59,166.45
1151,1,478.41,164.96
1152,1,478.25,163.5
1153,1,478.08,162.09
1154,1,477.92,160.71
1155,1,477.77,159.36
1156,1,477.61,158.06
1157,1,477.46,156.79
1158,1,477.31,155.55
1159,1,477.17,154.35
1160,1,477.03,153.18
1161,1,476.89,152.04
1162,1,476.75,150.93
1163,1,476.62,149.86
1164,1,476.49,148.81
1165,1,476.36,147.79
1166,1,476.23,146.81
1167,1,476.11,145.85
1168,1,475.99,144.91
1169,1,475.87,144
1170,1,475.76,143.12
1171,1,475.64,142.26
1172,1,475.53,141.42
1173,1,475.42,140.61
1174,1,475.31,139.81
1175,1,475.2,139.04
1176,1,475.1,138.29
1177,1,475,137.55
1178,1,474.89,136.83
1179,1,474.79,136.13
1180,1,474.69,135.45
1181,1,474.59,134.77
1182,1,474.5,134.12
1183,1,474.4,133.47
1184,1,474.3,132.84
1185,1,474.21,132.22
1186,1,474.12,131.62
1187,1,474.02,131.02
1188,1,473.93,130.43
1189,1,473.84,129.85
1190,1,473.74,129.27
1191,1,473.65,128.71
1192,1,473.56,128.15
1193,1,473.47,127.6
1194,1,473.37,127.05
1195,1,473.28,126.51
1196,1,473.19,125.97
1197,1,473.1,125.43
1198,1,473,124.9
1199,1,472.91,124.37
1200,1,472.82,123.85
1201,1,472.72,123.33
1202,1,472.63,122.81
1203,1,472.54,122.29
1204,1,472.44,121.77
1205,1,472.34,121.25
1206,1,472.25,120.74
1207,1,472.15,120.22
1208,1,472.05,119.71
1209,1,471.96,119.2
1210,1,471.86,118.69
1211,1,471.76,118.18
1212,1,471.66,117.67
1213,1,471.56,117.17
1214,1,471.46,116.67
1215,1,471.36,116.16
1216,1,471.26,115.66
1217,1,471.15,115.17
1218,1,471.05,114.67
1219,1,470.95,114.18
1220,1,470.85,113.7
1221,1,470.74,113.21
1222,1,470.64,112.74
1223,1,470.54,112.27
1224,1,470.43,111.8
1225,1,470.33,111.34
1226,1,470.22,110.89
1227,1,470.12,110.45
1228,1,470.02,110.02
1229,1,469.92,109.59
1230,1,469.81,109.18
1231,1,469.71,108.78
1232,1,469.61,108.39
1233,1,469.51,108.01
1234,1,469.42,107.65
1235,1,469.32,107.31
1236,1,469.22,106.98
1237,1,469.13,106.66
1238,1,469.04,106.37
1239,1,468.94,106.09
1240,1,468.86,105.84
1241,1,468.77,105.6
1242,1,468.68,105.39
1243,1,468.6,105.2
1244,1,468.52,105.04
1245,1,468.44,104.9
1246,1,468.37,104.79
1247,1,468.29,104.7
1248,1,468.23,104.65
1249,1,468.16,104.62
1250,1,468.1,104.63
1251,1,468.03,104.66
1252,1,467.98,104.73
1253,1,467.93,104.84
1254,1,467.88,104.98
1255,1,467.83,105.16
1256,1,467.79,105.38
1257,1,467.75,105.64
1258,1,467.72,105.94
1259,1,467.69,106.28
1260,1,467.67,106.67
1261,1,467.65,107.1
1262,1,467.63,107.58
1263,1,467.63,108.1
1264,1,467.62,108.68
1265,1,467.62,109.3
1266,1,467.63,109.97
1267,1,467.64,110.7
1268,1,467.66,111.48
1269,1,467.68,112.31
1270,1,467.71,113.19
1271,1,467.75,114.14
1272,1,467.79,115.14
1273,1,467.84,116.19
1274,1,467.89,117.31
1275,1,467.95,118.48
1276,1,468.01,119.72
1277,1,468.09,121.01
1278,1,468.16,122.36
1279,1,468.25,123.78
1280,1,468.34,125.26
1281,1,468.43,126.8
1282,1,468.54,128.4
1283,1,468.65,130.06
1284,1,468.76,131.79
1285,1,468.88,133.57
1286,1,469.01,135.42
1287,1,469.14,137.33
1288,1,469.28,139.31
1289,1,469.43,141.34
1290,1,469.58,143.43
1291,1,469.74,145.59
1292,1,469.9,147.8
1293,1,470.07,150.07
1294,1,470.25,152.39
1295,1,470.43,154.78
1296,1,470.61,157.21
1297,1,470.8,159.7
1298,1,471,162.24
1299,1,471.2,164.83
1300,1,471.41,167.46
1301,1,471.62,170.14
1302,1,471.83,172.87
1303,1,472.05,175.63
1304,1,472.27,178.43
1305,1,472.49,181.27
1306,1,472.72,184.14
1307,1,472.95,187.05
1308,1,473.19,189.98
1309,1,473.42,192.94
1310,1,473.66,195.92
1311,1,473.9,198.92
1312,1,474.15,201.94
1313,1,474.39,204.97
1314,1,474.64,208.02
1315,1,474.89,211.08
1316,1,475.14,214.15
1317,1,475.39,217.23
1318,1,475.64,220.31
1319,1,475.89,223.39
1320,1,476.14,226.48
1321,1,476.39,229.56
1322,1,476.65,232.64
1323,1,476.9,235.72
1324,1,477.15,238.79
1325,1,477.4,241.86
1326,1,477.65,244.92
1327,1,477.91,247.97
1328,1,478.16,251.01
1329,1,478.41,254.05
1330,1,478.66,257.07
1331,1,478.91,260.08
1332,1,479.16,263.08
1333,1,479.41,266.07
1334,1,479.66,269.04
1335,1,479.91,272.01
1336,1,480.16,274.96
1337,1,480.41,277.9
1338,1,480.66,280.82
1339,1,480.9,283.74
1340,1,481.15,286.64
1341,1,481.4,289.53
1342,1,481.65,292.41
1343,1,481.9,295.28
1344,1,482.15,298.13
1345,1,482.4,300.98
1346,1,482.65,303.81
1347,1,482.9,306.64
1348,1,483.15,309.45
1349,1,483.4,312.26
1350,1,483.66,315.06
1351,1,483.91,317.85
1352,1,484.17,320.63
1353,1,484.43,323.4
1354,1,484.7,326.17
1355,1,484.96,328.93
1356,1,485.23,331.69
1357,1,485.5,334.44
1358,1,485.77,337.18
1359,1,486.05,339.92
1360,1,486.33,342.66
1361,1,486.61,345.39
1362,1,486.9,348.12
1363,1,487.19,350.84
1364,1,487.48,353.56
1365,1,487.78,356.28
1366,1,488.09,359
1367,1,488.39,361.71
1368,1,488.71,364.41
1369,1,489.03,367.12
1370,1,489.35,369.82
1371,1,489.68,372.51
1372,1,490.02,375.21
1373,1,490.36,377.89
1374,1,490.7,380.58
1375,1,491.06,383.25
1376,1,491.41,385.92
1377,1,491.78,388.59
1378,1,492.15,391.24
1379,1,492.53,393.89
1380,1,492.92,396.54
1381,1,493.31,399.17
1382,1,493.72,401.79
1383,1,494.12,404.4
1384,1,494.54,407
1385,1,494.97,409.59
1386,1,495.4,412.17
1387,1,495.85,414.73
1388,1,496.3,417.28
1389,1,496.77,419.81
1390,1,497.24,422.33
1391,1,497.72,424.83
1392,1,498.22,427.31
1393,1,498.72,429.78
1394,1,499.24,432.23
1395,1,499.76,434.65
1396,1,500.3,437.06
1397,1,500.86,439.44
1398,1,501.42,441.8
1399,1,502,444.14
1400,1,502.59,446.45
1401,1,503.19,448.74
1402,1,503.81,450.99
1403,1,504.44,453.23
1404,1,505.08,455.43
1405,1,505.74,457.6
1406,1,506.42,459.74
1407,1,507.11,461.84
1408,1,507.81,463.92
1409,1,508.53,465.95
1410,1,509.27,467.95
1411,1,510.02,469.91
1412,1,510.79,471.83
1413,1,511.57,473.71
1414,1,512.38,475.54
1415,1,513.19,477.33
1416,1,514.03,479.07
1417,1,514.89,480.77
1418,1,515.76,482.42
1419,1,516.65,484.01
1420,1,517.56,485.56
1421,1,518.48,487.05
1422,1,519.43,488.49
1423,1,520.39,489.86
1424,1,521.38,491.19
1425,1,522.38,492.45
1426,1,523.4,493.65
1427,1,524.43,494.79
1428,1,525.49,495.87
1429,1,526.57,496.88
1430,1,527.66,497.83
1431,1,528.77,498.71
1432,1,529.91,499.52
1433,1,531.05,500.26
1434,1,532.22,500.93
1435,1,533.41,501.53
1436,1,534.61,502.05
1437,1,535.83,502.5
1438,1,537.06,502.87
1439,1,538.31,503.16
1440,1,539.58,503.38
1441,1,540.86,503.51
1442,1,542.15,503.57
1443,1,543.46,503.54
1444,1,544.78,503.42
1445,1,546.12,503.22
1446,1,547.46,502.94
1447,1,548.82,502.57
1448,1,550.19,502.11
1449,1,551.56,501.56
1450,1,552.95,500.92
1451,1,554.34,500.19
1452,1,555.73,499.37
1453,1,557.14,498.45
1454,1,558.54,497.44
1455,1,559.95,496.34
1456,1,561.37,495.15
1457,1,562.78,493.86
1458,1,564.19,492.47
1459,1,565.61,490.99
1460,1,567.02,489.42
1461,1,568.43,487.75
1462,1,569.83,485.98
1463,1,571.23,484.12
1464,1,572.62,482.16
1465,1,574.01,480.11
1466,1,575.38,477.97
1467,1,576.75,475.73
1468,1,578.11,473.39
1469,1,579.45,470.96
1470,1,580.78,468.44
1471,1,582.09,465.83
1472,1,583.39,463.13
1473,1,584.68,460.34
1474,1,585.94,457.46
1475,1,587.19,454.49
1476,1,588.41,451.43
1477,1,589.62,448.29
1478,1,590.8,445.07
1479,1,591.96,441.76
1480,1,593.1,438.37
1481,1,594.2,434.91
1482,1,595.29,431.36
1483,1,596.34,427.74
1484,1,597.37,424.05
1485,1,598.37,420.28
1486,1,599.34,416.45
1487,1,600.28,412.54
1488,1,601.19,408.58
1489,1,602.07,404.54
1490,1,602.91,400.45
1491,1,603.72,396.29
1492,1,604.5,392.08
1493,1,605.25,387.81
1494,1,605.97,383.48
1495,1,606.65,379.11
1496,1,607.3,374.69
1497,1,607.91,370.22
1498,1,608.49,365.7
1499,1,609.04,361.14
1500,1,609.55,356.55
1501,1,610.03,351.91
1502,1,610.48,347.24
1503,1,610.9,342.53
1504,1,611.28,337.8
1505,1,611.63,333.03
1506,1,611.95,328.24
1507,1,612.24,323.43
1508,1,612.5,318.59
1509,1,612.73,313.74
1510,1,612.94,308.87
1511,1,613.11,303.99
1512,1,613.26,299.09
1513,1,613.38,294.19
1514,1,613.48,289.28
1515,1,613.55,284.36
1516,1,613.6,279.45
1517,1,613.63,274.54
1518,1,613.64,269.63
1519,1,613.63,264.74
1520,1,613.6,259.85
1521,1,613.55,254.98
1522,1,613.48,250.12
1523,1,613.4,245.28
1524,1,613.3,240.47
1525,1,613.19,235.68
1526,1,613.07,230.93
1527,1,612.94,226.2
1528,1,612.8,221.51
1529,1,612.65,216.86
1530,1,612.5,212.24
1531,1,612.34,207.68
1532,1,612.17,203.15
1533,1,612,198.68
1534,1,611.82,194.26
1535,1,611.64,189.9
1536,1,611.46,185.59
1537,1,611.28,181.35
1538,1,611.1,177.17
1539,1,610.92,173.05
1540,1,610.74,169.01
1541,1,610.57,165.03
1542,1,610.39,161.13
1543,1,610.22,157.31
1544,1,610.05,153.56
1545,1,609.89,149.89
1546,1,609.73,146.31
1547,1,609.58,142.81
1548,1,609.43,139.4
1549,1,609.28,136.07
1550,1,609.14,132.83
1551,1,609.01,129.69
1552,1,608.88,126.64
1553,1,608.76,123.69
1554,1,608.64,120.83
1555,1,608.53,118.07
1556,1,608.43,115.41
1557,1,608.33,112.86
1558,1,608.24,110.4
1559,1,608.16,108.05
1560,1,608.08,105.81
1561,1,608.01,103.67
1562,1,607.94,101.65
1563,1,607.88,99.73
1564,1,607.83,97.924
1565,1,607.78,96.231
1566,1,607.74,94.653
1567,1,607.7,93.19
1568,1,607.68,91.843
1569,1,607.65,90.614
1570,1,607.63,89.505
1571,1,607.62,88.515
1572,1,607.61,87.647
1573,1,607.61,86.901
1574,1,607.62,86.278
1575,1,607.62,85.78
1576,1,607.64,85.407
1577,1,607.66,85.161
1578,1,607.68,85.041
1579,1,607.71,85.05
1580,1,607.74,85.188
1581,1,607.78,85.455
1582,1,607.82,85.853
1583,1,607.87,86.382
1584,1,607.92,87.042
1585,1,607.97,87.834
1586,1,608.03,88.758
1587,1,608.1,89.815
1588,1,608.17,91.005
1589,1,608.24,92.328
1590,1,608.32,93.784
1591,1,608.4,95.373
1592,1,608.49,97.096
1593,1,608.59,98.952
1594,1,608.69,100.94
1595,1,608.79,103.06
1596,1,608.9,105.31
1597,1,609.02,107.7
1598,1,609.14,110.21
1599,1,609.27,112.86
1600,1,609.41,115.63
1601,1,609.55,118.54
1602,1,609.69,121.57
1603,1,609.85,124.72
1604,1,610.01,128
1605,1,610.18,131.41
1606,1,610.36,134.93
1607,1,610.54,138.57
1608,1,610.74,142.33
1609,1,610.94,146.2
1610,1,611.15,150.19
1611,1,611.37,154.28
1612,1,611.6,158.48
1613,1,611.84,162.78
1614,1,612.09,167.19
1615,1,612.35,171.69
1616,1,612.63,176.28
1617,1,612.91,180.96
1618,1,613.2,185.73
1619,1,613.51,190.58
1620,1,613.83,195.5
1621,1,614.16,200.5
1622,1,614.5,205.56
1623,1,614.86,210.69
1624,1,615.22,215.88
1625,1,615.61,221.12
1626,1,616,226.41
1627,1,616.41,231.74
1628,1,616.83,237.12
1629,1,617.27,242.53
1630,1,617.72,247.97
1631,1,618.18,253.43
1632,1,618.66,258.92
1633,1,619.16,264.43
1634,1,619.66,269.95
1635,1,620.19,275.48
1636,1,620.73,281.02
1637,1,621.28,286.55
1638,1,621.85,292.08
1639,1,622.43,297.61
1640,1,623.03,303.12
1641,1,623.64,308.62
1642,1,624.27,314.1
1643,1,624.92,319.55
1644,1,625.58,324.98
1645,1,626.26,330.37
1646,1,626.96,335.74
1647,1,627.67,341.06
1648,1,628.4,346.35
1649,1,629.14,351.58
1650,1,629.9,356.77
1651,1,630.68,361.91
1652,1,631.48,367
1653,1,632.29,372.02
1654,1,633.12,376.99
1655,1,633.97,381.89
1656,1,634.84,386.72
1657,1,635.73,391.49
1658,1,636.63,396.19
1659,1,637.56,400.81
1660,1,638.51,405.35
1661,1,639.47,409.82
1662,1,640.46,414.2
1663,1,641.47,418.51
1664,1,642.5,422.73
1665,1,643.55,426.87
1666,1,644.63,430.92
1667,1,645.72,434.88
1668,1,646.84,438.75
1669,1,647.99,442.53
1670,1,649.15,446.22
1671,1,650.35,449.82
1672,1,651.56,453.33
1673,1,652.8,456.74
1674,1,654.07,460.05
1675,1,655.36,463.27
1676,1,656.68,466.39
1677,1,658.02,469.42
1678,1,659.39,472.35
1679,1,660.78,475.17
1680,1,662.2,477.9
1681,1,663.65,480.53
1682,1,665.13,483.06
1683,1,666.63,485.48
1684,1,668.16,487.81
1685,1,669.71,490.03
1686,1,671.3,492.15
1687,1,672.91,494.16
1688,1,674.54,496.07
1689,1,676.21,497.87
1690,1,677.89,499.57
1691,1,679.61,501.17
1692,1,681.35,502.65
1693,1,683.12,504.03
1694,1,684.91,505.31
1695,1,686.73,506.48
1696,1,688.57,507.54
1697,1,690.44,508.49
1698,1,692.33,509.33
1699,1,694.24,510.07
1700,1,696.18,510.7
1701,1,698.14,511.22
1702,1,700.12,511.64
1703,1,702.12,511.95
1704,1,704.15,512.15
1705,1,706.19,512.24
1706,1,708.25,512.23
1707,1,710.32,512.11
1708,1,712.42,511.88
1709,1,714.53,511.55
1710,1,716.65,511.12
1711,1,718.79,510.57
1712,1,720.94,509.93
1713,1,723.1,509.18
1714,1,725.27,508.33
1715,1,727.45,507.38
1716,1,729.63,506.33
1717,1,731.82,505.17
1718,1,734.02,503.92
1719,1,736.21,502.57
1720,1,738.41,501.13
1721,1,740.6,499.59
1722,1,742.79,497.95
1723,1,744.98,496.23
1724,1,747.16,494.41
1725,1,749.33,492.5
1726,1,751.49,490.51
1727,1,753.64,488.43
1728,1,755.78,486.27
1729,1,757.9,484.02
1730,1,760,481.69
1731,1,762.08,479.29
1732,1,764.14,476.8
1733,1,766.18,474.24
1734,1,768.19,471.61
1735,1,770.18,468.91
1736,1,772.14,466.13
1737,1,774.07,463.29
1738,1,775.97,460.37
1739,1,777.84,457.4
1740,1,779.68,454.36
1741,1,781.48,451.26
1742,1,783.25,448.09
1743,1,784.99,444.87
1744,1,786.69,441.6
1745,1,788.35,438.27
1746,1,789.98,434.88
1747,1,791.57,431.45
1748,1,793.12,427.96
1749,1,794.63,424.43
1750,1,796.1,420.85
1751,1,797.54,417.23
1752,1,798.93,413.57
1753,1,800.29,409.87
1754,1,801.61,406.13
1755,1,802.89,402.35
1756,1,804.13,398.54
1757,1,805.33,394.69
1758,1,806.49,390.82
1759,1,807.61,386.92
1760,1,808.7,382.99
1761,1,809.74,379.04
1762,1,810.75,375.06
1763,1,811.72,371.06
1764,1,812.66,367.05
1765,1,813.55,363.01
1766,1,814.41,358.96
1767,1,815.24,354.9
1768,1,816.02,350.83
1769,1,816.78,346.74
1770,1,817.5,342.64
1771,1,818.18,338.54
1772,1,818.83,334.43
1773,1,819.44,330.31
1774,1,820.03,326.19
1775,1,820.58,322.07
1776,1,821.1,317.94
1777,1,821.58,313.82
1778,1,822.04,309.7
1779,1,822.47,305.57
1780,1,822.87,301.46
1781,1,823.24,297.34
1782,1,823.58,293.23
1783,1,823.89,289.13
1784,1,824.18,285.04
1785,1,824.44,280.96
1786,1,824.67,276.88
1787,1,824.89,272.82
1788,1,825.07,268.77
1789,1,825.24,264.73
1790,1,825.38,260.71
1791,1,825.5,256.71
1792,1,825.6,252.73
1793,1,825.68,248.76
1794,1,825.74,244.81
1795,1,825.78,240.89
1796,1,825.81,236.99
1797,1,825.82,233.12
1798,1,825.81,229.27
1799,1,825.79,225.45
1800,1,825.75,221.66
1801,1,825.7,217.9
1802,1,825.63,214.18
1803,1,825.55,210.49
1804,1,825.46,206.83
1805,1,825.36,203.22
1806,1,825.25,199.64
1807,1,825.13,196.11
1808,1,825,192.62
1809,1,824.86,189.18
1810,1,824.71,185.78
1811,1,824.55,182.43
1812,1,824.39,179.13
1813,1,824.22,175.89
1814,1,824.04,172.7
1815,1,823.85,169.56
1816,1,823.66,166.49
1817,1,823.46,163.47
1818,1,823.26,160.52
1819,1,823.05,157.63
1820,1,822.84,154.81
1821,1,822.62,152.06
1822,1,822.4,149.37
1823,1,822.18,146.76
1824,1,821.94,144.23
1825,1,821.71,141.77
1826,1,821.47,139.38
1827,1,821.23,137.08
1828,1,820.98,134.86
1829,1,820.73,132.72
1830,1,820.47,130.67
1831,1,820.21,128.71
1832,1,819.95,126.84
1833,1,819.68,125.06
1834,1,819.41,123.37
1835,1,819.13,121.77
1836,1,818.85,120.28
1837,1,818.56,118.88
1838,1,818.27,117.59
1839,1,817.98,116.39
1840,1,817.68,115.3
1841,1,817.37,114.31
1842,1,817.06,113.44
1843,1,816.75,112.67
1844,1,816.43,112
1845,1,816.1,111.46
1846,1,815.77,111.02
1847,1,815.43,110.7
1848,1,815.09,110.49
1849,1,814.74,110.4
1850,1,814.39,110.42
1851,1,814.03,110.57
1852,1,813.66,110.83
1853,1,813.29,111.22
1854,1,812.92,111.73
1855,1,812.53,112.35
1856,1,812.14,113.11
1857,1,811.75,113.98
1858,1,811.35,114.98
1859,1,810.94,116.11
1860,1,810.53,117.36
1861,1,810.11,118.74
1862,1,809.69,120.24
1863,1,809.26,121.87
1864,1,808.82,123.63
1865,1,808.39,125.52
1866,1,807.94,127.53
1867,1,807.49,129.67
1868,1,807.04,131.94
1869,1,806.58,134.33
1870,1,806.12,136.85
1871,1,805.66,139.5
1872,1,805.19,142.27
1873,1,804.73,145.17
1874,1,804.25,148.19
1875,1,803.78,151.33
1876,1,803.31,154.59
1877,1,802.83,157.97
1878,1,802.36,161.47
1879,1,801.88,165.09
1880,1,801.41,168.82
1881,1,800.94,172.66
1882,1,800.47,176.61
1883,1,800.01,180.67
1884,1,799.55,184.84
1885,1,799.1,189.1
1886,1,798.65,193.46
1887,1,798.21,197.92
1888,1,797.77,202.47
1889,1,797.35,207.1
1890,1,796.93,211.82
1891,1,796.53,216.62
1892,1,796.14,221.49
1893,1,795.76,226.43
1894,1,795.4,231.43
1895,1,795.05,236.49
1896,1,794.72,241.62
1897,1,794.4,246.79
1898,1,794.1,252
1899,1,793.82,257.26
1900,1,793.56,262.56
1901,1,793.32,267.89
1902,1,793.1,273.24
1903,1,792.9,278.62
1904,1,792.73,284.01
1905,1,792.57,289.41
1906,1,792.44,294.83
1907,1,792.33,300.24
1908,1,792.25,305.66
1909,1,792.19,311.06
1910,1,792.16,316.46
1911,1,792.15,321.84
1912,1,792.18,327.2
1913,1,792.22,332.53
1914,1,792.3,337.84
1915,1,792.4,343.1
1916,1,792.54,348.33
1917,1,792.7,353.52
1918,1,792.89,358.65
1919,1,793.12,363.73
1920,1,793.38,368.75
1921,1,793.67,373.71
1922,1,794,378.6
1923,1,794.36,383.41
1924,1,794.76,388.15
1925,1,795.2,392.81
1926,1,795.67,397.38
1927,1,796.19,401.86
1928,1,796.74,406.24
1929,1,797.33,410.53
1930,1,797.96,414.71
1931,1,798.64,418.78
1932,1,799.36,422.75
1933,1,800.12,426.6
1934,1,800.92,430.33
1935,1,801.77,433.94
1936,1,802.66,437.43
1937,1,803.59,440.79
1938,1,804.57,444.03
1939,1,805.59,447.13
1940,1,806.65,450.1
1941,1,807.76,452.92
1942,1,808.92,455.61
1943,1,810.11,458.16
1944,1,811.36,460.57
1945,1,812.64,462.82
1946,1,813.97,464.93
1947,1,815.34,466.89
1948,1,816.75,468.7
1949,1,818.2,470.36
1950,1,819.69,471.86
1951,1,821.23,473.2
1952,1,822.8,474.39
1953,1,824.41,475.42
1954,1,826.06,476.29
1955,1,827.74,477
1956,1,829.46,477.55
1957,1,831.22,477.94
1958,1,833.01,478.17
1959,1,834.83,478.23
1960,1,836.68,478.13
1961,1,838.56,477.87
1962,1,840.47,477.45
1963,1,842.41,476.86
1964,1,844.37,476.11
1965,1,846.35,475.2
1966,1,848.36,474.13
1967,1,850.38,472.9
1968,1,852.43,471.51
1969,1,854.49,469.96
1970,1,856.56,468.26
1971,1,858.65,466.4
1972,1,860.75,464.38
1973,1,862.85,462.22
1974,1,864.96,459.9
1975,1,867.07,457.44
1976,1,869.19,454.83
1977,1,871.3,452.08
1978,1,873.41,449.19
1979,1,875.51,446.17
1980,1,877.6,443.01
1981,1,879.67,439.72
1982,1,881.74,436.3
1983,1,883.78,432.76
1984,1,885.81,429.09
1985,1,887.81,425.31
1986,1,889.8,421.42
1987,1,891.75,417.42
1988,1,893.68,413.32
1989,1,895.58,409.11
1990,1,897.45,404.81
1991,1,899.28,400.42
1992,1,901.09,395.94
1993,1,902.85,391.38
1994,1,904.58,386.74
1995,1,906.28,382.03
1996,1,907.93,377.25
1997,1,909.55,372.41
1998,1,911.13,367.51
1999,1,912.66,362.56
2000,1,914.16,357.56
2001,1,915.61,352.52
2002,1,917.03,347.44
2003,1,918.4,342.33
2004,1,919.72,337.2
2005,1,921.01,332.04
2006,1,922.25,326.87
2007,1,923.45,321.69
2008,1,924.61,316.51
2009,1,925.72,311.33
2010,1,926.79,306.15
2011,1,927.82,300.99
2012,1,928.81,295.85
2013,1,929.76,290.72
2014,1,930.67,285.63
2015,1,931.54,280.57
2016,1,932.37,275.55
2017,1,933.16,270.57
2018,1,933.91,265.63
2019,1,934.63,260.75
2020,1,935.31,255.93
2021,1,935.96,251.18
2022,1,936.57,246.49
2023,1,937.15,241.87
2024,1,937.7,237.33
2025,1,938.21,232.87
2026,1,938.7,228.49
2027,1,939.16,224.21
2028,1,939.59,220.02
2029,1,940,215.93
2030,1,940.38,211.95
2031,1,940.73,208.07
2032,1,941.07,204.31
2033,1,941.38,200.66
2034,1,941.67,197.14
2035,1,941.94,193.74
2036,1,942.2,190.47
2037,1,942.44,187.33
2038,1,942.66,184.34
2039,1,942.86,181.48
2040,1,943.06,178.77
2041,1,943.24,176.21
2042,1,943.4,173.8
2043,1,943.56,171.55
2044,1,943.71,169.46
2045,1,943.85,167.53
2046,1,943.98,165.76
2047,1,944.11,164.17
2048,1,944.22,162.75
2049,1,944.34,161.5
2050,1,944.45,160.43
2051,1,944.55,159.54
2052,1,944.66,158.83
2053,1,944.76,158.3
2054,1,944.86,157.96
2055,1,944.96,157.81
2056,1,945.06,157.85
2057,1,945.16,158.07
2058,1,945.27,158.49
2059,1,945.38,159.1
2060,1,945.49,159.91
2061,1,945.6,160.91
2062,1,945.72,162.1
2063,1,945.85,163.49
2064,1,945.98,165.07
2065,1,946.12,166.84
2066,1,946.26,168.81
2067,1,946.41,170.98
2068,1,946.58,173.33
2069,1,946.75,175.87
2070,1,946.93,178.61
2071,1,947.12,181.53
2072,1,947.33,184.63
2073,1,947.54,187.92
2074,1,947.77,191.38
2075,1,948.01,195.02
2076,1,948.26,198.84
2077,1,948.53,202.82
2078,1,948.81,206.97
2079,1,949.11,211.28
2080,1,949.42,215.75
2081,1,949.75,220.37
2082,1,950.1,225.13
2083,1,950.46,230.04
2084,1,950.84,235.07
2085,1,951.24,240.24
2086,1,951.65,245.53
2087,1,952.09,250.93
2088,1,952.54,256.44
2089,1,953.02,262.05
2090,1,953.51,267.75
2091,1,954.03,273.53
2092,1,954.57,279.39
2093,1,955.13,285.31
2094,1,955.71,291.3
2095,1,956.31,297.33
2096,1,956.94,303.4
2097,1,957.6,309.5
2098,1,958.27,315.63
2099,1,958.98,321.76
2100,1,959.71,327.9
2101,1,960.47,334.03
2102,1,961.26,340.14
2103,1,962.07,346.23
2104,1,962.92,352.29
2105,1,963.79,358.3
2106,1,964.7,364.26
2107,1,965.64,370.16
2108,1,966.62,376
2109,1,967.62,381.76
2110,1,968.66,387.44
2111,1,969.74,393.03
2112,1,970.85,398.52
2113,1,972,403.91
2114,1,973.19,409.18
2115,1,974.42,414.35
2116,1,975.68,419.39
2117,1,976.98,424.3
2118,1,978.32,429.08
2119,1,979.7,433.72
2120,1,981.12,438.22
2121,1,982.58,442.57
2122,1,984.08,446.77
2123,1,985.62,450.81
2124,1,987.2,454.69
2125,1,988.82,458.41
2126,1,990.49,461.96
2127,1,992.19,465.33
2128,1,993.93,468.54
2129,1,995.71,471.56
2130,1,997.53,474.41
2131,1,999.39,477.07
2132,1,1001.3,479.55
2133,1,1003.2,481.84
2134,1,1005.2,483.95
2135,1,1007.2,485.86
2136,1,1009.3,487.59
2137,1,1011.3,489.12
2138,1,1013.4,490.46
2139,1,1015.6,491.61
2140,1,1017.8,492.56
2141,1,1020,493.32
2142,1,1022.2,493.89
2143,1,1024.5,494.26
2144,1,1026.8,494.44
2145,1,1029.1,494.43
2146,1,1031.4,494.23
2147,1,1033.8,493.84
2148,1,1036.1,493.25
2149,1,1038.5,492.48
2150,1,1040.9,491.53
2151,1,1043.3,490.39
2152,1,1045.8,489.06
2153,1,1048.2,487.56
2154,1,1050.6,485.89
2155,1,1053.1,484.04
2156,1,1055.5,482.01
2157,1,1057.9,479.83
2158,1,1060.4,477.47
2159,1,1062.8,474.96
2160,1,1065.2,472.29
2161,1,1067.6,469.47
2162,1,1070,466.5
2163,1,1072.4,463.38
2164,1,1074.8,460.13
2165,1,1077.2,456.73
2166,1,1079.5,453.21
2167,1,1081.8,449.57
2168,1,1084.1,445.8
2169,1,1086.4,441.92
2170,1,1088.6,437.92
2171,1,1090.8,433.82
2172,1,1093,429.62
2173,1,1095.2,425.33
2174,1,1097.3,420.95
2175,1,1099.4,416.48
2176,1,1101.5,411.93
2177,1,1103.5,407.31
2178,1,1105.5,402.62
2179,1,1107.5,397.87
2180,1,1109.4,393.07
2181,1,1111.3,388.21
2182,1,1113.1,383.3
2183,1,1114.9,378.35
2184,1,1116.7,373.36
2185,1,1118.4,368.35
2186,1,1120.1,363.3
2187,1,1121.8,358.23
2188,1,1123.4,353.15
2189,1,1125,348.05
2190,1,1126.5,342.94
2191,1,1128,337.83
2192,1,1129.4,332.72
2193,1,1130.9,327.61
2194,1,1132.2,322.51
2195,1,1133.6,317.42
2196,1,1134.8,312.34
2197,1,1136.1,307.28
2198,1,1137.3,302.25
2199,1,1138.5,297.23
2200,1,1139.6,292.25
2201,1,1140.7,287.3
2202,1,1141.8,282.38
2203,1,1142.8,277.5
2204,1,1143.8,272.65
2205,1,1144.7,267.85
2206,1,1145.7,263.09
2207,1,1146.5,258.38
2208,1,1147.4,253.71
2209,1,1148.2,249.1
2210,1,1149,244.53
2211,1,1149.7,240.03
2212,1,1150.4,235.57
2213,1,1151.1,231.18
2214,1,1151.8,226.84
2215,1,1152.4,222.57
2216,1,1153,218.35
2217,1,1153.6,214.2
2218,1,1154.1,210.12
2219,1,1154.7,206.1
2220,1,1155.2,202.15
2221,1,1155.6,198.26
2222,1,1156.1,194.45
2223,1,1156.5,190.7
2224,1,1156.9,187.03
2225,1,1157.3,183.43
2226,1,1157.7,179.91
2227,1,1158,176.46
2228,1,1158.3,173.08
2229,1,1158.6,169.78
2230,1,1158.9,166.56
2231,1,1159.2,163.42
2232,1,1159.5,160.35
2233,1,1159.7,157.37
2234,1,1159.9,154.46
2235,1,1160.1,151.64
2236,1,1160.3,148.9
2237,1,1160.5,146.25
2238,1,1160.7,143.67
2239,1,1160.8,141.19
2240,1,1161,138.79
2241,1,1161.1,136.47
2242,1,1161.2,134.25
2243,1,1161.4,132.11
2244,1,1161.5,130.06
2245,1,1161.6,128.11
2246,1,1161.7,126.24
2247,1,1161.8,124.47
2248,1,1161.8,122.79
2249,1,1161.9,121.21
2250,1,1162,119.72
2251,1,1162.1,118.33
2252,1,1162.1,117.04
2253,1,1162.2,115.85
2254,1,1162.3,114.75
2255,1,1162.3,113.76
2256,1,1162.4,112.87
2257,1,1162.4,112.08
2258,1,1162.5,111.39
2259,1,1162.6,110.81
2260,1,1162.6,110.34
2261,1,1162.7,109.97
2262,1,1162.8,109.71
2263,1,1162.8,109.56
2264,1,1162.9,109.52
2265,1,1163,109.59
2266,1,1163.1,109.77
2267,1,1163.2,110.06
2268,1,1163.3,110.47
2269,1,1163.4,110.99
2270,1,1163.5,111.62
2271,1,1163.6,112.37
2272,1,1163.8,113.24
2273,1,1163.9,114.22
2274,1,1164.1,115.32
2275,1,1164.2,116.54
2276,1,1164.4,117.88
2277,1,1164.6,119.33
2278,1,1164.8,120.9
2279,1,1165,122.59
2280,1,1165.2,124.4
2281,1,1165.5,126.32
2282,1,1165.7,128.36
2283,1,1166,130.52
2284,1,1166.3,132.79
2285,1,1166.6,135.18
2286,1,1166.9,137.69
2287,1,1167.2,140.3
2288,1,1167.6,143.03
2289,1,1168,145.87
2290,1,1168.4,148.81
2291,1,1168.8,151.87
2292,1,1169.2,155.03
2293,1,1169.6,158.29
2294,1,1170.1,161.65
2295,1,1170.6,165.1
2296,1,1171.1,168.66
2297,1,1171.6,172.3
2298,1,1172.2,176.03
2299,1,1172.8,179.84
2300,1,1173.3,183.74
2301,1,1174,187.71
2302,1,1174.6,191.75
2303,1,1175.2,195.86
2304,1,1175.9,200.03
2305,1,1176.6,204.26
2306,1,1177.3,208.54
2307,1,1178,212.86
2308,1,1178.8,217.22
2309,1,1179.6,221.62
2310,1,1180.4,226.04
2311,1,1181.2,230.48
2312,1,1182,234.93
2313,1,1182.9,239.39
2314,1,1183.7,243.85
2315,1,1184.6,248.29
2316,1,1185.5,252.72
2317,1,1186.5,257.12
2318,1,1187.4,261.49
2319,1,1188.4,265.82
2320,1,1189.3,270.09
2321,1,1190.3,274.31
2322,1,1191.3,278.46
2323,1,1192.3,282.54
2324,1,1193.3,286.53
2325,1,1194.4,290.43
2326,1,1195.4,294.24
2327,1,1196.5,297.94
2328,1,1197.6,301.53
2329,1,1198.7,305.01
2330,1,1199.8,308.36
2331,1,1200.9,311.59
2332,1,1202,314.67
2333,1,1203.1,317.63
2334,1,1204.2,320.43
2335,1,1205.3,323.09
2336,1,1206.5,325.6
2337,1,1207.6,327.95
2338,1,1208.8,330.14
2339,1,1209.9,332.17
2340,1,1211.1,334.04
2341,1,1212.2,335.74
2342,1,1213.4,337.26
2343,1,1214.5,338.62
2344,1,1215.7,339.81
2345,1,1216.9,340.82
2346,1,1218,341.65
2347,1,1219.2,342.31
2348,1,1220.3,342.8
2349,1,1221.5,343.11
2350,1,1222.6,343.24
2351,1,1223.8,343.2
2352,1,1224.9,342.98
2353,1,1226.1,342.6
2354,1,1227.2,342.04
2355,1,1228.3,341.31
2356,1,1229.4,340.41
2357,1,1230.5,339.35
2358,1,1231.6,338.13
2359,1,1232.7,336.75
2360,1,1233.7,335.21
2361,1,1234.8,333.52
2362,1,1235.8,331.68
2363,1,1236.9,329.69
2364,1,1237.9,327.56
2365,1,1238.9,325.3
2366,1,1239.8,322.91
2367,1,1240.8,320.39
2368,1,1241.7,317.74
2369,1,1242.6,314.98
2370,1,1243.5,312.11
2371,1,1244.4,309.13
2372,1,1245.3,306.05
2373,1,1246.1,302.87
2374,1,1246.9,299.61
2375,1,1247.7,296.26
2376,1,1248.5,292.83
2377,1,1249.2,289.33
2378,1,1249.9,285.76
2379,1,1250.6,282.13
2380,1,1251.3,278.45
2381,1,1251.9,274.71
2382,1,1252.6,270.93
2383,1,1253.2,267.12
2384,1,1253.8,263.27
2385,1,1254.3,259.39
2386,1,1254.8,255.5
2387,1,1255.4,251.58
2388,1,1255.9,247.66
2389,1,1256.3,243.74
2390,1,1256.8,239.81
2391,1,1257.2,235.89
2392,1,1257.6,231.98
2393,1,1258,228.09
2394,1,1258.4,224.21
2395,1,1258.7,220.36
2396,1,1259.1,216.54
2397,1,1259.4,212.75
2398,1,1259.7,209
2399,1,1260,205.28
2400,1,1260.2,201.62
2401,1,1260.5,198
2402,1,1260.7,194.43
2403,1,1261,190.92
2404,1,1261.2,187.47
2405,1,1261.4,184.08
2406,1,1261.6,180.76
2407,1,1261.7,177.5
2408,1,1261.9,174.32
2409,1,1262.1,171.21
2410,1,1262.2,168.18
2411,1,1262.4,165.23
2412,1,1262.5,162.37
2413,1,1262.6,159.59
2414,1,1262.7,156.9
2415,1,1262.8,154.3
2416,1,1262.9,151.79
2417,1,1263,149.39
2418,1,1263.1,147.08
2419,1,1263.2,144.87
2420,1,1263.2,142.76
2421,1,1263.3,140.77
2422,1,1263.4,138.88
2423,1,1263.5,137.1
2424,1,1263.5,135.43
2425,1,1263.6,133.88
2426,1,1263.6,132.44
2427,1,1263.7,131.12
2428,1,1263.8,129.92
2429,1,1263.8,128.85
2430,1,1263.9,127.89
2431,1,1263.9,127.07
2432,1,1264,126.37
2433,1,1264.1,125.8
2434,1,1264.2,125.36
2435,1,1264.2,125.06
2436,1,1264.3,124.88
2437,1,1264.4,124.85
2438,1,1264.5,124.95
2439,1,1264.6,125.19
2440,1,1264.7,125.57
2441,1,1264.8,126.08
2442,1,1264.9,126.74
2443,1,1265,127.55
2444,1,1265.1,128.5
2445,1,1265.3,129.59
2446,1,1265.4,130.83
2447,1,1265.6,132.21
2448,1,1265.7,133.74
2449,1,1265.9,135.42
2450,1,1266.1,137.25
2451,1,1266.3,139.22
2452,1,1266.5,141.35
2453,1,1266.7,143.62
2454,1,1266.9,146.04
2455,1,1267.2,148.61
2456,1,1267.4,151.32
2457,1,1267.7,154.19
2458,1,1268,157.2
2459,1,1268.3,160.36
2460,1,1268.6,163.66
2461,1,1268.9,167.1
2462,1,1269.3,170.69
2463,1,1269.7,174.42
2464,1,1270,178.29
2465,1,1270.4,182.29
2466,1,1270.9,186.43
2467,1,1271.3,190.7
2468,1,1271.8,195.1
2469,1,1272.3,199.62
2470,1,1272.8,204.27
2471,1,1273.3,209.04
2472,1,1273.8,213.92
2473,1,1274.4,218.91
2474,1,1275,224.01
2475,1,1275.6,229.21
2476,1,1276.3,234.5
2477,1,1276.9,239.89
2478,1,1277.6,245.36
2479,1,1278.4,250.9
2480,1,1279.1,256.52
2481,1,1279.9,262.2
2482,1,1280.7,267.94
2483,1,1281.5,273.73
2484,1,1282.4,279.55
2485,1,1283.3,285.41
2486,1,1284.2,291.29
2487,1,1285.2,297.18
2488,1,1286.2,303.08
2489,1,1287.2,308.98
2490,1,1288.2,314.86
2491,1,1289.3,320.72
2492,1,1290.5,326.55
2493,1,1291.6,332.34
2494,1,1292.8,338.08
2495,1,1294,343.76
2496,1,1295.3,349.38
2497,1,1296.6,354.92
2498,1,1297.9,360.38
2499,1,1299.3,365.75
2500,1,1300.7,371.02
2501,1,1302.2,376.18
2502,1,1303.7,381.24
2503,1,1305.2,386.18
2504,1,1306.8,390.99
2505,1,1308.4,395.68
2506,1,1310,400.23
2507,1,1311.7,404.64
2508,1,1313.4,408.91
2509,1,1315.2,413.03
2510,1,1317,416.99
2511,1,1318.8,420.8
2512,1,1320.7,424.44
2513,1,1322.6,427.92
2514,1,1324.6,431.23
2515,1,1326.6,434.37
2516,1,1328.6,437.33
2517,1,1330.7,440.12
2518,1,1332.7,442.73
2519,1,1334.9,445.15
2520,1,1337,447.4
2521,1,1339.2,449.45
2522,1,1341.5,451.33
2523,1,1343.7,453.01
2524,1,1346,454.51
2525,1,1348.3,455.82
2526,1,1350.6,456.93
2527,1,1353,457.86
2528,1,1355.3,458.61
2529,1,1357.7,459.16
2530,1,1360.1,459.53
2531,1,1362.6,459.7
2532,1,1365,459.7
2533,1,1367.5,459.51
2534,1,1369.9,459.14
2535,1,1372.4,458.58
2536,1,1374.8,457.85
2537,1,1377.3,456.95
2538,1,1379.8,455.87
2539,1,1382.2,454.62
2540,1,1384.7,453.21
2541,1,1387.1,451.63
2542,1,1389.6,449.89
2543,1,1392,448
2544,1,1394.4,445.96
2545,1,1396.7,443.76
2546,1,1399.1,441.43
2547,1,1401.4,438.95
2548,1,1403.7,436.34
2549,1,1405.9,433.6
2550,1,1408.2,430.73
2551,1,1410.4,427.74
2552,1,1412.5,424.64
2553,1,1414.6,421.43
2554,1,1416.7,418.1
2555,1,1418.7,414.68
2556,1,1420.7,411.16
2557,1,1422.6,407.55
2558,1,1424.5,403.85
2559,1,1426.4,400.07
2560,1,1428.2,396.21
2561,1,1429.9,392.28
2562,1,1431.6,388.29
2563,1,1433.2,384.23
2564,1,1434.8,380.12
2565,1,1436.4,375.95
2566,1,1437.9,371.73
2567,1,1439.3,367.48
2568,1,1440.7,363.18
2569,1,1442,358.84
2570,1,1443.3,354.48
2571,1,1444.5,350.09
2572,1,1445.7,345.68
2573,1,1446.8,341.24
2574,1,1447.9,336.8
2575,1,1448.9,332.34
2576,1,1449.9,327.87
2577,1,1450.8,323.4
2578,1,1451.7,318.93
2579,1,1452.5,314.47
2580,1,1453.3,310
2581,1,1454.1,305.55
2582,1,1454.8,301.11
2583,1,1455.5,296.69
2584,1,1456.1,292.28
2585,1,1456.7,287.89
2586,1,1457.3,283.53
2587,1,1457.8,279.2
2588,1,1458.3,274.89
2589,1,1458.7,270.62
2590,1,1459.2,266.37
2591,1,1459.6,262.17
2592,1,1459.9,258
2593,1,1460.3,253.86
2594,1,1460.6,249.77
2595,1,1460.9,245.73
2596,1,1461.2,241.72
2597,1,1461.5,237.76
2598,1,1461.7,233.85
2599,1,1461.9,229.99
2600,1,1462.1,226.18
2601,1,1462.3,222.41
2602,1,1462.5,218.7
2603,1,1462.6,215.04
2604,1,1462.8,211.43
2605,1,1462.9,207.88
2606,1,1463.1,204.38
2607,1,1463.2,200.94
2608,1,1463.3,197.55
2609,1,1463.4,194.22
2610,1,1463.5,190.94
2611,1,1463.7,187.72
2612,1,1463.8,184.56
2613,1,1463.9,181.46
2614,1,1464,178.41
2615,1,1464.1,175.43
2616,1,1464.2,172.5
2617,1,1464.3,169.62
2618,1,1464.4,166.81
2619,1,1464.5,164.06
2620,1,1464.6,161.36
2621,1,1464.8,158.72
2622,1,1464.9,156.13
2623,1,1465.1,153.61
2624,1,1465.2,151.14
2625,1,1465.4,148.72
2626,1,1465.5,146.37
2627,1,1465.7,144.07
2628,1,1465.9,141.82
2629,1,1466.1,139.63
2630,1,1466.3,137.5
2631,1,1466.6,135.43
2632,1,1466.8,133.4
2633,1,1467.1,131.44
2634,1,1467.4,129.53
2635,1,1467.6,127.67
2636,1,1467.9,125.87
2637,1,1468.3,124.12
2638,1,1468.6,122.43
2639,1,1468.9,120.8
2640,1,1469.3,119.22
2641,1,1469.7,117.69
2642,1,1470.1,116.22
2643,1,1470.5,114.81
2644,1,1470.9,113.46
2645,1,1471.4,112.16
2646,1,1471.8,110.92
2647,1,1472.3,109.74
2648,1,1472.8,108.62
2649,1,1473.3,107.56
2650,1,1473.9,106.56
2651,1,1474.4,105.62
2652,1,1475,104.74
2653,1,1475.5,103.93
2654,1,1476.1,103.18
2655,1,1476.7,102.5
2656,1,1477.3,101.89
2657,1,1478,101.34
2658,1,1478.6,100.87
2659,1,1479.3,100.47
2660,1,1479.9,100.15
2661,1,1480.6,99.905
2662,1,1481.3,99.737
2663,1,1482,99.651
2664,1,1482.7,99.649
2665,1,1483.4,99.732
2666,1,1484.1,99.905
2667,1,1484.8,100.17
2668,1,1485.5,100.53
2669,1,1486.3,100.98
2670,1,1487,101.54
2671,1,1487.7,102.2
2672,1,1488.4,102.97
2673,1,1489.1,103.84
2674,1,1489.8,104.83
2675,1,1490.5,105.94
2676,1,1491.2,107.17
2677,1,1491.9,108.52
2678,1,1492.5,110.01
2679,1,1493.1,111.62
2680,1,1493.8,113.37
2681,1,1494.4,115.25
2682,1,1494.9,117.27
2683,1,1495.5,119.44
2684,1,1496,121.75
2685,1,1496.5,124.21
2686,1,1497,126.82
2687,1,1497.5,129.57
2688,1,1497.9,132.47
2689,1,1498.3,135.53
2690,1,1498.7,138.73
2691,1,1499,142.08
2692,1,1499.3,145.57
2693,1,1499.6,149.22
2694,1,1499.9,153
2695,1,1500.1,156.93
2696,1,1500.3,161
2697,1,1500.5,165.2
2698,1,1500.7,169.53
2699,1,1500.9,174
2700,1,1501,178.58
2701,1,1501.2,183.28
2702,1,1501.3,188.1
2703,1,1501.4,193.02
2704,1,1501.5,198.04
2705,1,1501.7,203.16
2706,1,1501.8,208.36
2707,1,1501.9,213.64
2708,1,1502,218.99
2709,1,1502.2,224.4
2710,1,1502.4,229.87
2711,1,1502.5,235.38
2712,1,1502.8,240.93
2713,1,1503,246.51
2714,1,1503.2,252.1
2715,1,1503.5,257.71
2716,1,1503.9,263.33
2717,1,1504.2,268.93
2718,1,1504.6,274.53
2719,1,1505.1,280.1
2720,1,1505.6,285.64
2721,1,1506.1,291.14
2722,1,1506.7,296.6
2723,1,1507.3,302
2724,1,1508,307.34
2725,1,1508.7,312.62
2726,1,1509.5,317.81
2727,1,1510.4,322.93
2728,1,1511.3,327.95
2729,1,1512.2,332.88
2730,1,1513.2,337.7
2731,1,1514.3,342.41
2732,1,1515.4,347.01
2733,1,1516.6,351.48
2734,1,1517.9,355.83
2735,1,1519.2,360.04
2736,1,1520.5,364.11
2737,1,1521.9,368.04
2738,1,1523.4,371.81
2739,1,1525,375.43
2740,1,1526.5,378.89
2741,1,1528.2,382.19
2742,1,1529.9,385.31
2743,1,1531.6,388.26
2744,1,1533.4,391.03
2745,1,1535.3,393.62
2746,1,1537.2,396.03
2747,1,1539.1,398.25
2748,1,1541.1,400.27
2749,1,1543.2,402.11
2750,1,1545.2,403.75
2751,1,1547.3,405.19
2752,1,1549.5,406.43
2753,1,1551.6,407.47
2754,1,1553.8,408.31
2755,1,1556.1,408.95
2756,1,1558.3,409.39
2757,1,1560.6,409.62
2758,1,1562.9,409.66
2759,1,1565.3,409.49
2760,1,1567.6,409.13
2761,1,1570,408.56
2762,1,1572.3,407.81
2763,1,1574.7,406.85
2764,1,1577.1,405.71
2765,1,1579.4,404.38
2766,1,1581.8,402.87
2767,1,1584.2,401.17
2768,1,1586.5,399.3
2769,1,1588.9,397.25
2770,1,1591.2,395.04
2771,1,1593.5,392.66
2772,1,1595.8,390.13
2773,1,1598.1,387.44
2774,1,1600.3,384.6
2775,1,1602.6,381.62
2776,1,1604.7,378.51
2777,1,1606.9,375.26
2778,1,1609,371.89
2779,1,1611.1,368.41
2780,1,1613.1,364.81
2781,1,1615.2,361.1
2782,1,1617.1,357.3
2783,1,1619,353.4
2784,1,1620.9,349.42
2785,1,1622.8,345.36
2786,1,1624.6,341.22
2787,1,1626.3,337.02
2788,1,1628,332.75
2789,1,1629.7,328.43
2790,1,1631.3,324.06
2791,1,1632.9,319.65
2792,1,1634.4,315.21
2793,1,1635.9,310.73
2794,1,1637.3,306.23
2795,1,1638.7,301.71
2796,1,1640.1,297.17
2797,1,1641.4,292.63
2798,1,1642.6,288.09
2799,1,1643.9,283.55
2800,1,1645,279.02
2801,1,1646.2,274.5
2802,1,1647.3,270
2803,1,1648.3,265.52
2804,1,1649.3,261.07
2805,1,1650.3,256.64
2806,1,1651.3,252.25
2807,1,1652.2,247.89
2808,1,1653,243.57
2809,1,1653.8,239.3
2810,1,1654.6,235.07
2811,1,1655.4,230.89
2812,1,1656.1,226.76
2813,1,1656.8,222.69
2814,1,1657.5,218.67
2815,1,1658.1,214.71
2816,1,1658.7,210.81
2817,1,1659.3,206.97
2818,1,1659.8,203.19
2819,1,1660.4,199.48
2820,1,1660.9,195.83
2821,1,1661.3,192.26
2822,1,1661.8,188.75
2823,1,1662.2,185.3
2824,1,1662.6,181.93
2825,1,1663,178.63
2826,1,1663.3,175.4
2827,1,1663.6,172.24
2828,1,1664,169.15
2829,1,1664.3,166.13
2830,1,1664.5,163.18
2831,1,1664.8,160.31
2832,1,1665,157.5
2833,1,1665.3,154.77
2834,1,1665.5,152.1
2835,1,1665.7,149.51
2836,1,1665.8,146.99
2837,1,1666,144.53
2838,1,1666.2,142.15
2839,1,1666.3,139.83
2840,1,1666.4,137.58
2841,1,1666.6,135.4
2842,1,1666.7,133.28
2843,1,1666.8,131.23
2844,1,1666.9,129.24
2845,1,1666.9,127.31
2846,1,1667,125.45
2847,1,1667.1,123.65
2848,1,1667.1,121.91
2849,1,1667.2,120.23
2850,1,1667.2,118.61
2851,1,1667.2,117.04
2852,1,1667.3,115.54
2853,1,1667.3,114.08
2854,1,1667.3,112.69
2855,1,1667.3,111.34
2856,1,1667.3,110.05
2857,1,1667.3,108.81
2858,1,1667.3,107.62
2859,1,1667.3,106.48
2860,1,1667.3,105.39
2861,1,1667.3,104.34
2862,1,1667.3,103.34
2863,1,1667.3,102.38
2864,1,1667.2,101.47
2865,1,1667.2,100.6
2866,1,1667.2,99.767
2867,1,1667.2,98.976
2868,1,1667.1,98.224
2869,1,1667.1,97.51
2870,1,1667.1,96.831
2871,1,1667,96.188
2872,1,1667,95.579
2873,1,1667,95.003
2874,1,1666.9,94.459
2875,1,1666.9,93.945
2876,1,1666.9,93.462
2877,1,1666.8,93.007
2878,1,1666.8,92.579
2879,1,1666.8,92.178
2880,1,1666.7,91.802
2881,1,1666.7,91.451
2882,1,1666.7,91.123
2883,1,1666.6,90.817
2884,1,1666.6,90.533
2885,1,1666.6,90.269
2886,1,1666.5,90.024
2887,1,1666.5,89.798
2888,1,1666.5,89.59
2889,1,1666.4,89.398
2890,1,1666.4,89.222
2891,1,1666.4,89.06
2892,1,1666.4,88.913
2893,1,1666.3,88.78
2894,1,1666.3,88.658
2895,1,1666.3,88.549
2896,1,1666.3,88.45
2897,1,1666.3,88.362
2898,1,1666.3,88.283
2899,1,1666.2,88.213
2900,1,1666.2,88.151
2901,1,1666.2,88.097
2902,1,1666.2,88.049
2903,1,1666.2,88.008
2904,1,1666.2,87.973
2905,1,1666.2,87.943
2906,1,1666.2,87.918
2907,1,1666.1,87.897
2908,1,1666.1,87.879
2909,1,1666.1,87.865
2910,1,1666.1,87.854
2911,1,1666.1,87.846
2912,1,1666.1,87.839
2913,1,1666.1,87.834
