1,1,331.61,113
2,1,331.58,113.09
3,1,331.55,113.17
4,1,331.52,113.25
5,1,331.49,113.33
6,1,331.46,113.41
7,1,331.43,113.49
8,1,331.4,113.57
9,1,331.36,113.65
10,1,331.33,113.73
11,1,331.3,113.81
12,1,331.26,113.89
13,1,331.22,113.96
14,1,331.19,114.04
15,1,331.15,114.11
16,1,331.11,114.19
17,1,331.07,114.26
18,1,331.03,114.33
19,1,330.99,114.4
20,1,330.94,114.46
21,1,330.9,114.53
22,1,330.86,114.59
23,1,330.81,114.66
24,1,330.77,114.72
25,1,330.72,114.78
26,1,330.67,114.84
27,1,330.63,114.9
28,1,330.58,114.95
29,1,330.53,115.01
30,1,330.48,115.06
31,1,330.43,115.11
32,1,330.39,115.16
33,1,330.34,115.21
34,1,330.29,115.26
35,1,330.24,115.3
36,1,330.19,115.35
37,1,330.14,115.39
38,1,330.08,115.43
39,1,330.03,115.47
40,1,329.98,115.51
41,1,329.93,115.55
42,1,329.88,115.58
43,1,329.83,115.62
44,1,329.78,115.65
45,1,329.73,115.68
46,1,329.68,115.71
47,1,329.63,115.74
48,1,329.58,115.77
49,1,329.53,115.8
50,1,329.48,115.82
51,1,329.44,115.85
52,1,329.39,115.87
53,1,329.34,115.89
54,1,329.3,115.91
55,1,329.25,115.93
56,1,329.21,115.95
57,1,329.16,115.97
58,1,329.12,115.99
59,1,329.07,116
60,1,329.03,116.02
61,1,328.99,116.03
62,1,328.95,116.04
63,1,328.91,116.06
64,1,328.87,116.07
65,1,328.83,116.08
66,1,328.8,116.09
67,1,328.76,116.1
68,1,328.73,116.11
69,1,328.69,116.11
70,1,328.66,116.12
71,1,328.63,116.13
72,1,328.59,116.13
73,1,328.56,116.14
74,1,328.53,116.14
75,1,328.51,116.14
76,1,328.48,116.15
77,1,328.45,116.15
78,1,328.43,116.15
79,1,328.4,116.15
80,1,328.38,116.16
81,1,328.35,116.16
82,1,328.33,116.16
83,1,328.31,116.16
84,1,328.29,116.16
85,1,328.27,116.16
86,1,328.25,116.16
87,1,328.23,116.15
88,1,328.21,116.15
89,1,328.2,116.15
90,1,328.18,116.15
91,1,328.16,116.15
92,1,328.15,116.14
93,1,328.13,116.14
94,1,328.12,116.14
95,1,328.11,116.14
96,1,328.1,116.13
97,1,328.08,116.13
98,1,328.07,116.13
99,1,328.06,116.12
100,1,328.05,116.12
101,1,328.04,116.11
102,1,328.04,116.11
103,1,328.03,116.11
104,1,328.02,116.1
105,1,328.01,116.1
106,1,328,116.09
107,1,328,116.09
108,1,327.99,116.09
109,1,327.99,116.08
110,1,327.98,116.08
111,1,327.98,116.08
112,1,327.97,116.07
113,1,327.97,116.07
114,1,327.96,116.06
115,1,327.96,116.06
116,1,327.95,116.06
117,1,327.95,116.05
118,1,327.95,116.05
119,1,327.94,116.05
120,1,327.94,116.05
121,1,327.94,116.04
122,1,327.94,116.04
123,1,327.93,116.04
124,1,327.93,116.04
125,1,327.93,116.04
126,1,327.93,116.03
127,1,327.92,116.03
128,1,327.92,116.03
129,1,327.92,116.03
130,1,327.92,116.03
131,1,327.91,116.03
132,1,327.91,116.03
133,1,327.91,116.03
134,1,327.9,116.03
135,1,327.9,116.03
136,1,327.9,116.03
137,1,327.9,116.03
138,1,327.89,116.04
139,1,327.89,116.04
140,1,327.88,116.04
141,1,327.88,116.04
142,1,327.88,116.05
143,1,327.87,116.05
144,1,327.87,116.05
145,1,327.86,116.06
146,1,327.86,116.06
147,1,327.85,116.07
148,1,327.84,116.07
149,1,327.84,116.08
150,1,327.83,116.09
151,1,327.82,116.09
152,1,327.82,116.1
153,1,327.81,116.11
154,1,327.8,116.12
155,1,327.79,116.13
156,1,327.78,116.14
157,1,327.77,116.15
158,1,327.76,116.16
159,1,327.75,116.17
160,1,327.74,116.18
161,1,327.73,116.19
162,1,327.72,116.2
163,1,327.71,116.22
164,1,327.7,116.23
165,1,327.68,116.24
166,1,327.67,116.26
167,1,327.66,116.27
168,1,327.64,116.29
169,1,327.63,116.3
170,1,327.61,116.32
171,1,327.59,116.34
172,1,327.58,116.36
173,1,327.56,116.37
174,1,327.54,116.39
175,1,327.53,116.41
176,1,327.51,116.43
177,1,327.49,116.45
178,1,327.47,116.47
179,1,327.45,116.49
180,1,327.43,116.52
181,1,327.41,116.54
182,1,327.39,116.56
183,1,327.37,116.58
184,1,327.35,116.61
185,1,327.32,116.63
186,1,327.3,116.66
187,1,327.28,116.68
188,1,327.25,116.71
189,1,327.23,116.73
190,1,327.21,116.76
191,1,327.18,116.78
192,1,327.16,116.81
193,1,327.14,116.84
194,1,327.11,116.86
195,1,327.09,116.89
196,1,327.06,116.92
197,1,327.04,116.94
198,1,327.01,116.97
199,1,326.99,117
200,1,326.96,117.03
201,1,326.94,117.05
202,1,326.91,117.08
203,1,326.89,117.11
204,1,326.86,117.14
205,1,326.84,117.16
206,1,326.81,117.19
207,1,326.79,117.22
208,1,326.76,117.25
209,1,326.74,117.28
210,1,326.72,117.3
211,1,326.69,117.33
212,1,326.67,117.36
213,1,326.65,117.38
214,1,326.62,117.41
215,1,326.6,117.44
216,1,326.58,117.46
217,1,326.56,117.49
218,1,326.54,117.52
219,1,326.51,117.54
220,1,326.49,117.57
221,1,326.47,117.59
222,1,326.45,117.62
223,1,326.43,117.64
224,1,326.41,117.67
225,1,326.4,117.69
226,1,326.38,117.71
227,1,326.36,117.74
228,1,326.34,117.76
229,1,326.33,117.78
230,1,326.31,117.8
231,1,326.29,117.83
232,1,326.28,117.85
233,1,326.26,117.87
234,1,326.25,117.89
235,1,326.24,117.91
236,1,326.22,117.93
237,1,326.21,117.95
238,1,326.2,117.97
239,1,326.19,117.99
240,1,326.17,118.01
241,1,326.16,118.02
242,1,326.15,118.04
243,1,326.14,118.06
244,1,326.13,118.08
245,1,326.12,118.09
246,1,326.11,118.11
247,1,326.11,118.13
248,1,326.1,118.14
249,1,326.09,118.16
250,1,326.08,118.17
251,1,326.08,118.19
252,1,326.07,118.2
253,1,326.06,118.22
254,1,326.06,118.23
255,1,326.05,118.24
256,1,326.05,118.26
257,1,326.04,118.27
258,1,326.04,118.28
259,1,326.03,118.29
260,1,326.03,118.31
261,1,326.03,118.32
262,1,326.02,118.33
263,1,326.02,118.34
264,1,326.02,118.35
265,1,326.02,118.36
266,1,326.01,118.37
267,1,326.01,118.37
268,1,326.01,118.38
269,1,326.01,118.39
270,1,326.01,118.4
271,1,326.01,118.4
272,1,326.01,118.41
273,1,326.01,118.41
274,1,326.01,118.42
275,1,326.01,118.42
276,1,326.01,118.43
277,1,326.01,118.43
278,1,326.01,118.43
279,1,326.01,118.43
280,1,326.01,118.44
281,1,326.01,118.44
282,1,326.01,118.44
283,1,326.01,118.43
284,1,326.01,118.43
285,1,326.01,118.43
286,1,326.02,118.42
287,1,326.02,118.42
288,1,326.02,118.41
289,1,326.02,118.41
290,1,326.02,118.4
291,1,326.02,118.39
292,1,326.03,118.38
293,1,326.03,118.37
294,1,326.03,118.36
295,1,326.03,118.34
296,1,326.03,118.33
297,1,326.04,118.31
298,1,326.04,118.3
299,1,326.04,118.28
300,1,326.04,118.26
301,1,326.04,118.24
302,1,326.04,118.21
303,1,326.05,118.19
304,1,326.05,118.16
305,1,326.05,118.14
306,1,326.05,118.11
307,1,326.05,118.08
308,1,326.05,118.04
309,1,326.05,118.01
310,1,326.05,117.97
311,1,326.05,117.93
312,1,326.05,117.89
313,1,326.05,117.85
314,1,326.05,117.81
315,1,326.05,117.76
316,1,326.05,117.71
317,1,326.05,117.66
318,1,326.05,117.61
319,1,326.05,117.55
320,1,326.05,117.49
321,1,326.05,117.43
322,1,326.05,117.37
323,1,326.04,117.31
324,1,326.04,117.24
325,1,326.04,117.17
326,1,326.03,117.1
327,1,326.03,117.02
328,1,326.03,116.94
329,1,326.02,116.86
330,1,326.02,116.78
331,1,326.01,116.69
332,1,326.01,116.6
333,1,326,116.51
334,1,325.99,116.42
335,1,325.99,116.32
336,1,325.98,116.22
337,1,325.97,116.12
338,1,325.96,116.02
339,1,325.95,115.91
340,1,325.94,115.8
341,1,325.93,115.68
342,1,325.92,115.57
343,1,325.91,115.45
344,1,325.9,115.33
345,1,325.89,115.2
346,1,325.87,115.08
347,1,325.86,114.95
348,1,325.84,114.81
349,1,325.83,114.68
350,1,325.81,114.54
351,1,325.8,114.41
352,1,325.78,114.27
353,1,325.76,114.12
354,1,325.74,113.98
355,1,325.72,113.83
356,1,325.7,113.68
357,1,325.68,113.53
358,1,325.66,113.38
359,1,325.64,113.23
360,1,325.62,113.08
361,1,325.59,112.92
362,1,325.57,112.77
363,1,325.54,112.61
364,1,325.52,112.45
365,1,325.49,112.3
366,1,325.47,112.14
367,1,325.44,111.99
368,1,325.41,111.83
369,1,325.38,111.68
370,1,325.35,111.52
371,1,325.32,111.37
372,1,325.29,111.22
373,1,325.25,111.08
374,1,325.22,110.93
375,1,325.19,110.79
376,1,325.15,110.65
377,1,325.12,110.52
378,1,325.08,110.39
379,1,325.05,110.26
380,1,325.01,110.14
381,1,324.97,110.03
382,1,324.93,109.92
383,1,324.9,109.82
384,1,324.86,109.72
385,1,324.82,109.64
386,1,324.78,109.56
387,1,324.74,109.49
388,1,324.7,109.43
389,1,324.66,109.38
390,1,324.62,109.34
391,1,324.58,109.31
392,1,324.54,109.3
393,1,324.49,109.3
394,1,324.45,109.31
395,1,324.41,109.33
396,1,324.37,109.37
397,1,324.33,109.43
398,1,324.29,109.5
399,1,324.25,109.59
400,1,324.21,109.7
401,1,324.18,109.83
402,1,324.14,109.98
403,1,324.1,110.15
404,1,324.07,110.35
405,1,324.03,110.56
406,1,324,110.8
407,1,323.96,111.07
408,1,323.93,111.36
409,1,323.9,111.68
410,1,323.88,112.03
411,1,323.85,112.41
412,1,323.83,112.81
413,1,323.8,113.25
414,1,323.78,113.72
415,1,323.77,114.23
416,1,323.75,114.77
417,1,323.74,115.34
418,1,323.73,115.95
419,1,323.72,116.6
420,1,323.72,117.29
421,1,323.72,118.02
422,1,323.72,118.8
423,1,323.73,119.61
424,1,323.74,120.47
425,1,323.76,121.37
426,1,323.78,122.32
427,1,323.81,123.32
428,1,323.84,124.37
429,1,323.87,125.46
430,1,323.91,126.61
431,1,323.96,127.81
432,1,324.01,129.06
433,1,324.07,130.37
434,1,324.13,131.73
435,1,324.2,133.14
436,1,324.28,134.62
437,1,324.37,136.15
438,1,324.46,137.74
439,1,324.56,139.38
440,1,324.67,141.09
441,1,324.79,142.86
442,1,324.92,144.69
443,1,325.05,146.59
444,1,325.19,148.55
445,1,325.35,150.57
446,1,325.51,152.65
447,1,325.68,154.8
448,1,325.87,157.01
449,1,326.06,159.29
450,1,326.27,161.63
451,1,326.49,164.03
452,1,326.71,166.5
453,1,326.95,169.04
454,1,327.21,171.64
455,1,327.47,174.3
456,1,327.75,177.02
457,1,328.04,179.81
458,1,328.35,182.66
459,1,328.66,185.57
460,1,329,188.54
461,1,329.34,191.57
462,1,329.7,194.66
463,1,330.08,197.81
464,1,330.47,201.01
465,1,330.88,204.27
466,1,331.3,207.58
467,1,331.73,210.94
468,1,332.19,214.35
469,1,332.66,217.81
470,1,333.14,221.32
471,1,333.64,224.87
472,1,334.16,228.47
473,1,334.7,232.11
474,1,335.25,235.78
475,1,335.82,239.5
476,1,336.4,243.25
477,1,337.01,247.03
478,1,337.63,250.85
479,1,338.27,254.69
480,1,338.92,258.56
481,1,339.59,262.45
482,1,340.29,266.37
483,1,340.99,270.3
484,1,341.72,274.25
485,1,342.47,278.22
486,1,343.23,282.2
487,1,344.01,286.18
488,1,344.81,290.18
489,1,345.62,294.18
490,1,346.46,298.18
491,1,347.31,302.19
492,1,348.18,306.19
493,1,349.06,310.19
494,1,349.97,314.19
495,1,350.89,318.17
496,1,351.83,322.15
497,1,352.79,326.12
498,1,353.76,330.07
499,1,354.76,334.01
500,1,355.76,337.94
501,1,356.79,341.85
502,1,357.83,345.74
503,1,358.89,349.6
504,1,359.96,353.45
505,1,361.05,357.28
506,1,362.16,361.08
507,1,363.28,364.86
508,1,364.42,368.61
509,1,365.57,372.34
510,1,366.73,376.04
511,1,367.91,379.71
512,1,369.1,383.35
513,1,370.3,386.96
514,1,371.52,390.54
515,1,372.75,394.09
516,1,373.99,397.61
517,1,375.24,401.1
518,1,376.51,404.55
519,1,377.78,407.97
520,1,379.06,411.36
521,1,380.36,414.7
522,1,381.66,418.02
523,1,382.97,421.3
524,1,384.29,424.54
525,1,385.61,427.74
526,1,386.94,430.91
527,1,388.28,434.03
528,1,389.62,437.12
529,1,390.97,440.17
530,1,392.32,443.17
531,1,393.68,446.14
532,1,395.04,449.06
533,1,396.4,451.94
534,1,397.76,454.78
535,1,399.13,457.57
536,1,400.49,460.31
537,1,401.86,463.01
538,1,403.22,465.67
539,1,404.58,468.27
540,1,405.94,470.83
541,1,407.3,473.34
542,1,408.66,475.8
543,1,410.01,478.21
544,1,411.36,480.57
545,1,412.7,482.87
546,1,414.03,485.12
547,1,415.36,487.32
548,1,416.69,489.47
549,1,418,491.55
550,1,419.31,493.59
551,1,420.61,495.57
552,1,421.91,497.48
553,1,423.19,499.35
554,1,424.46,501.15
555,1,425.73,502.9
556,1,426.98,504.58
557,1,428.23,506.21
558,1,429.46,507.78
559,1,430.68,509.28
560,1,431.89,510.73
561,1,433.09,512.11
562,1,434.28,513.43
563,1,435.45,514.69
564,1,436.62,515.89
565,1,437.77,517.03
566,1,438.91,518.1
567,1,440.04,519.11
568,1,441.15,520.06
569,1,442.26,520.95
570,1,443.35,521.77
571,1,444.43,522.53
572,1,445.49,523.22
573,1,446.55,523.86
574,1,447.59,524.42
575,1,448.62,524.93
576,1,449.64,525.37
577,1,450.64,525.75
578,1,451.64,526.06
579,1,452.62,526.31
580,1,453.59,526.5
581,1,454.55,526.62
582,1,455.49,526.68
583,1,456.43,526.67
584,1,457.35,526.6
585,1,458.26,526.47
586,1,459.16,526.27
587,1,460.05,526.01
588,1,460.93,525.68
589,1,461.79,525.29
590,1,462.65,524.83
591,1,463.49,524.31
592,1,464.33,523.72
593,1,465.15,523.07
594,1,465.96,522.36
595,1,466.76,521.58
596,1,467.56,520.73
597,1,468.34,519.83
598,1,469.11,518.85
599,1,469.87,517.82
600,1,470.62,516.72
601,1,471.36,515.55
602,1,472.1,514.32
603,1,472.82,513.03
604,1,473.53,511.67
605,1,474.23,510.25
606,1,474.92,508.77
607,1,475.6,507.23
608,1,476.28,505.62
609,1,476.94,503.95
610,1,477.59,502.22
611,1,478.23,500.42
612,1,478.86,498.57
613,1,479.49,496.66
614,1,480.1,494.69
615,1,480.7,492.65
616,1,481.29,490.57
617,1,481.87,488.42
618,1,482.43,486.21
619,1,482.99,483.95
620,1,483.53,481.64
621,1,484.07,479.27
622,1,484.59,476.85
623,1,485.09,474.37
624,1,485.59,471.85
625,1,486.07,469.27
626,1,486.54,466.64
627,1,487,463.97
628,1,487.44,461.24
629,1,487.87,458.47
630,1,488.29,455.66
631,1,488.69,452.79
632,1,489.08,449.89
633,1,489.45,446.94
634,1,489.81,443.96
635,1,490.15,440.93
636,1,490.48,437.86
637,1,490.8,434.75
638,1,491.09,431.61
639,1,491.37,428.43
640,1,491.64,425.22
641,1,491.89,421.98
642,1,492.12,418.7
643,1,492.34,415.39
644,1,492.54,412.05
645,1,492.73,408.69
646,1,492.9,405.29
647,1,493.05,401.88
648,1,493.19,398.43
649,1,493.31,394.96
650,1,493.42,391.48
651,1,493.51,387.96
652,1,493.58,384.43
653,1,493.64,380.89
654,1,493.68,377.32
655,1,493.71,373.74
656,1,493.72,370.14
657,1,493.72,366.53
658,1,493.7,362.91
659,1,493.67,359.28
660,1,493.62,355.64
661,1,493.57,351.99
662,1,493.49,348.33
663,1,493.41,344.67
664,1,493.31,341
665,1,493.2,337.33
666,1,493.07,333.67
667,1,492.94,330
668,1,492.79,326.33
669,1,492.63,322.67
670,1,492.47,319.01
671,1,492.29,315.36
672,1,492.1,311.71
673,1,491.9,308.07
674,1,491.69,304.45
675,1,491.48,300.83
676,1,491.26,297.23
677,1,491.02,293.64
678,1,490.79,290.07
679,1,490.54,286.51
680,1,490.29,282.97
681,1,490.03,279.45
682,1,489.76,275.95
683,1,489.49,272.47
684,1,489.22,269.02
685,1,488.94,265.58
686,1,488.66,262.18
687,1,488.37,258.79
688,1,488.08,255.44
689,1,487.78,252.11
690,1,487.49,248.82
691,1,487.19,245.55
692,1,486.89,242.32
693,1,486.59,239.12
694,1,486.29,235.95
695,1,485.98,232.81
696,1,485.68,229.72
697,1,485.38,226.66
698,1,485.08,223.63
699,1,484.77,220.65
700,1,484.47,217.7
701,1,484.17,214.8
702,1,483.88,211.93
703,1,483.58,209.11
704,1,483.29,206.33
705,1,483,203.59
706,1,482.71,200.89
707,1,482.42,198.24
708,1,482.14,195.63
709,1,481.86,193.07
710,1,481.58,190.55
711,1,481.31,188.08
712,1,481.04,185.66
713,1,480.78,183.27
714,1,480.52,180.94
715,1,480.27,178.65
716,1,480.02,176.4
717,1,479.77,174.21
718,1,479.53,172.05
719,1,479.29,169.94
720,1,479.06,167.88
721,1,478.83,165.86
722,1,478.61,163.89
723,1,478.4,161.96
724,1,478.19,160.07
725,1,477.98,158.22
726,1,477.78,156.42
727,1,477.59,154.66
728,1,477.4,152.94
729,1,477.21,151.27
730,1,477.03,149.63
731,1,476.86,148.03
732,1,476.69,146.47
733,1,476.53,144.95
734,1,476.37,143.47
735,1,476.22,142.02
736,1,476.07,140.61
737,1,475.93,139.23
738,1,475.79,137.89
739,1,475.66,136.58
740,1,475.53,135.31
741,1,475.41,134.06
742,1,475.29,132.85
743,1,475.18,131.67
744,1,475.07,130.52
745,1,474.97,129.39
746,1,474.87,128.3
747,1,474.77,127.23
748,1,474.68,126.19
749,1,474.6,125.17
750,1,474.52,124.18
751,1,474.44,123.22
752,1,474.36,122.28
753,1,474.29,121.36
754,1,474.23,120.47
755,1,474.17,119.59
756,1,474.11,118.74
757,1,474.05,117.91
758,1,474,117.1
759,1,473.95,116.31
760,1,473.9,115.54
761,1,473.86,114.79
762,1,473.82,114.06
763,1,473.78,113.34
764,1,473.75,112.65
765,1,473.72,111.97
766,1,473.69,111.31
767,1,473.67,110.66
768,1,473.64,110.03
769,1,473.62,109.42
770,1,473.6,108.82
771,1,473.58,108.24
772,1,473.57,107.67
773,1,473.56,107.12
774,1,473.55,106.58
775,1,473.54,106.06
776,1,473.53,105.56
777,1,473.52,105.07
778,1,473.52,104.59
779,1,473.52,104.13
780,1,473.51,103.68
781,1,473.51,103.25
782,1,473.52,102.84
783,1,473.52,102.44
784,1,473.52,102.05
785,1,473.53,101.68
786,1,473.53,101.33
787,1,473.54,101
788,1,473.55,100.68
789,1,473.55,100.38
790,1,473.56,100.1
791,1,473.57,99.832
792,1,473.58,99.587
793,1,473.59,99.362
794,1,473.61,99.157
795,1,473.62,98.973
796,1,473.63,98.81
797,1,473.65,98.67
798,1,473.66,98.553
799,1,473.68,98.459
800,1,473.69,98.39
801,1,473.71,98.346
802,1,473.73,98.329
803,1,473.74,98.339
804,1,473.76,98.376
805,1,473.78,98.443
806,1,473.8,98.539
807,1,473.82,98.666
808,1,473.85,98.825
809,1,473.87,99.016
810,1,473.89,99.241
811,1,473.92,99.5
812,1,473.94,99.796
813,1,473.97,100.13
814,1,474,100.5
815,1,474.03,100.9
816,1,474.06,101.35
817,1,474.09,101.84
818,1,474.13,102.37
819,1,474.17,102.94
820,1,474.2,103.56
821,1,474.24,104.22
822,1,474.29,104.93
823,1,474.33,105.69
824,1,474.38,106.49
825,1,474.43,107.34
826,1,474.48,108.25
827,1,474.53,109.2
828,1,474.59,110.21
829,1,474.65,111.27
830,1,474.72,112.38
831,1,474.78,113.55
832,1,474.86,114.78
833,1,474.93,116.06
834,1,475.01,117.4
835,1,475.09,118.81
836,1,475.18,120.27
837,1,475.27,121.79
838,1,475.36,123.37
839,1,475.46,125.02
840,1,475.56,126.73
841,1,475.67,128.5
842,1,475.79,130.34
843,1,475.91,132.24
844,1,476.03,134.21
845,1,476.16,136.24
846,1,476.3,138.34
847,1,476.44,140.5
848,1,476.59,142.74
849,1,476.75,145.04
850,1,476.91,147.41
851,1,477.08,149.84
852,1,477.25,152.34
853,1,477.43,154.92
854,1,477.62,157.56
855,1,477.82,160.26
856,1,478.02,163.04
857,1,478.23,165.88
858,1,478.45,168.79
859,1,478.67,171.77
860,1,478.9,174.81
861,1,479.14,177.92
862,1,479.39,181.1
863,1,479.65,184.34
864,1,479.91,187.65
865,1,480.18,191.01
866,1,480.46,194.44
867,1,480.75,197.94
868,1,481.05,201.49
869,1,481.35,205.1
870,1,481.66,208.77
871,1,481.98,212.49
872,1,482.31,216.27
873,1,482.65,220.1
874,1,482.99,223.98
875,1,483.34,227.91
876,1,483.7,231.88
877,1,484.06,235.9
878,1,484.44,239.97
879,1,484.82,244.07
880,1,485.2,248.21
881,1,485.6,252.38
882,1,486,256.59
883,1,486.4,260.83
884,1,486.82,265.09
885,1,487.23,269.37
886,1,487.66,273.68
887,1,488.09,278.01
888,1,488.52,282.35
889,1,488.96,286.7
890,1,489.4,291.06
891,1,489.85,295.43
892,1,490.3,299.8
893,1,490.75,304.17
894,1,491.21,308.53
895,1,491.67,312.89
896,1,492.14,317.25
897,1,492.61,321.59
898,1,493.08,325.91
899,1,493.55,330.22
900,1,494.03,334.51
901,1,494.51,338.78
902,1,494.99,343.03
903,1,495.48,347.24
904,1,495.96,351.43
905,1,496.45,355.59
906,1,496.94,359.71
907,1,497.44,363.8
908,1,497.93,367.85
909,1,498.43,371.86
910,1,498.93,375.84
911,1,499.43,379.77
912,1,499.94,383.65
913,1,500.44,387.49
914,1,500.95,391.28
915,1,501.46,395.03
916,1,501.97,398.72
917,1,502.48,402.37
918,1,503,405.96
919,1,503.52,409.5
920,1,504.04,412.99
921,1,504.56,416.42
922,1,505.08,419.8
923,1,505.61,423.13
924,1,506.14,426.39
925,1,506.67,429.6
926,1,507.21,432.75
927,1,507.74,435.85
928,1,508.28,438.88
929,1,508.83,441.86
930,1,509.37,444.77
931,1,509.92,447.63
932,1,510.48,450.43
933,1,511.03,453.17
934,1,511.59,455.85
935,1,512.16,458.47
936,1,512.73,461.03
937,1,513.3,463.53
938,1,513.87,465.96
939,1,514.45,468.34
940,1,515.04,470.66
941,1,515.63,472.92
942,1,516.22,475.11
943,1,516.82,477.25
944,1,517.43,479.33
945,1,518.04,481.34
946,1,518.65,483.3
947,1,519.27,485.2
948,1,519.9,487.03
949,1,520.53,488.81
950,1,521.18,490.53
951,1,521.82,492.19
952,1,522.48,493.79
953,1,523.14,495.33
954,1,523.81,496.81
955,1,524.48,498.23
956,1,525.17,499.59
957,1,525.86,500.9
958,1,526.56,502.14
959,1,527.27,503.33
960,1,527.99,504.46
961,1,528.72,505.53
962,1,529.45,506.55
963,1,530.2,507.51
964,1,530.96,508.4
965,1,531.73,509.25
966,1,532.51,510.03
967,1,533.3,510.76
968,1,534.1,511.43
969,1,534.91,512.04
970,1,535.73,512.59
971,1,536.57,513.09
972,1,537.42,513.53
973,1,538.27,513.91
974,1,539.15,514.23
975,1,540.03,514.5
976,1,540.93,514.7
977,1,541.84,514.85
978,1,542.76,514.95
979,1,543.7,514.98
980,1,544.65,514.95
981,1,545.61,514.87
982,1,546.59,514.72
983,1,547.58,514.52
984,1,548.58,514.26
985,1,549.6,513.94
986,1,550.63,513.55
987,1,551.68,513.11
988,1,552.74,512.61
989,1,553.82,512.05
990,1,554.9,511.42
991,1,556.01,510.74
992,1,557.13,509.99
993,1,558.26,509.18
994,1,559.41,508.31
995,1,560.57,507.38
996,1,561.75,506.38
997,1,562.94,505.33
998,1,564.15,504.21
999,1,565.37,503.02
1000,1,566.61,501.78
1001,1,567.86,500.47
1002,1,569.12,499.09
1003,1,570.4,497.66
1004,1,571.69,496.16
1005,1,573,494.6
1006,1,574.32,492.97
1007,1,575.65,491.28
1008,1,577,489.53
1009,1,578.36,487.71
1010,1,579.73,485.83
1011,1,581.11,483.89
1012,1,582.51,481.89
1013,1,583.91,479.82
1014,1,585.33,477.69
1015,1,586.75,475.5
1016,1,588.19,473.25
1017,1,589.64,470.94
1018,1,591.09,468.57
1019,1,592.55,466.14
1020,1,594.03,463.65
1021,1,595.5,461.1
1022,1,596.99,458.5
1023,1,598.48,455.84
1024,1,599.98,453.12
1025,1,601.48,450.35
1026,1,602.98,447.52
1027,1,604.49,444.65
1028,1,606,441.71
1029,1,607.52,438.73
1030,1,609.03,435.7
1031,1,610.55,432.61
1032,1,612.07,429.48
1033,1,613.59,426.3
1034,1,615.1,423.08
1035,1,616.62,419.81
1036,1,618.13,416.5
1037,1,619.64,413.14
1038,1,621.15,409.74
1039,1,622.65,406.31
1040,1,624.14,402.83
1041,1,625.63,399.32
1042,1,627.12,395.77
1043,1,628.6,392.18
1044,1,630.07,388.56
1045,1,631.53,384.91
1046,1,632.98,381.23
1047,1,634.43,377.52
1048,1,635.86,373.78
1049,1,637.28,370.01
1050,1,638.7,366.22
1051,1,640.1,362.41
1052,1,641.49,358.57
1053,1,642.86,354.71
1054,1,644.23,350.83
1055,1,645.58,346.93
1056,1,646.91,343.02
1057,1,648.24,339.09
1058,1,649.54,335.15
1059,1,650.83,331.2
1060,1,652.11,327.23
1061,1,653.37,323.26
1062,1,654.61,319.28
1063,1,655.83,315.29
1064,1,657.04,311.31
1065,1,658.22,307.31
1066,1,659.39,303.32
1067,1,660.54,299.33
1068,1,661.67,295.34
1069,1,662.78,291.35
1070,1,663.88,287.37
1071,1,664.95,283.4
1072,1,665.99,279.43
1073,1,667.02,275.48
1074,1,668.03,271.53
1075,1,669.01,267.6
1076,1,669.98,263.69
1077,1,670.92,259.79
1078,1,671.84,255.91
1079,1,672.73,252.04
1080,1,673.61,248.2
1081,1,674.46,244.38
1082,1,675.28,240.58
1083,1,676.09,236.81
1084,1,676.87,233.06
1085,1,677.62,229.34
1086,1,678.36,225.65
1087,1,679.07,221.99
1088,1,679.76,218.36
1089,1,680.42,214.77
1090,1,681.06,211.2
1091,1,681.68,207.67
1092,1,682.27,204.18
1093,1,682.84,200.72
1094,1,683.39,197.3
1095,1,683.92,193.91
1096,1,684.42,190.57
1097,1,684.9,187.27
1098,1,685.36,184
1099,1,685.79,180.78
1100,1,686.21,177.6
1101,1,686.6,174.47
1102,1,686.97,171.38
1103,1,687.33,168.33
1104,1,687.66,165.33
1105,1,687.97,162.37
1106,1,688.26,159.46
1107,1,688.53,156.6
1108,1,688.79,153.78
1109,1,689.02,151.01
1110,1,689.24,148.3
1111,1,689.44,145.63
1112,1,689.62,143.01
1113,1,689.79,140.45
1114,1,689.94,137.93
1115,1,690.08,135.47
1116,1,690.2,133.06
1117,1,690.3,130.71
1118,1,690.39,128.4
1119,1,690.47,126.16
1120,1,690.53,123.97
1121,1,690.59,121.84
1122,1,690.62,119.76
1123,1,690.65,117.75
1124,1,690.67,115.79
1125,1,690.67,113.89
1126,1,690.67,112.05
1127,1,690.65,110.27
1128,1,690.63,108.55
1129,1,690.59,106.89
1130,1,690.55,105.3
1131,1,690.5,103.76
1132,1,690.44,102.29
1133,1,690.38,100.88
1134,1,690.3,99.533
1135,1,690.22,98.249
1136,1,690.14,97.028
1137,1,690.04,95.87
1138,1,689.95,94.777
1139,1,689.84,93.747
1140,1,689.73,92.781
1141,1,689.62,91.88
1142,1,689.5,91.042
1143,1,689.38,90.27
1144,1,689.25,89.562
1145,1,689.12,88.919
1146,1,688.99,88.341
1147,1,688.85,87.829
1148,1,688.71,87.382
1149,1,688.57,87.001
1150,1,688.42,86.686
1151,1,688.28,86.437
1152,1,688.13,86.255
1153,1,687.98,86.139
1154,1,687.82,86.091
1155,1,687.67,86.11
1156,1,687.51,86.197
1157,1,687.36,86.351
1158,1,687.2,86.574
1159,1,687.04,86.866
1160,1,686.88,87.226
1161,1,686.72,87.656
1162,1,686.56,88.156
1163,1,686.4,88.726
1164,1,686.24,89.367
1165,1,686.08,90.079
1166,1,685.93,90.862
1167,1,685.77,91.717
1168,1,685.61,92.644
1169,1,685.46,93.643
1170,1,685.3,94.716
1171,1,685.15,95.862
1172,1,685,97.081
1173,1,684.85,98.375
1174,1,684.7,99.743
1175,1,684.55,101.19
1176,1,684.41,102.7
1177,1,684.27,104.3
1178,1,684.13,105.96
1179,1,683.99,107.71
1180,1,683.86,109.53
1181,1,683.73,111.42
1182,1,683.6,113.4
1183,1,683.48,115.45
1184,1,683.36,117.57
1185,1,683.24,119.77
1186,1,683.12,122.05
1187,1,683.02,124.4
1188,1,682.91,126.82
1189,1,682.81,129.33
1190,1,682.71,131.9
1191,1,682.62,134.55
1192,1,682.54,137.27
1193,1,682.45,140.07
1194,1,682.38,142.94
1195,1,682.31,145.87
1196,1,682.24,148.88
1197,1,682.18,151.96
1198,1,682.13,155.1
1199,1,682.08,158.31
1200,1,682.04,161.59
1201,1,682.01,164.92
1202,1,681.98,168.32
1203,1,681.96,171.78
1204,1,681.95,175.3
1205,1,681.94,178.88
1206,1,681.95,182.51
1207,1,681.96,186.19
1208,1,681.97,189.93
1209,1,682,193.71
1210,1,682.03,197.54
1211,1,682.07,201.42
1212,1,682.12,205.34
1213,1,682.18,209.3
1214,1,682.24,213.3
1215,1,682.32,217.33
1216,1,682.4,221.4
1217,1,682.5,225.5
1218,1,682.6,229.62
1219,1,682.71,233.77
1220,1,682.83,237.95
1221,1,682.96,242.14
1222,1,683.1,246.35
1223,1,683.25,250.58
1224,1,683.42,254.81
1225,1,683.59,259.05
1226,1,683.77,263.3
1227,1,683.97,267.55
1228,1,684.17,271.8
1229,1,684.39,276.04
1230,1,684.62,280.28
1231,1,684.86,284.51
1232,1,685.11,288.72
1233,1,685.38,292.92
1234,1,685.66,297.1
1235,1,685.95,301.26
1236,1,686.26,305.39
1237,1,686.58,309.49
1238,1,686.92,313.56
1239,1,687.27,317.6
1240,1,687.63,321.6
1241,1,688.01,325.57
1242,1,688.4,329.49
1243,1,688.81,333.37
1244,1,689.24,337.2
1245,1,689.68,340.99
1246,1,690.13,344.73
1247,1,690.6,348.41
1248,1,691.09,352.05
1249,1,691.6,355.62
1250,1,692.12,359.14
1251,1,692.66,362.61
1252,1,693.21,366.01
1253,1,693.78,369.35
1254,1,694.36,372.63
1255,1,694.97,375.85
1256,1,695.59,379
1257,1,696.22,382.09
1258,1,696.87,385.11
1259,1,697.54,388.07
1260,1,698.23,390.96
1261,1,698.93,393.78
1262,1,699.64,396.53
1263,1,700.38,399.21
1264,1,701.13,401.82
1265,1,701.89,404.35
1266,1,702.67,406.82
1267,1,703.47,409.22
1268,1,704.28,411.54
1269,1,705.11,413.79
1270,1,705.95,415.97
1271,1,706.8,418.07
1272,1,707.68,420.1
1273,1,708.56,422.06
1274,1,709.46,423.94
1275,1,710.38,425.75
1276,1,711.31,427.48
1277,1,712.25,429.14
1278,1,713.2,430.72
1279,1,714.17,432.22
1280,1,715.15,433.65
1281,1,716.15,435.01
1282,1,717.15,436.29
1283,1,718.17,437.49
1284,1,719.2,438.62
1285,1,720.24,439.67
1286,1,721.29,440.64
1287,1,722.35,441.54
1288,1,723.42,442.36
1289,1,724.5,443.1
1290,1,725.59,443.76
1291,1,726.68,444.35
1292,1,727.79,444.86
1293,1,728.9,445.29
1294,1,730.01,445.65
1295,1,731.14,445.92
1296,1,732.26,446.12
1297,1,733.4,446.24
1298,1,734.53,446.28
1299,1,735.67,446.25
1300,1,736.82,446.13
1301,1,737.96,445.94
1302,1,739.11,445.66
1303,1,740.26,445.31
1304,1,741.41,444.88
1305,1,742.56,444.37
1306,1,743.71,443.78
1307,1,744.86,443.11
1308,1,746.01,442.36
1309,1,747.15,441.53
1310,1,748.29,440.62
1311,1,749.43,439.63
1312,1,750.57,438.57
1313,1,751.7,437.42
1314,1,752.83,436.19
1315,1,753.95,434.88
1316,1,755.07,433.49
1317,1,756.18,432.03
1318,1,757.28,430.48
1319,1,758.38,428.85
1320,1,759.46,427.14
1321,1,760.55,425.36
1322,1,761.62,423.49
1323,1,762.68,421.55
1324,1,763.74,419.52
1325,1,764.78,417.42
1326,1,765.82,415.24
1327,1,766.84,412.98
1328,1,767.86,410.64
1329,1,768.86,408.23
1330,1,769.86,405.74
1331,1,770.84,403.18
1332,1,771.81,400.54
1333,1,772.77,397.83
1334,1,773.72,395.04
1335,1,774.66,392.18
1336,1,775.59,389.25
1337,1,776.5,386.26
1338,1,777.4,383.19
1339,1,778.29,380.05
1340,1,779.16,376.85
1341,1,780.03,373.59
1342,1,780.88,370.26
1343,1,781.71,366.87
1344,1,782.54,363.42
1345,1,783.35,359.91
1346,1,784.14,356.34
1347,1,784.93,352.72
1348,1,785.7,349.05
1349,1,786.45,345.33
1350,1,787.19,341.55
1351,1,787.92,337.73
1352,1,788.64,333.86
1353,1,789.34,329.95
1354,1,790.02,326.01
1355,1,790.69,322.02
1356,1,791.35,318
1357,1,791.99,313.94
1358,1,792.62,309.85
1359,1,793.24,305.74
1360,1,793.84,301.6
1361,1,794.42,297.44
1362,1,794.99,293.25
1363,1,795.54,289.06
1364,1,796.08,284.85
1365,1,796.6,280.62
1366,1,797.11,276.39
1367,1,797.6,272.16
1368,1,798.07,267.92
1369,1,798.53,263.69
1370,1,798.97,259.46
1371,1,799.4,255.24
1372,1,799.81,251.03
1373,1,800.2,246.84
1374,1,800.58,242.66
1375,1,800.94,238.51
1376,1,801.29,234.38
1377,1,801.62,230.27
1378,1,801.93,226.2
1379,1,802.23,222.17
1380,1,802.51,218.17
1381,1,802.77,214.21
1382,1,803.02,210.3
1383,1,803.25,206.43
1384,1,803.47,202.61
1385,1,803.67,198.85
1386,1,803.86,195.15
1387,1,804.03,191.5
1388,1,804.19,187.92
1389,1,804.34,184.41
1390,1,804.46,180.96
1391,1,804.58,177.59
1392,1,804.68,174.29
1393,1,804.77,171.08
1394,1,804.85,167.94
1395,1,804.91,164.88
1396,1,804.96,161.91
1397,1,805,159.03
1398,1,805.03,156.25
1399,1,805.04,153.55
1400,1,805.05,150.95
1401,1,805.04,148.45
1402,1,805.03,146.05
1403,1,805,143.75
1404,1,804.97,141.56
1405,1,804.92,139.47
1406,1,804.87,137.49
1407,1,804.81,135.62
1408,1,804.74,133.86
1409,1,804.66,132.21
1410,1,804.58,130.67
1411,1,804.49,129.25
1412,1,804.39,127.95
1413,1,804.28,126.76
1414,1,804.17,125.7
1415,1,804.06,124.75
1416,1,803.93,123.92
1417,1,803.81,123.22
1418,1,803.67,122.64
1419,1,803.54,122.18
1420,1,803.4,121.84
1421,1,803.25,121.63
1422,1,803.1,121.55
1423,1,802.95,121.59
1424,1,802.8,121.76
1425,1,802.64,122.05
1426,1,802.48,122.47
1427,1,802.32,123.02
1428,1,802.16,123.69
1429,1,802,124.5
1430,1,801.84,125.43
1431,1,801.67,126.49
1432,1,801.51,127.67
1433,1,801.35,128.98
1434,1,801.19,130.42
1435,1,801.03,131.99
1436,1,800.87,133.68
1437,1,800.71,135.5
1438,1,800.56,137.44
1439,1,800.41,139.51
1440,1,800.26,141.7
1441,1,800.12,144.01
1442,1,799.98,146.44
1443,1,799.85,149
1444,1,799.72,151.67
1445,1,799.6,154.46
1446,1,799.48,157.36
1447,1,799.38,160.38
1448,1,799.28,163.5
1449,1,799.18,166.74
1450,1,799.1,170.08
1451,1,799.03,173.53
1452,1,798.96,177.08
1453,1,798.91,180.72
1454,1,798.87,184.47
1455,1,798.84,188.3
1456,1,798.82,192.22
1457,1,798.82,196.23
1458,1,798.83,200.32
1459,1,798.85,204.49
1460,1,798.89,208.73
1461,1,798.95,213.04
1462,1,799.02,217.41
1463,1,799.11,221.84
1464,1,799.22,226.33
1465,1,799.35,230.86
1466,1,799.5,235.45
1467,1,799.67,240.07
1468,1,799.86,244.73
1469,1,800.07,249.41
1470,1,800.3,254.13
1471,1,800.56,258.86
1472,1,800.84,263.61
1473,1,801.14,268.36
1474,1,801.47,273.12
1475,1,801.83,277.88
1476,1,802.21,282.63
1477,1,802.62,287.37
1478,1,803.06,292.09
1479,1,803.52,296.79
1480,1,804.02,301.46
1481,1,804.54,306.1
1482,1,805.09,310.7
1483,1,805.68,315.25
1484,1,806.29,319.76
1485,1,806.93,324.21
1486,1,807.61,328.6
1487,1,808.32,332.93
1488,1,809.05,337.19
1489,1,809.82,341.38
1490,1,810.62,345.5
1491,1,811.46,349.53
1492,1,812.32,353.47
1493,1,813.22,357.33
1494,1,814.15,361.1
1495,1,815.11,364.76
1496,1,816.11,368.33
1497,1,817.14,371.8
1498,1,818.2,375.15
1499,1,819.3,378.4
1500,1,820.42,381.54
1501,1,821.58,384.55
1502,1,822.78,387.46
1503,1,824,390.23
1504,1,825.26,392.89
1505,1,826.55,395.42
1506,1,827.87,397.81
1507,1,829.22,400.08
1508,1,830.6,402.21
1509,1,832.02,404.21
1510,1,833.46,406.07
1511,1,834.93,407.79
1512,1,836.44,409.37
1513,1,837.97,410.8
1514,1,839.53,412.09
1515,1,841.11,413.23
1516,1,842.73,414.22
1517,1,844.37,415.07
1518,1,846.04,415.76
1519,1,847.73,416.3
1520,1,849.44,416.69
1521,1,851.18,416.93
1522,1,852.94,417.01
1523,1,854.73,416.94
1524,1,856.53,416.71
1525,1,858.36,416.32
1526,1,860.2,415.78
1527,1,862.06,415.09
1528,1,863.94,414.24
1529,1,865.84,413.23
1530,1,867.75,412.07
1531,1,869.67,410.76
1532,1,871.61,409.29
1533,1,873.56,407.67
1534,1,875.52,405.9
1535,1,877.49,403.98
1536,1,879.46,401.91
1537,1,881.44,399.7
1538,1,883.43,397.34
1539,1,885.42,394.83
1540,1,887.41,392.18
1541,1,889.41,389.4
1542,1,891.4,386.48
1543,1,893.38,383.42
1544,1,895.37,380.23
1545,1,897.35,376.91
1546,1,899.32,373.47
1547,1,901.28,369.91
1548,1,903.22,366.22
1549,1,905.16,362.43
1550,1,907.08,358.52
1551,1,908.99,354.5
1552,1,910.88,350.38
1553,1,912.74,346.16
1554,1,914.59,341.84
1555,1,916.42,337.43
1556,1,918.22,332.94
1557,1,920,328.37
1558,1,921.76,323.71
1559,1,923.48,318.99
1560,1,925.18,314.2
1561,1,926.85,309.35
1562,1,928.49,304.44
1563,1,930.1,299.48
1564,1,931.67,294.48
1565,1,933.21,289.44
1566,1,934.72,284.36
1567,1,936.2,279.25
1568,1,937.64,274.12
1569,1,939.05,268.97
1570,1,940.42,263.82
1571,1,941.75,258.66
1572,1,943.05,253.49
1573,1,944.31,248.34
1574,1,945.54,243.2
1575,1,946.72,238.08
1576,1,947.87,232.98
1577,1,948.99,227.92
1578,1,950.07,222.89
1579,1,951.11,217.91
1580,1,952.12,212.97
1581,1,953.08,208.09
1582,1,954.02,203.28
1583,1,954.92,198.52
1584,1,955.78,193.85
1585,1,956.61,189.24
1586,1,957.41,184.72
1587,1,958.17,180.29
1588,1,958.9,175.96
1589,1,959.6,171.72
1590,1,960.26,167.58
1591,1,960.9,163.56
1592,1,961.51,159.65
1593,1,962.08,155.85
1594,1,962.64,152.18
1595,1,963.16,148.63
1596,1,963.66,145.22
1597,1,964.13,141.94
1598,1,964.58,138.8
1599,1,965.01,135.81
1600,1,965.41,132.96
1601,1,965.8,130.27
1602,1,966.17,127.73
1603,1,966.51,125.35
1604,1,966.84,123.13
1605,1,967.16,121.08
1606,1,967.46,119.19
1607,1,967.74,117.49
1608,1,968.02,115.95
1609,1,968.28,114.59
1610,1,968.53,113.42
1611,1,968.78,112.43
1612,1,969.02,111.62
1613,1,969.25,111
1614,1,969.47,110.58
1615,1,969.69,110.34
1616,1,969.91,110.3
1617,1,970.13,110.45
1618,1,970.34,110.8
1619,1,970.56,111.35
1620,1,970.77,112.09
1621,1,970.99,113.04
1622,1,971.22,114.19
1623,1,971.45,115.53
1624,1,971.68,117.08
1625,1,971.92,118.83
1626,1,972.17,120.78
1627,1,972.43,122.93
1628,1,972.69,125.27
1629,1,972.97,127.82
1630,1,973.26,130.56
1631,1,973.56,133.5
1632,1,973.87,136.64
1633,1,974.2,139.96
1634,1,974.54,143.48
1635,1,974.9,147.18
1636,1,975.27,151.07
1637,1,975.66,155.14
1638,1,976.07,159.39
1639,1,976.5,163.81
1640,1,976.94,168.4
1641,1,977.4,173.16
1642,1,977.89,178.07
1643,1,978.39,183.15
1644,1,978.91,188.37
1645,1,979.46,193.74
1646,1,980.02,199.24
1647,1,980.61,204.88
1648,1,981.22,210.64
1649,1,981.85,216.52
1650,1,982.5,222.51
1651,1,983.18,228.6
1652,1,983.88,234.78
1653,1,984.6,241.05
1654,1,985.35,247.39
1655,1,986.12,253.81
1656,1,986.91,260.28
1657,1,987.72,266.8
1658,1,988.56,273.37
1659,1,989.42,279.96
1660,1,990.3,286.58
1661,1,991.21,293.21
1662,1,992.14,299.85
1663,1,993.09,306.49
1664,1,994.06,313.11
1665,1,995.06,319.71
1666,1,996.08,326.28
1667,1,997.12,332.82
1668,1,998.18,339.31
1669,1,999.26,345.74
1670,1,1000.4,352.12
1671,1,1001.5,358.43
1672,1,1002.6,364.66
1673,1,1003.8,370.81
1674,1,1005,376.87
1675,1,1006.2,382.83
1676,1,1007.4,388.69
1677,1,1008.7,394.44
1678,1,1009.9,400.08
1679,1,1011.2,405.6
1680,1,1012.5,410.98
1681,1,1013.8,416.24
1682,1,1015.2,421.36
1683,1,1016.5,426.33
1684,1,1017.9,431.16
1685,1,1019.3,435.83
1686,1,1020.7,440.35
1687,1,1022.1,444.71
1688,1,1023.5,448.9
1689,1,1025,452.92
1690,1,1026.5,456.78
1691,1,1027.9,460.46
1692,1,1029.4,463.97
1693,1,1030.9,467.29
1694,1,1032.5,470.44
1695,1,1034,473.4
1696,1,1035.5,476.18
1697,1,1037.1,478.77
1698,1,1038.6,481.17
1699,1,1040.2,483.39
1700,1,1041.8,485.42
1701,1,1043.4,487.26
1702,1,1045,488.91
1703,1,1046.6,490.37
1704,1,1048.2,491.63
1705,1,1049.8,492.72
1706,1,1051.5,493.61
1707,1,1053.1,494.31
1708,1,1054.8,494.83
1709,1,1056.4,495.16
1710,1,1058.1,495.31
1711,1,1059.7,495.27
1712,1,1061.4,495.05
1713,1,1063,494.66
1714,1,1064.7,494.09
1715,1,1066.4,493.34
1716,1,1068,492.42
1717,1,1069.7,491.34
1718,1,1071.4,490.09
1719,1,1073,488.67
1720,1,1074.7,487.1
1721,1,1076.3,485.37
1722,1,1077.9,483.49
1723,1,1079.6,481.46
1724,1,1081.2,479.28
1725,1,1082.8,476.97
1726,1,1084.4,474.52
1727,1,1086,471.93
1728,1,1087.6,469.22
1729,1,1089.1,466.38
1730,1,1090.7,463.42
1731,1,1092.2,460.35
1732,1,1093.7,457.17
1733,1,1095.2,453.88
1734,1,1096.6,450.48
1735,1,1098.1,446.99
1736,1,1099.5,443.41
1737,1,1100.9,439.74
1738,1,1102.3,435.98
1739,1,1103.6,432.14
1740,1,1104.9,428.23
1741,1,1106.2,424.25
1742,1,1107.5,420.2
1743,1,1108.7,416.09
1744,1,1109.9,411.91
1745,1,1111.1,407.69
1746,1,1112.2,403.42
1747,1,1113.3,399.1
1748,1,1114.4,394.74
1749,1,1115.4,390.34
1750,1,1116.5,385.91
1751,1,1117.4,381.46
1752,1,1118.4,376.98
1753,1,1119.3,372.48
1754,1,1120.2,367.96
1755,1,1121,363.43
1756,1,1121.9,358.89
1757,1,1122.6,354.34
1758,1,1123.4,349.79
1759,1,1124.1,345.25
1760,1,1124.8,340.7
1761,1,1125.4,336.17
1762,1,1126.1,331.64
1763,1,1126.7,327.13
1764,1,1127.2,322.63
1765,1,1127.7,318.15
1766,1,1128.2,313.69
1767,1,1128.7,309.26
1768,1,1129.1,304.84
1769,1,1129.6,300.46
1770,1,1129.9,296.1
1771,1,1130.3,291.77
1772,1,1130.6,287.47
1773,1,1130.9,283.21
1774,1,1131.2,278.98
1775,1,1131.4,274.79
1776,1,1131.6,270.63
1777,1,1131.8,266.52
1778,1,1132,262.44
1779,1,1132.1,258.41
1780,1,1132.2,254.41
1781,1,1132.3,250.46
1782,1,1132.4,246.56
1783,1,1132.4,242.7
1784,1,1132.4,238.88
1785,1,1132.4,235.12
1786,1,1132.4,231.4
1787,1,1132.4,227.73
1788,1,1132.3,224.11
1789,1,1132.2,220.55
1790,1,1132.2,217.03
1791,1,1132,213.57
1792,1,1131.9,210.16
1793,1,1131.8,206.81
1794,1,1131.6,203.51
1795,1,1131.5,200.27
1796,1,1131.3,197.09
1797,1,1131.1,193.96
1798,1,1130.9,190.9
1799,1,1130.7,187.89
1800,1,1130.4,184.94
1801,1,1130.2,182.05
1802,1,1130,179.23
1803,1,1129.7,176.47
1804,1,1129.5,173.77
1805,1,1129.2,171.13
1806,1,1129,168.56
1807,1,1128.7,166.05
1808,1,1128.4,163.61
1809,1,1128.2,161.24
1810,1,1127.9,158.93
1811,1,1127.6,156.7
1812,1,1127.3,154.53
1813,1,1127.1,152.43
1814,1,1126.8,150.41
1815,1,1126.5,148.45
1816,1,1126.3,146.57
1817,1,1126,144.76
1818,1,1125.8,143.03
1819,1,1125.5,141.36
1820,1,1125.3,139.78
1821,1,1125,138.27
1822,1,1124.8,136.84
1823,1,1124.6,135.48
1824,1,1124.4,134.2
1825,1,1124.2,133.01
1826,1,1124,131.89
1827,1,1123.8,130.85
1828,1,1123.7,129.89
1829,1,1123.5,129.01
1830,1,1123.4,128.22
1831,1,1123.3,127.5
1832,1,1123.2,126.88
1833,1,1123.1,126.33
1834,1,1123,125.87
1835,1,1123,125.49
1836,1,1122.9,125.2
1837,1,1122.9,124.99
1838,1,1122.9,124.87
1839,1,1122.9,124.84
1840,1,1123,124.89
1841,1,1123.1,125.03
1842,1,1123.1,125.26
1843,1,1123.3,125.58
1844,1,1123.4,125.98
1845,1,1123.6,126.47
1846,1,1123.8,127.06
1847,1,1124,127.72
1848,1,1124.2,128.48
1849,1,1124.5,129.33
1850,1,1124.8,130.26
1851,1,1125.1,131.28
1852,1,1125.5,132.39
1853,1,1125.9,133.59
1854,1,1126.3,134.87
1855,1,1126.8,136.24
1856,1,1127.3,137.7
1857,1,1127.8,139.24
1858,1,1128.4,140.86
1859,1,1129,142.56
1860,1,1129.6,144.35
1861,1,1130.2,146.21
1862,1,1130.9,148.16
1863,1,1131.7,150.18
1864,1,1132.5,152.28
1865,1,1133.3,154.45
1866,1,1134.1,156.69
1867,1,1135,159
1868,1,1135.9,161.38
1869,1,1136.9,163.82
1870,1,1137.9,166.33
1871,1,1138.9,168.89
1872,1,1140,171.51
1873,1,1141.2,174.19
1874,1,1142.3,176.91
1875,1,1143.5,179.68
1876,1,1144.8,182.49
1877,1,1146.1,185.34
1878,1,1147.4,188.23
1879,1,1148.8,191.15
1880,1,1150.2,194.09
1881,1,1151.6,197.05
1882,1,1153.1,200.03
1883,1,1154.6,203.02
1884,1,1156.2,206.02
1885,1,1157.8,209.01
1886,1,1159.4,212
1887,1,1161.1,214.98
1888,1,1162.8,217.94
1889,1,1164.6,220.87
1890,1,1166.3,223.78
1891,1,1168.2,226.65
1892,1,1170,229.49
1893,1,1171.9,232.27
1894,1,1173.8,235
1895,1,1175.7,237.68
1896,1,1177.7,240.29
1897,1,1179.7,242.83
1898,1,1181.7,245.29
1899,1,1183.7,247.68
1900,1,1185.8,249.98
1901,1,1187.9,252.19
1902,1,1190,254.3
1903,1,1192.1,256.32
1904,1,1194.3,258.23
1905,1,1196.4,260.04
1906,1,1198.6,261.73
1907,1,1200.8,263.3
1908,1,1203,264.76
1909,1,1205.2,266.09
1910,1,1207.4,267.3
1911,1,1209.7,268.38
1912,1,1211.9,269.33
1913,1,1214.1,270.14
1914,1,1216.4,270.82
1915,1,1218.6,271.36
1916,1,1220.9,271.77
1917,1,1223.1,272.03
1918,1,1225.4,272.16
1919,1,1227.6,272.14
1920,1,1229.8,271.99
1921,1,1232,271.69
1922,1,1234.3,271.25
1923,1,1236.5,270.68
1924,1,1238.7,269.96
1925,1,1240.8,269.11
1926,1,1243,268.13
1927,1,1245.1,267
1928,1,1247.3,265.75
1929,1,1249.4,264.37
1930,1,1251.5,262.86
1931,1,1253.5,261.23
1932,1,1255.6,259.47
1933,1,1257.6,257.6
1934,1,1259.6,255.62
1935,1,1261.5,253.52
1936,1,1263.5,251.32
1937,1,1265.4,249.01
1938,1,1267.2,246.61
1939,1,1269.1,244.11
1940,1,1270.8,241.53
1941,1,1272.6,238.86
1942,1,1274.3,236.11
1943,1,1276,233.29
1944,1,1277.7,230.4
1945,1,1279.3,227.44
1946,1,1280.8,224.43
1947,1,1282.3,221.37
1948,1,1283.8,218.26
1949,1,1285.3,215.1
1950,1,1286.7,211.92
1951,1,1288,208.7
1952,1,1289.3,205.46
1953,1,1290.6,202.19
1954,1,1291.8,198.92
1955,1,1292.9,195.64
1956,1,1294.1,192.36
1957,1,1295.2,189.08
1958,1,1296.2,185.82
1959,1,1297.2,182.57
1960,1,1298.1,179.34
1961,1,1299,176.14
1962,1,1299.9,172.97
1963,1,1300.7,169.85
1964,1,1301.5,166.77
1965,1,1302.2,163.74
1966,1,1302.9,160.76
1967,1,1303.6,157.85
1968,1,1304.2,155
1969,1,1304.8,152.23
1970,1,1305.4,149.53
1971,1,1305.9,146.91
1972,1,1306.3,144.38
1973,1,1306.8,141.95
1974,1,1307.2,139.61
1975,1,1307.6,137.37
1976,1,1307.9,135.23
1977,1,1308.2,133.21
1978,1,1308.5,131.29
1979,1,1308.8,129.5
1980,1,1309,127.82
1981,1,1309.2,126.28
1982,1,1309.4,124.86
1983,1,1309.6,123.57
1984,1,1309.7,122.41
1985,1,1309.8,121.4
1986,1,1309.9,120.52
1987,1,1310,119.79
1988,1,1310.1,119.2
1989,1,1310.1,118.77
1990,1,1310.1,118.48
1991,1,1310.1,118.35
1992,1,1310.1,118.37
1993,1,1310.1,118.54
1994,1,1310,118.88
1995,1,1310,119.38
1996,1,1309.9,120.03
1997,1,1309.9,120.85
1998,1,1309.8,121.84
1999,1,1309.7,122.98
2000,1,1309.6,124.29
2001,1,1309.5,125.77
2002,1,1309.4,127.41
2003,1,1309.3,129.21
2004,1,1309.2,131.18
2005,1,1309.1,133.31
2006,1,1308.9,135.61
2007,1,1308.8,138.07
2008,1,1308.7,140.69
2009,1,1308.6,143.47
2010,1,1308.5,146.41
2011,1,1308.4,149.5
2012,1,1308.3,152.75
2013,1,1308.2,156.15
2014,1,1308.1,159.71
2015,1,1308.1,163.4
2016,1,1308,167.24
2017,1,1307.9,171.22
2018,1,1307.9,175.34
2019,1,1307.9,179.59
2020,1,1307.9,183.97
2021,1,1307.9,188.47
2022,1,1307.9,193.09
2023,1,1307.9,197.82
2024,1,1308,202.66
2025,1,1308,207.6
2026,1,1308.1,212.64
2027,1,1308.2,217.77
2028,1,1308.4,222.98
2029,1,1308.5,228.28
2030,1,1308.7,233.64
2031,1,1308.9,239.07
2032,1,1309.2,244.56
2033,1,1309.4,250.1
2034,1,1309.7,255.69
2035,1,1310,261.31
2036,1,1310.4,266.97
2037,1,1310.7,272.65
2038,1,1311.1,278.35
2039,1,1311.6,284.07
2040,1,1312.1,289.78
2041,1,1312.6,295.5
2042,1,1313.1,301.21
2043,1,1313.7,306.9
2044,1,1314.3,312.58
2045,1,1314.9,318.23
2046,1,1315.6,323.84
2047,1,1316.3,329.42
2048,1,1317.1,334.96
2049,1,1317.9,340.44
2050,1,1318.7,345.86
2051,1,1319.6,351.23
2052,1,1320.5,356.52
2053,1,1321.5,361.75
2054,1,1322.5,366.89
2055,1,1323.5,371.95
2056,1,1324.6,376.92
2057,1,1325.7,381.8
2058,1,1326.9,386.57
2059,1,1328.1,391.24
2060,1,1329.3,395.81
2061,1,1330.6,400.25
2062,1,1332,404.59
2063,1,1333.3,408.79
2064,1,1334.7,412.87
2065,1,1336.2,416.82
2066,1,1337.6,420.64
2067,1,1339.2,424.32
2068,1,1340.7,427.85
2069,1,1342.3,431.24
2070,1,1343.9,434.48
2071,1,1345.6,437.57
2072,1,1347.3,440.51
2073,1,1349,443.29
2074,1,1350.8,445.91
2075,1,1352.6,448.37
2076,1,1354.4,450.66
2077,1,1356.2,452.79
2078,1,1358.1,454.75
2079,1,1360,456.53
2080,1,1361.9,458.15
2081,1,1363.9,459.6
2082,1,1365.9,460.87
2083,1,1367.9,461.96
2084,1,1369.9,462.88
2085,1,1371.9,463.62
2086,1,1373.9,464.19
2087,1,1376,464.57
2088,1,1378.1,464.79
2089,1,1380.2,464.82
2090,1,1382.3,464.67
2091,1,1384.4,464.35
2092,1,1386.5,463.85
2093,1,1388.6,463.18
2094,1,1390.7,462.33
2095,1,1392.8,461.31
2096,1,1394.9,460.12
2097,1,1397,458.76
2098,1,1399.1,457.23
2099,1,1401.2,455.53
2100,1,1403.3,453.67
2101,1,1405.3,451.64
2102,1,1407.4,449.46
2103,1,1409.4,447.12
2104,1,1411.5,444.63
2105,1,1413.5,441.99
2106,1,1415.5,439.19
2107,1,1417.4,436.26
2108,1,1419.4,433.19
2109,1,1421.3,429.97
2110,1,1423.2,426.63
2111,1,1425.1,423.16
2112,1,1426.9,419.56
2113,1,1428.7,415.85
2114,1,1430.5,412.02
2115,1,1432.3,408.08
2116,1,1434,404.03
2117,1,1435.7,399.88
2118,1,1437.4,395.63
2119,1,1439,391.29
2120,1,1440.6,386.86
2121,1,1442.1,382.36
2122,1,1443.6,377.77
2123,1,1445.1,373.11
2124,1,1446.6,368.39
2125,1,1448,363.6
2126,1,1449.3,358.76
2127,1,1450.7,353.86
2128,1,1452,348.92
2129,1,1453.2,343.93
2130,1,1454.5,338.91
2131,1,1455.7,333.85
2132,1,1456.8,328.77
2133,1,1457.9,323.67
2134,1,1459,318.55
2135,1,1460,313.42
2136,1,1461,308.28
2137,1,1462,303.14
2138,1,1462.9,298.01
2139,1,1463.8,292.88
2140,1,1464.7,287.76
2141,1,1465.5,282.67
2142,1,1466.3,277.59
2143,1,1467.1,272.55
2144,1,1467.8,267.53
2145,1,1468.5,262.55
2146,1,1469.2,257.62
2147,1,1469.8,252.73
2148,1,1470.4,247.89
2149,1,1471,243.1
2150,1,1471.5,238.38
2151,1,1472,233.72
2152,1,1472.5,229.12
2153,1,1473,224.6
2154,1,1473.4,220.15
2155,1,1473.8,215.78
2156,1,1474.2,211.49
2157,1,1474.6,207.3
2158,1,1474.9,203.19
2159,1,1475.2,199.17
2160,1,1475.5,195.26
2161,1,1475.7,191.45
2162,1,1476,187.74
2163,1,1476.2,184.14
2164,1,1476.4,180.66
2165,1,1476.6,177.29
2166,1,1476.8,174.04
2167,1,1476.9,170.92
2168,1,1477.1,167.92
2169,1,1477.2,165.05
2170,1,1477.3,162.31
2171,1,1477.4,159.7
2172,1,1477.5,157.24
2173,1,1477.5,154.92
2174,1,1477.6,152.74
2175,1,1477.6,150.7
2176,1,1477.7,148.82
2177,1,1477.7,147.08
2178,1,1477.7,145.5
2179,1,1477.7,144.07
2180,1,1477.7,142.8
2181,1,1477.7,141.69
2182,1,1477.7,140.73
2183,1,1477.7,139.94
2184,1,1477.7,139.31
2185,1,1477.7,138.84
2186,1,1477.7,138.53
2187,1,1477.6,138.39
2188,1,1477.6,138.41
2189,1,1477.6,138.6
2190,1,1477.6,138.95
2191,1,1477.6,139.47
2192,1,1477.5,140.16
2193,1,1477.5,141
2194,1,1477.5,142.02
2195,1,1477.5,143.2
2196,1,1477.5,144.54
2197,1,1477.5,146.04
2198,1,1477.6,147.71
2199,1,1477.6,149.54
2200,1,1477.6,151.52
2201,1,1477.7,153.66
2202,1,1477.7,155.96
2203,1,1477.8,158.42
2204,1,1477.8,161.02
2205,1,1477.9,163.77
2206,1,1478,166.68
2207,1,1478.1,169.72
2208,1,1478.3,172.91
2209,1,1478.4,176.23
2210,1,1478.6,179.69
2211,1,1478.8,183.28
2212,1,1478.9,187
2213,1,1479.2,190.84
2214,1,1479.4,194.8
2215,1,1479.6,198.87
2216,1,1479.9,203.05
2217,1,1480.2,207.34
2218,1,1480.5,211.73
2219,1,1480.8,216.2
2220,1,1481.2,220.77
2221,1,1481.6,225.41
2222,1,1482,230.13
2223,1,1482.4,234.92
2224,1,1482.9,239.77
2225,1,1483.3,244.68
2226,1,1483.8,249.63
2227,1,1484.4,254.62
2228,1,1484.9,259.65
2229,1,1485.5,264.7
2230,1,1486.2,269.77
2231,1,1486.8,274.86
2232,1,1487.5,279.94
2233,1,1488.2,285.03
2234,1,1489,290.1
2235,1,1489.7,295.16
2236,1,1490.5,300.19
2237,1,1491.4,305.19
2238,1,1492.3,310.15
2239,1,1493.2,315.06
2240,1,1494.1,319.92
2241,1,1495.1,324.72
2242,1,1496.1,329.46
2243,1,1497.2,334.12
2244,1,1498.3,338.7
2245,1,1499.5,343.2
2246,1,1500.6,347.6
2247,1,1501.8,351.91
2248,1,1503.1,356.12
2249,1,1504.4,360.22
2250,1,1505.7,364.21
2251,1,1507.1,368.08
2252,1,1508.5,371.83
2253,1,1510,375.46
2254,1,1511.5,378.95
2255,1,1513.1,382.31
2256,1,1514.7,385.54
2257,1,1516.3,388.62
2258,1,1518,391.55
2259,1,1519.7,394.34
2260,1,1521.5,396.97
2261,1,1523.3,399.45
2262,1,1525.1,401.77
2263,1,1527.1,403.93
2264,1,1529,405.93
2265,1,1531,407.77
2266,1,1533,409.43
2267,1,1535.1,410.93
2268,1,1537.3,412.26
2269,1,1539.4,413.41
2270,1,1541.7,414.39
2271,1,1543.9,415.19
2272,1,1546.3,415.82
2273,1,1548.6,416.27
2274,1,1551,416.54
2275,1,1553.5,416.63
2276,1,1556,416.54
2277,1,1558.5,416.27
2278,1,1561.1,415.82
2279,1,1563.7,415.19
2280,1,1566.3,414.38
2281,1,1569,413.39
2282,1,1571.8,412.23
2283,1,1574.5,410.89
2284,1,1577.4,409.37
2285,1,1580.2,407.68
2286,1,1583.1,405.81
2287,1,1586,403.77
2288,1,1588.9,401.57
2289,1,1591.9,399.2
2290,1,1594.8,396.66
2291,1,1597.9,393.97
2292,1,1600.9,391.11
2293,1,1603.9,388.11
2294,1,1607,384.95
2295,1,1610.1,381.65
2296,1,1613.2,378.2
2297,1,1616.3,374.61
2298,1,1619.4,370.9
2299,1,1622.5,367.05
2300,1,1625.6,363.08
2301,1,1628.7,358.99
2302,1,1631.8,354.79
2303,1,1634.9,350.48
2304,1,1637.9,346.07
2305,1,1641,341.57
2306,1,1644,336.98
2307,1,1647,332.3
2308,1,1650,327.55
2309,1,1653,322.73
2310,1,1655.9,317.85
2311,1,1658.8,312.91
2312,1,1661.6,307.92
2313,1,1664.4,302.89
2314,1,1667.2,297.82
2315,1,1669.9,292.72
2316,1,1672.6,287.6
2317,1,1675.2,282.46
2318,1,1677.8,277.31
2319,1,1680.3,272.16
2320,1,1682.8,267.01
2321,1,1685.2,261.87
2322,1,1687.5,256.75
2323,1,1689.8,251.64
2324,1,1692,246.56
2325,1,1694.1,241.51
2326,1,1696.2,236.5
2327,1,1698.3,231.53
2328,1,1700.2,226.61
2329,1,1702.1,221.75
2330,1,1704,216.94
2331,1,1705.8,212.19
2332,1,1707.5,207.51
2333,1,1709.1,202.91
2334,1,1710.7,198.38
2335,1,1712.3,193.93
2336,1,1713.7,189.56
2337,1,1715.1,185.28
2338,1,1716.5,181.09
2339,1,1717.8,176.99
2340,1,1719,172.99
2341,1,1720.2,169.09
2342,1,1721.3,165.29
2343,1,1722.4,161.59
2344,1,1723.4,158
2345,1,1724.4,154.51
2346,1,1725.3,151.13
2347,1,1726.2,147.86
2348,1,1727,144.7
2349,1,1727.8,141.65
2350,1,1728.6,138.71
2351,1,1729.3,135.88
2352,1,1729.9,133.16
2353,1,1730.5,130.56
2354,1,1731.1,128.06
2355,1,1731.6,125.68
2356,1,1732.1,123.41
2357,1,1732.6,121.24
2358,1,1733.1,119.19
2359,1,1733.5,117.24
2360,1,1733.8,115.4
2361,1,1734.2,113.67
2362,1,1734.5,112.03
2363,1,1734.8,110.5
2364,1,1735.1,109.07
2365,1,1735.3,107.73
2366,1,1735.5,106.49
2367,1,1735.8,105.34
2368,1,1735.9,104.28
2369,1,1736.1,103.31
2370,1,1736.2,102.42
2371,1,1736.4,101.62
2372,1,1736.5,100.89
2373,1,1736.6,100.24
2374,1,1736.7,99.655
2375,1,1736.8,99.142
2376,1,1736.8,98.693
2377,1,1736.9,98.305
2378,1,1736.9,97.974
2379,1,1737,97.695
2380,1,1737,97.465
2381,1,1737,97.279
2382,1,1737,97.133
2383,1,1737.1,97.022
