1,4,332,106
2,4,332,106
3,4,332,106
4,4,332,106
5,4,332,106
6,4,332,106
7,4,332,106
8,4,332,106
9,4,332,106
10,4,332,106
11,4,332,106
12,4,332,106
13,4,332,106
14,4,332,106
15,4,332,106
16,4,332,106
17,4,332,106
18,4,332,106
19,4,332,106
20,4,332,106
21,4,332,106
22,4,332,106
23,4,332,106
24,4,332,106
25,4,332,106
26,4,332,106
27,4,332,106
28,4,332,106
29,4,332,106
30,4,332,106
31,4,332,106
32,4,332,106
33,4,332.01,106
34,4,332.01,106
35,4,332.01,106
36,4,332.01,106
37,4,332.01,106.01
38,4,332.01,106.01
39,4,332.01,106.01
40,4,332.01,106.01
41,4,332.01,106.01
42,4,332.01,106.01
43,4,332.01,106.01
44,4,332.01,106.01
45,4,332.01,106.01
46,4,332.01,106.01
47,4,332.01,106.01
48,4,332.01,106.01
49,4,332.01,106.01
50,4,332.01,106.01
51,4,332.01,106.01
52,4,332.01,106.01
53,4,332.01,106.01
54,4,332.01,106.01
55,4,332.01,106.01
56,4,332.01,106.01
57,4,332.01,106.01
58,4,332.01,106.01
59,4,332.01,106.01
60,4,332.01,106.01
61,4,332.01,106.01
62,4,332.01,106.01
63,4,332.01,106.01
64,4,332.01,106.01
65,4,332.01,106.01
66,4,332.01,106.01
67,4,332.01,106.01
68,4,332.01,106.01
69,4,332.01,106.01
70,4,332.01,106.01
71,4,332.01,106.01
72,4,332.01,106.01
73,4,332.01,106.01
74,4,332.01,106.01
75,4,332.01,106.01
76,4,332.01,106.01
77,4,332.01,106.01
78,4,332.01,106.01
79,4,332.01,106.01
80,4,332.01,106.01
81,4,332.01,106.01
82,4,332.01,106.01
83,4,332.01,106.01
84,4,332.01,106.01
85,4,332.01,106.01
86,4,332.01,106.01
87,4,332.01,106.01
88,4,332.01,106.01
89,4,332.01,106.01
90,4,332.01,106.01
91,4,332.01,106.01
92,4,332.01,106.01
93,4,332.01,106.01
94,4,332,106.01
95,4,332,106.01
96,4,332,106.01
97,4,332,106.01
98,4,332,106.01
99,4,332,106.01
100,4,332,106
101,4,332,106
102,4,332,106
103,4,332,106
104,4,332,106
105,4,331.99,106
106,4,331.99,106
107,4,331.99,106
108,4,331.99,106
109,4,331.99,106
110,4,331.99,105.99
111,4,331.99,105.99
112,4,331.98,105.99
113,4,331.98,105.99
114,4,331.98,105.99
115,4,331.98,105.99
116,4,331.98,105.99
117,4,331.98,105.98
118,4,331.97,105.98
119,4,331.97,105.98
120,4,331.97,105.98
121,4,331.97,105.98
122,4,331.96,105.97
123,4,331.96,105.97
124,4,331.96,105.97
125,4,331.96,105.97
126,4,331.95,105.97
127,4,331.95,105.96
128,4,331.95,105.96
129,4,331.95,105.96
130,4,331.94,105.96
131,4,331.94,105.95
132,4,331.94,105.95
133,4,331.93,105.95
134,4,331.93,105.94
135,4,331.93,105.94
136,4,331.92,105.94
137,4,331.92,105.93
138,4,331.92,105.93
139,4,331.91,105.93
140,4,331.91,105.92
141,4,331.9,105.92
142,4,331.9,105.92
143,4,331.9,105.91
144,4,331.89,105.91
145,4,331.89,105.9
146,4,331.88,105.9
147,4,331.88,105.9
148,4,331.88,105.89
149,4,331.87,105.89
150,4,331.87,105.88
151,4,331.86,105.88
152,4,331.86,105.87
153,4,331.85,105.87
154,4,331.85,105.87
155,4,331.84,105.86
156,4,331.84,105.86
157,4,331.84,105.85
158,4,331.83,105.85
159,4,331.83,105.84
160,4,331.82,105.84
161,4,331.82,105.83
162,4,331.81,105.83
163,4,331.81,105.82
164,4,331.8,105.82
165,4,331.8,105.81
166,4,331.8,105.81
167,4,331.79,105.8
168,4,331.79,105.8
169,4,331.78,105.8
170,4,331.78,105.79
171,4,331.78,105.79
172,4,331.77,105.78
173,4,331.77,105.78
174,4,331.77,105.77
175,4,331.76,105.77
176,4,331.76,105.77
177,4,331.76,105.76
178,4,331.76,105.76
179,4,331.75,105.76
180,4,331.75,105.75
181,4,331.75,105.75
182,4,331.75,105.75
183,4,331.75,105.74
184,4,331.75,105.74
185,4,331.75,105.74
186,4,331.75,105.74
187,4,331.75,105.74
188,4,331.75,105.74
189,4,331.75,105.74
190,4,331.75,105.74
191,4,331.75,105.74
192,4,331.76,105.74
193,4,331.76,105.74
194,4,331.76,105.74
195,4,331.77,105.74
196,4,331.77,105.74
197,4,331.78,105.75
198,4,331.79,105.75
199,4,331.79,105.75
200,4,331.8,105.76
201,4,331.81,105.77
202,4,331.82,105.77
203,4,331.83,105.78
204,4,331.84,105.79
205,4,331.86,105.79
206,4,331.87,105.8
207,4,331.88,105.81
208,4,331.9,105.83
209,4,331.92,105.84
210,4,331.93,105.85
211,4,331.95,105.86
212,4,331.97,105.88
213,4,331.99,105.9
214,4,332.01,105.91
215,4,332.04,105.93
216,4,332.06,105.95
217,4,332.09,105.97
218,4,332.11,105.99
219,4,332.14,106.02
220,4,332.17,106.04
221,4,332.2,106.07
222,4,332.24,106.09
223,4,332.27,106.12
224,4,332.31,106.15
225,4,332.34,106.18
226,4,332.38,106.21
227,4,332.42,106.25
228,4,332.46,106.29
229,4,332.51,106.32
230,4,332.55,106.36
231,4,332.6,106.4
232,4,332.65,106.44
233,4,332.7,106.49
234,4,332.75,106.53
235,4,332.81,106.58
236,4,332.86,106.63
237,4,332.92,106.68
238,4,332.98,106.74
239,4,333.04,106.79
240,4,333.11,106.85
241,4,333.17,106.91
242,4,333.24,106.97
243,4,333.31,107.03
244,4,333.38,107.1
245,4,333.45,107.16
246,4,333.53,107.23
247,4,333.6,107.3
248,4,333.68,107.37
249,4,333.76,107.45
250,4,333.85,107.52
251,4,333.93,107.6
252,4,334.02,107.68
253,4,334.1,107.76
254,4,334.19,107.85
255,4,334.28,107.93
256,4,334.37,108.02
257,4,334.47,108.11
258,4,334.56,108.2
259,4,334.66,108.3
260,4,334.76,108.39
261,4,334.86,108.49
262,4,334.96,108.59
263,4,335.06,108.68
264,4,335.16,108.79
265,4,335.26,108.89
266,4,335.36,108.99
267,4,335.47,109.1
268,4,335.57,109.2
269,4,335.68,109.31
270,4,335.78,109.42
271,4,335.89,109.53
272,4,335.99,109.64
273,4,336.1,109.75
274,4,336.21,109.87
275,4,336.31,109.98
276,4,336.42,110.09
277,4,336.52,110.21
278,4,336.62,110.33
279,4,336.73,110.44
280,4,336.83,110.56
281,4,336.93,110.68
282,4,337.03,110.8
283,4,337.14,110.92
284,4,337.24,111.04
285,4,337.34,111.16
286,4,337.43,111.29
287,4,337.53,111.41
288,4,337.63,111.53
289,4,337.72,111.66
290,4,337.82,111.78
291,4,337.91,111.91
292,4,338.01,112.03
293,4,338.1,112.16
294,4,338.19,112.29
295,4,338.28,112.41
296,4,338.37,112.54
297,4,338.46,112.67
298,4,338.55,112.8
299,4,338.63,112.93
300,4,338.72,113.06
301,4,338.8,113.19
302,4,338.88,113.32
303,4,338.97,113.45
304,4,339.05,113.58
305,4,339.13,113.72
306,4,339.21,113.85
307,4,339.29,113.98
308,4,339.36,114.11
309,4,339.44,114.25
310,4,339.52,114.38
311,4,339.59,114.52
312,4,339.66,114.65
313,4,339.74,114.79
314,4,339.81,114.92
315,4,339.88,115.06
316,4,339.95,115.19
317,4,340.02,115.33
318,4,340.08,115.46
319,4,340.15,115.6
320,4,340.22,115.74
321,4,340.28,115.87
322,4,340.34,116.01
323,4,340.41,116.15
324,4,340.47,116.28
325,4,340.53,116.42
326,4,340.59,116.56
327,4,340.64,116.7
328,4,340.7,116.83
329,4,340.76,116.97
330,4,340.81,117.11
331,4,340.86,117.25
332,4,340.92,117.39
333,4,340.97,117.53
334,4,341.01,117.67
335,4,341.06,117.81
336,4,341.11,117.95
337,4,341.15,118.09
338,4,341.19,118.23
339,4,341.23,118.37
340,4,341.27,118.51
341,4,341.31,118.65
342,4,341.35,118.8
343,4,341.38,118.94
344,4,341.41,119.09
345,4,341.44,119.24
346,4,341.47,119.38
347,4,341.5,119.53
348,4,341.52,119.68
349,4,341.54,119.83
350,4,341.56,119.99
351,4,341.58,120.14
352,4,341.6,120.3
353,4,341.61,120.46
354,4,341.62,120.62
355,4,341.63,120.78
356,4,341.64,120.95
357,4,341.64,121.12
358,4,341.64,121.29
359,4,341.64,121.47
360,4,341.64,121.64
361,4,341.63,121.83
362,4,341.62,122.01
363,4,341.61,122.2
364,4,341.6,122.39
365,4,341.58,122.59
366,4,341.56,122.8
367,4,341.54,123
368,4,341.51,123.22
369,4,341.48,123.44
370,4,341.45,123.66
371,4,341.42,123.9
372,4,341.38,124.13
373,4,341.34,124.38
374,4,341.3,124.63
375,4,341.25,124.89
376,4,341.2,125.16
377,4,341.15,125.44
378,4,341.1,125.73
379,4,341.04,126.03
380,4,340.98,126.33
381,4,340.91,126.65
382,4,340.84,126.98
383,4,340.77,127.31
384,4,340.7,127.66
385,4,340.62,128.02
386,4,340.54,128.4
387,4,340.46,128.78
388,4,340.37,129.18
389,4,340.28,129.59
390,4,340.19,130.02
391,4,340.1,130.46
392,4,340,130.92
393,4,339.89,131.39
394,4,339.79,131.87
395,4,339.68,132.38
396,4,339.57,132.9
397,4,339.46,133.43
398,4,339.34,133.98
399,4,339.22,134.56
400,4,339.1,135.14
401,4,338.98,135.75
402,4,338.85,136.38
403,4,338.72,137.02
404,4,338.59,137.69
405,4,338.46,138.37
406,4,338.32,139.08
407,4,338.19,139.81
408,4,338.05,140.55
409,4,337.91,141.32
410,4,337.77,142.11
411,4,337.62,142.92
412,4,337.48,143.76
413,4,337.33,144.62
414,4,337.18,145.49
415,4,337.04,146.4
416,4,336.89,147.32
417,4,336.74,148.27
418,4,336.59,149.24
419,4,336.44,150.23
420,4,336.29,151.25
421,4,336.14,152.29
422,4,336,153.35
423,4,335.85,154.44
424,4,335.7,155.55
425,4,335.56,156.68
426,4,335.41,157.84
427,4,335.27,159.02
428,4,335.13,160.22
429,4,335,161.45
430,4,334.86,162.69
431,4,334.73,163.96
432,4,334.6,165.25
433,4,334.48,166.56
434,4,334.36,167.9
435,4,334.24,169.25
436,4,334.13,170.62
437,4,334.02,172.01
438,4,333.91,173.42
439,4,333.81,174.85
440,4,333.72,176.3
441,4,333.63,177.77
442,4,333.55,179.25
443,4,333.48,180.75
444,4,333.41,182.26
445,4,333.35,183.79
446,4,333.3,185.33
447,4,333.25,186.89
448,4,333.22,188.46
449,4,333.19,190.04
450,4,333.17,191.63
451,4,333.16,193.24
452,4,333.15,194.85
453,4,333.16,196.48
454,4,333.18,198.11
455,4,333.21,199.75
456,4,333.25,201.4
457,4,333.3,203.06
458,4,333.36,204.72
459,4,333.43,206.38
460,4,333.51,208.05
461,4,333.61,209.73
462,4,333.72,211.41
463,4,333.84,213.09
464,4,333.97,214.77
465,4,334.11,216.46
466,4,334.27,218.15
467,4,334.44,219.83
468,4,334.63,221.52
469,4,334.82,223.2
470,4,335.04,224.89
471,4,335.26,226.57
472,4,335.5,228.25
473,4,335.75,229.92
474,4,336.02,231.59
475,4,336.3,233.26
476,4,336.59,234.92
477,4,336.9,236.58
478,4,337.22,238.23
479,4,337.55,239.88
480,4,337.9,241.52
481,4,338.27,243.15
482,4,338.65,244.77
483,4,339.04,246.39
484,4,339.44,247.99
485,4,339.86,249.59
486,4,340.29,251.18
487,4,340.74,252.76
488,4,341.2,254.32
489,4,341.67,255.88
490,4,342.16,257.42
491,4,342.66,258.95
492,4,343.17,260.47
493,4,343.7,261.98
494,4,344.24,263.47
495,4,344.79,264.95
496,4,345.35,266.42
497,4,345.93,267.86
498,4,346.52,269.3
499,4,347.12,270.72
500,4,347.74,272.12
501,4,348.37,273.5
502,4,349.01,274.86
503,4,349.66,276.21
504,4,350.32,277.54
505,4,350.99,278.85
506,4,351.68,280.13
507,4,352.37,281.4
508,4,353.08,282.64
509,4,353.8,283.87
510,4,354.53,285.06
511,4,355.27,286.24
512,4,356.02,287.39
513,4,356.78,288.52
514,4,357.54,289.62
515,4,358.32,290.69
516,4,359.11,291.74
517,4,359.91,292.76
518,4,360.71,293.75
519,4,361.53,294.71
520,4,362.35,295.65
521,4,363.18,296.55
522,4,364.02,297.42
523,4,364.86,298.27
524,4,365.72,299.07
525,4,366.58,299.85
526,4,367.45,300.6
527,4,368.32,301.31
528,4,369.2,301.98
529,4,370.08,302.63
530,4,370.97,303.23
531,4,371.87,303.8
532,4,372.77,304.34
533,4,373.68,304.84
534,4,374.59,305.3
535,4,375.51,305.73
536,4,376.43,306.11
537,4,377.35,306.46
538,4,378.28,306.77
539,4,379.21,307.05
540,4,380.14,307.28
541,4,381.08,307.47
542,4,382.01,307.63
543,4,382.96,307.74
544,4,383.9,307.82
545,4,384.84,307.85
546,4,385.79,307.85
547,4,386.74,307.8
548,4,387.69,307.72
549,4,388.64,307.59
550,4,389.6,307.42
551,4,390.55,307.21
552,4,391.51,306.96
553,4,392.46,306.67
554,4,393.42,306.34
555,4,394.37,305.96
556,4,395.33,305.54
557,4,396.29,305.08
558,4,397.24,304.58
559,4,398.2,304.04
560,4,399.16,303.46
561,4,400.11,302.83
562,4,401.06,302.17
563,4,402.02,301.46
564,4,402.97,300.71
565,4,403.92,299.92
566,4,404.87,299.09
567,4,405.82,298.21
568,4,406.77,297.3
569,4,407.72,296.34
570,4,408.66,295.35
571,4,409.6,294.31
572,4,410.54,293.23
573,4,411.48,292.11
574,4,412.42,290.96
575,4,413.36,289.76
576,4,414.29,288.52
577,4,415.22,287.25
578,4,416.15,285.93
579,4,417.08,284.58
580,4,418,283.19
581,4,418.92,281.76
582,4,419.84,280.3
583,4,420.75,278.8
584,4,421.66,277.26
585,4,422.57,275.68
586,4,423.47,274.07
587,4,424.37,272.43
588,4,425.27,270.75
589,4,426.16,269.04
590,4,427.05,267.3
591,4,427.93,265.52
592,4,428.81,263.71
593,4,429.68,261.88
594,4,430.55,260.01
595,4,431.41,258.11
596,4,432.27,256.18
597,4,433.12,254.23
598,4,433.96,252.25
599,4,434.8,250.24
600,4,435.63,248.21
601,4,436.45,246.15
602,4,437.27,244.06
603,4,438.08,241.96
604,4,438.88,239.83
605,4,439.67,237.68
606,4,440.45,235.5
607,4,441.23,233.31
608,4,442,231.1
609,4,442.75,228.87
610,4,443.5,226.61
611,4,444.24,224.35
612,4,444.97,222.06
613,4,445.69,219.76
614,4,446.4,217.44
615,4,447.1,215.1
616,4,447.79,212.76
617,4,448.46,210.39
618,4,449.13,208.02
619,4,449.79,205.63
620,4,450.43,203.23
621,4,451.07,200.82
622,4,451.69,198.4
623,4,452.3,195.98
624,4,452.91,193.54
625,4,453.5,191.09
626,4,454.07,188.64
627,4,454.64,186.18
628,4,455.2,183.72
629,4,455.74,181.25
630,4,456.28,178.78
631,4,456.8,176.31
632,4,457.31,173.83
633,4,457.81,171.35
634,4,458.3,168.88
635,4,458.78,166.4
636,4,459.25,163.93
637,4,459.7,161.46
638,4,460.15,159
639,4,460.58,156.55
640,4,461,154.1
641,4,461.42,151.65
642,4,461.82,149.22
643,4,462.21,146.8
644,4,462.59,144.4
645,4,462.96,142
646,4,463.32,139.63
647,4,463.67,137.26
648,4,464,134.92
649,4,464.33,132.6
650,4,464.65,130.3
651,4,464.96,128.02
652,4,465.26,125.76
653,4,465.54,123.53
654,4,465.82,121.33
655,4,466.09,119.16
656,4,466.35,117.01
657,4,466.6,114.9
658,4,466.84,112.82
659,4,467.07,110.77
660,4,467.29,108.76
661,4,467.51,106.78
662,4,467.71,104.85
663,4,467.91,102.95
664,4,468.1,101.08
665,4,468.28,99.264
666,4,468.45,97.485
667,4,468.62,95.749
668,4,468.77,94.056
669,4,468.92,92.407
670,4,469.07,90.803
671,4,469.21,89.245
672,4,469.34,87.733
673,4,469.46,86.269
674,4,469.58,84.852
675,4,469.69,83.484
676,4,469.8,82.165
677,4,469.9,80.895
678,4,470,79.675
679,4,470.09,78.506
680,4,470.18,77.388
681,4,470.27,76.321
682,4,470.35,75.305
683,4,470.43,74.342
684,4,470.5,73.432
685,4,470.57,72.574
686,4,470.64,71.769
687,4,470.71,71.018
688,4,470.78,70.321
689,4,470.84,69.677
690,4,470.91,69.088
691,4,470.97,68.554
692,4,471.03,68.075
693,4,471.1,67.651
694,4,471.16,67.282
695,4,471.23,66.969
696,4,471.29,66.713
697,4,471.36,66.513
698,4,471.43,66.369
699,4,471.5,66.283
700,4,471.58,66.254
701,4,471.66,66.282
702,4,471.74,66.369
703,4,471.83,66.513
704,4,471.92,66.717
705,4,472.02,66.979
706,4,472.12,67.3
707,4,472.23,67.681
708,4,472.34,68.122
709,4,472.47,68.623
710,4,472.59,69.184
711,4,472.73,69.807
712,4,472.87,70.49
713,4,473.03,71.236
714,4,473.19,72.043
715,4,473.36,72.912
716,4,473.54,73.843
717,4,473.73,74.838
718,4,473.93,75.895
719,4,474.15,77.015
720,4,474.37,78.199
721,4,474.61,79.447
722,4,474.86,80.759
723,4,475.12,82.135
724,4,475.39,83.575
725,4,475.68,85.079
726,4,475.98,86.647
727,4,476.3,88.28
728,4,476.63,89.978
729,4,476.98,91.739
730,4,477.34,93.565
731,4,477.72,95.455
732,4,478.11,97.409
733,4,478.52,99.425
734,4,478.95,101.51
735,4,479.4,103.65
736,4,479.86,105.85
737,4,480.34,108.12
738,4,480.84,110.45
739,4,481.36,112.83
740,4,481.9,115.28
741,4,482.45,117.78
742,4,483.03,120.35
743,4,483.62,122.96
744,4,484.24,125.64
745,4,484.88,128.36
746,4,485.53,131.14
747,4,486.21,133.97
748,4,486.91,136.84
749,4,487.63,139.77
750,4,488.37,142.74
751,4,489.13,145.75
752,4,489.91,148.81
753,4,490.71,151.9
754,4,491.54,155.03
755,4,492.39,158.2
756,4,493.25,161.39
757,4,494.14,164.62
758,4,495.05,167.88
759,4,495.99,171.16
760,4,496.94,174.46
761,4,497.92,177.78
762,4,498.91,181.12
763,4,499.93,184.47
764,4,500.97,187.83
765,4,502.03,191.2
766,4,503.12,194.57
767,4,504.22,197.95
768,4,505.34,201.32
769,4,506.49,204.69
770,4,507.65,208.05
771,4,508.84,211.4
772,4,510.04,214.74
773,4,511.26,218.06
774,4,512.51,221.35
775,4,513.77,224.63
776,4,515.05,227.87
777,4,516.35,231.08
778,4,517.66,234.26
779,4,519,237.4
780,4,520.35,240.51
781,4,521.71,243.56
782,4,523.09,246.57
783,4,524.49,249.53
784,4,525.9,252.43
785,4,527.33,255.28
786,4,528.77,258.07
787,4,530.22,260.8
788,4,531.68,263.47
789,4,533.16,266.07
790,4,534.65,268.6
791,4,536.15,271.06
792,4,537.67,273.44
793,4,539.19,275.75
794,4,540.72,277.99
795,4,542.27,280.14
796,4,543.82,282.22
797,4,545.38,284.21
798,4,546.95,286.12
799,4,548.53,287.95
800,4,550.12,289.69
801,4,551.71,291.34
802,4,553.31,292.91
803,4,554.92,294.39
804,4,556.53,295.78
805,4,558.15,297.09
806,4,559.77,298.3
807,4,561.4,299.43
808,4,563.03,300.46
809,4,564.66,301.4
810,4,566.3,302.26
811,4,567.95,303.02
812,4,569.59,303.69
813,4,571.24,304.27
814,4,572.89,304.77
815,4,574.54,305.17
816,4,576.19,305.48
817,4,577.85,305.71
818,4,579.5,305.84
819,4,581.16,305.89
820,4,582.81,305.85
821,4,584.47,305.73
822,4,586.13,305.52
823,4,587.78,305.22
824,4,589.43,304.84
825,4,591.08,304.38
826,4,592.73,303.84
827,4,594.38,303.21
828,4,596.02,302.51
829,4,597.66,301.73
830,4,599.3,300.87
831,4,600.93,299.94
832,4,602.55,298.93
833,4,604.17,297.85
834,4,605.79,296.7
835,4,607.4,295.47
836,4,609,294.18
837,4,610.59,292.83
838,4,612.18,291.4
839,4,613.75,289.92
840,4,615.32,288.37
841,4,616.87,286.76
842,4,618.42,285.09
843,4,619.95,283.37
844,4,621.47,281.59
845,4,622.98,279.76
846,4,624.48,277.88
847,4,625.96,275.94
848,4,627.42,273.96
849,4,628.87,271.94
850,4,630.3,269.86
851,4,631.72,267.75
852,4,633.12,265.59
853,4,634.5,263.4
854,4,635.87,261.16
855,4,637.21,258.89
856,4,638.54,256.58
857,4,639.84,254.24
858,4,641.13,251.87
859,4,642.4,249.46
860,4,643.64,247.03
861,4,644.87,244.57
862,4,646.08,242.08
863,4,647.26,239.57
864,4,648.42,237.03
865,4,649.56,234.47
866,4,650.68,231.89
867,4,651.78,229.29
868,4,652.86,226.67
869,4,653.91,224.03
870,4,654.95,221.37
871,4,655.96,218.71
872,4,656.95,216.02
873,4,657.92,213.33
874,4,658.87,210.62
875,4,659.79,207.9
876,4,660.7,205.17
877,4,661.58,202.44
878,4,662.45,199.7
879,4,663.29,196.95
880,4,664.11,194.2
881,4,664.92,191.44
882,4,665.7,188.69
883,4,666.46,185.93
884,4,667.2,183.17
885,4,667.93,180.41
886,4,668.63,177.66
887,4,669.32,174.91
888,4,669.99,172.17
889,4,670.63,169.43
890,4,671.27,166.7
891,4,671.88,163.98
892,4,672.47,161.27
893,4,673.05,158.57
894,4,673.61,155.88
895,4,674.16,153.21
896,4,674.68,150.55
897,4,675.2,147.91
898,4,675.69,145.28
899,4,676.17,142.68
900,4,676.64,140.1
901,4,677.09,137.53
902,4,677.52,135
903,4,677.94,132.48
904,4,678.34,130
905,4,678.74,127.54
906,4,679.11,125.11
907,4,679.48,122.71
908,4,679.83,120.34
909,4,680.16,118
910,4,680.49,115.7
911,4,680.8,113.44
912,4,681.1,111.21
913,4,681.38,109.01
914,4,681.66,106.86
915,4,681.92,104.75
916,4,682.18,102.68
917,4,682.42,100.65
918,4,682.65,98.66
919,4,682.87,96.716
920,4,683.08,94.818
921,4,683.28,92.965
922,4,683.47,91.158
923,4,683.65,89.398
924,4,683.82,87.686
925,4,683.98,86.023
926,4,684.14,84.408
927,4,684.28,82.844
928,4,684.42,81.33
929,4,684.55,79.867
930,4,684.67,78.456
931,4,684.79,77.096
932,4,684.9,75.79
933,4,685,74.537
934,4,685.1,73.338
935,4,685.18,72.193
936,4,685.27,71.103
937,4,685.35,70.068
938,4,685.42,69.09
939,4,685.49,68.167
940,4,685.55,67.302
941,4,685.61,66.494
942,4,685.67,65.744
943,4,685.72,65.053
944,4,685.77,64.42
945,4,685.81,63.847
946,4,685.85,63.334
947,4,685.89,62.882
948,4,685.92,62.49
949,4,685.96,62.161
950,4,685.99,61.893
951,4,686.01,61.688
952,4,686.04,61.546
953,4,686.07,61.467
954,4,686.09,61.452
955,4,686.11,61.502
956,4,686.13,61.617
957,4,686.16,61.797
958,4,686.18,62.043
959,4,686.2,62.355
960,4,686.22,62.733
961,4,686.25,63.178
962,4,686.27,63.691
963,4,686.3,64.271
964,4,686.32,64.918
965,4,686.35,65.633
966,4,686.39,66.417
967,4,686.42,67.268
968,4,686.46,68.189
969,4,686.5,69.177
970,4,686.54,70.235
971,4,686.59,71.361
972,4,686.65,72.555
973,4,686.71,73.818
974,4,686.77,75.149
975,4,686.84,76.549
976,4,686.92,78.017
977,4,687,79.552
978,4,687.09,81.155
979,4,687.19,82.825
980,4,687.29,84.561
981,4,687.4,86.363
982,4,687.52,88.23
983,4,687.65,90.162
984,4,687.79,92.158
985,4,687.94,94.217
986,4,688.1,96.337
987,4,688.27,98.519
988,4,688.46,100.76
989,4,688.65,103.06
990,4,688.85,105.42
991,4,689.07,107.83
992,4,689.3,110.29
993,4,689.55,112.81
994,4,689.81,115.38
995,4,690.08,117.99
996,4,690.37,120.66
997,4,690.67,123.36
998,4,690.98,126.11
999,4,691.32,128.9
1000,4,691.67,131.73
1001,4,692.03,134.59
1002,4,692.42,137.48
1003,4,692.82,140.4
1004,4,693.23,143.35
1005,4,693.67,146.33
1006,4,694.12,149.33
1007,4,694.59,152.34
1008,4,695.08,155.37
1009,4,695.59,158.42
1010,4,696.11,161.48
1011,4,696.66,164.54
1012,4,697.22,167.61
1013,4,697.8,170.68
1014,4,698.4,173.76
1015,4,699.02,176.83
1016,4,699.65,179.89
1017,4,700.31,182.94
1018,4,700.98,185.98
1019,4,701.67,189.01
1020,4,702.38,192.02
1021,4,703.1,195.01
1022,4,703.84,197.98
1023,4,704.6,200.92
1024,4,705.38,203.83
1025,4,706.17,206.72
1026,4,706.98,209.57
1027,4,707.8,212.38
1028,4,708.64,215.16
1029,4,709.5,217.9
1030,4,710.37,220.59
1031,4,711.25,223.24
1032,4,712.15,225.84
1033,4,713.06,228.4
1034,4,713.98,230.9
1035,4,714.92,233.36
1036,4,715.86,235.75
1037,4,716.82,238.1
1038,4,717.79,240.38
1039,4,718.77,242.6
1040,4,719.77,244.77
1041,4,720.77,246.87
1042,4,721.78,248.91
1043,4,722.8,250.89
1044,4,723.83,252.8
1045,4,724.86,254.64
1046,4,725.91,256.42
1047,4,726.96,258.12
1048,4,728.02,259.76
1049,4,729.08,261.33
1050,4,730.15,262.83
1051,4,731.23,264.26
1052,4,732.31,265.61
1053,4,733.4,266.9
1054,4,734.49,268.11
1055,4,735.59,269.25
1056,4,736.69,270.32
1057,4,737.79,271.32
1058,4,738.9,272.24
1059,4,740,273.09
1060,4,741.12,273.87
1061,4,742.23,274.58
1062,4,743.35,275.21
1063,4,744.47,275.78
1064,4,745.59,276.27
1065,4,746.71,276.7
1066,4,747.83,277.05
1067,4,748.95,277.33
1068,4,750.08,277.55
1069,4,751.2,277.69
1070,4,752.33,277.77
1071,4,753.45,277.79
1072,4,754.57,277.73
1073,4,755.69,277.62
1074,4,756.81,277.43
1075,4,757.93,277.19
1076,4,759.05,276.88
1077,4,760.16,276.51
1078,4,761.27,276.08
1079,4,762.38,275.6
1080,4,763.48,275.05
1081,4,764.58,274.45
1082,4,765.68,273.79
1083,4,766.77,273.08
1084,4,767.85,272.32
1085,4,768.93,271.5
1086,4,770,270.64
1087,4,771.06,269.72
1088,4,772.11,268.76
1089,4,773.16,267.75
1090,4,774.2,266.7
1091,4,775.23,265.6
1092,4,776.25,264.46
1093,4,777.26,263.28
1094,4,778.26,262.06
1095,4,779.25,260.8
1096,4,780.22,259.51
1097,4,781.19,258.18
1098,4,782.14,256.81
1099,4,783.09,255.41
1100,4,784.01,253.98
1101,4,784.93,252.52
1102,4,785.84,251.03
1103,4,786.73,249.51
1104,4,787.6,247.97
1105,4,788.46,246.4
1106,4,789.31,244.8
1107,4,790.14,243.18
1108,4,790.96,241.54
1109,4,791.77,239.88
1110,4,792.56,238.19
1111,4,793.33,236.49
1112,4,794.09,234.77
1113,4,794.83,233.04
1114,4,795.55,231.29
1115,4,796.26,229.52
1116,4,796.96,227.74
1117,4,797.63,225.95
1118,4,798.3,224.15
1119,4,798.94,222.33
1120,4,799.57,220.51
1121,4,800.18,218.68
1122,4,800.78,216.84
1123,4,801.36,214.99
1124,4,801.93,213.14
1125,4,802.48,211.28
1126,4,803.01,209.42
1127,4,803.53,207.55
1128,4,804.03,205.68
1129,4,804.51,203.81
1130,4,804.98,201.94
1131,4,805.44,200.07
1132,4,805.88,198.2
1133,4,806.3,196.34
1134,4,806.71,194.47
1135,4,807.1,192.61
1136,4,807.48,190.75
1137,4,807.85,188.9
1138,4,808.2,187.05
1139,4,808.54,185.21
1140,4,808.86,183.37
1141,4,809.17,181.55
1142,4,809.47,179.73
1143,4,809.75,177.92
1144,4,810.02,176.12
1145,4,810.28,174.33
1146,4,810.52,172.55
1147,4,810.76,170.79
1148,4,810.98,169.03
1149,4,811.19,167.29
1150,4,811.38,165.56
1151,4,811.57,163.84
1152,4,811.74,162.14
1153,4,811.91,160.45
1154,4,812.06,158.78
1155,4,812.2,157.12
1156,4,812.33,155.48
1157,4,812.46,153.86
1158,4,812.57,152.25
1159,4,812.67,150.65
1160,4,812.76,149.07
1161,4,812.85,147.52
1162,4,812.92,145.97
1163,4,812.98,144.45
1164,4,813.04,142.94
1165,4,813.09,141.46
1166,4,813.13,139.99
1167,4,813.16,138.54
1168,4,813.19,137.11
1169,4,813.2,135.7
1170,4,813.21,134.32
1171,4,813.21,132.95
1172,4,813.21,131.6
1173,4,813.2,130.28
1174,4,813.18,128.98
1175,4,813.15,127.71
1176,4,813.12,126.45
1177,4,813.09,125.23
1178,4,813.04,124.02
1179,4,813,122.85
1180,4,812.94,121.69
1181,4,812.89,120.57
1182,4,812.82,119.47
1183,4,812.76,118.4
1184,4,812.69,117.36
1185,4,812.61,116.35
1186,4,812.54,115.37
1187,4,812.45,114.42
1188,4,812.37,113.5
1189,4,812.28,112.62
1190,4,812.19,111.76
1191,4,812.1,110.94
1192,4,812,110.15
1193,4,811.91,109.4
1194,4,811.81,108.68
1195,4,811.71,108
1196,4,811.61,107.35
1197,4,811.51,106.74
1198,4,811.41,106.17
1199,4,811.3,105.63
1200,4,811.2,105.13
1201,4,811.1,104.67
1202,4,811,104.25
1203,4,810.9,103.87
1204,4,810.79,103.53
1205,4,810.7,103.23
1206,4,810.6,102.97
1207,4,810.5,102.75
1208,4,810.41,102.57
1209,4,810.31,102.44
1210,4,810.22,102.35
1211,4,810.14,102.3
1212,4,810.05,102.29
1213,4,809.97,102.32
1214,4,809.9,102.4
1215,4,809.82,102.53
1216,4,809.76,102.69
1217,4,809.69,102.91
1218,4,809.63,103.16
1219,4,809.58,103.47
1220,4,809.53,103.82
1221,4,809.49,104.21
1222,4,809.45,104.65
1223,4,809.43,105.14
1224,4,809.4,105.67
1225,4,809.39,106.25
1226,4,809.38,106.88
1227,4,809.38,107.56
1228,4,809.39,108.28
1229,4,809.41,109.05
1230,4,809.44,109.87
1231,4,809.47,110.74
1232,4,809.52,111.65
1233,4,809.58,112.61
1234,4,809.64,113.62
1235,4,809.72,114.68
1236,4,809.81,115.79
1237,4,809.92,116.94
1238,4,810.03,118.15
1239,4,810.16,119.4
1240,4,810.3,120.69
1241,4,810.46,122.04
1242,4,810.63,123.43
1243,4,810.81,124.86
1244,4,811.01,126.35
1245,4,811.23,127.87
1246,4,811.46,129.44
1247,4,811.71,131.06
1248,4,811.98,132.71
1249,4,812.26,134.41
1250,4,812.56,136.15
1251,4,812.88,137.93
1252,4,813.22,139.75
1253,4,813.58,141.6
1254,4,813.96,143.49
1255,4,814.36,145.41
1256,4,814.77,147.37
1257,4,815.22,149.36
1258,4,815.68,151.37
1259,4,816.16,153.42
1260,4,816.67,155.48
1261,4,817.2,157.57
1262,4,817.75,159.68
1263,4,818.33,161.81
1264,4,818.93,163.95
1265,4,819.56,166.11
1266,4,820.21,168.27
1267,4,820.88,170.44
1268,4,821.58,172.62
1269,4,822.31,174.79
1270,4,823.06,176.96
1271,4,823.84,179.13
1272,4,824.65,181.28
1273,4,825.48,183.43
1274,4,826.34,185.56
1275,4,827.22,187.67
1276,4,828.14,189.77
1277,4,829.08,191.84
1278,4,830.04,193.88
1279,4,831.04,195.89
1280,4,832.06,197.87
1281,4,833.11,199.82
1282,4,834.19,201.72
1283,4,835.29,203.59
1284,4,836.43,205.42
1285,4,837.59,207.2
1286,4,838.78,208.94
1287,4,840,210.62
1288,4,841.25,212.26
1289,4,842.52,213.84
1290,4,843.82,215.37
1291,4,845.16,216.84
1292,4,846.51,218.25
1293,4,847.9,219.6
1294,4,849.32,220.89
1295,4,850.76,222.12
1296,4,852.23,223.29
1297,4,853.72,224.39
1298,4,855.24,225.42
1299,4,856.79,226.38
1300,4,858.37,227.28
1301,4,859.96,228.1
1302,4,861.59,228.86
1303,4,863.24,229.54
1304,4,864.91,230.15
1305,4,866.61,230.69
1306,4,868.32,231.16
1307,4,870.06,231.55
1308,4,871.82,231.87
1309,4,873.61,232.11
1310,4,875.41,232.29
1311,4,877.23,232.39
1312,4,879.06,232.41
1313,4,880.92,232.36
1314,4,882.79,232.24
1315,4,884.67,232.05
1316,4,886.57,231.78
1317,4,888.48,231.44
1318,4,890.4,231.04
1319,4,892.34,230.56
1320,4,894.28,230.01
1321,4,896.23,229.4
1322,4,898.18,228.71
1323,4,900.15,227.96
1324,4,902.11,227.15
1325,4,904.08,226.27
1326,4,906.06,225.33
1327,4,908.03,224.33
1328,4,910,223.27
1329,4,911.98,222.15
1330,4,913.94,220.98
1331,4,915.91,219.75
1332,4,917.87,218.46
1333,4,919.82,217.13
1334,4,921.77,215.74
1335,4,923.7,214.31
1336,4,925.63,212.83
1337,4,927.54,211.3
1338,4,929.45,209.74
1339,4,931.34,208.13
1340,4,933.21,206.49
1341,4,935.07,204.81
1342,4,936.91,203.09
1343,4,938.73,201.35
1344,4,940.53,199.57
1345,4,942.32,197.77
1346,4,944.08,195.94
1347,4,945.82,194.09
1348,4,947.53,192.23
1349,4,949.22,190.34
1350,4,950.89,188.44
1351,4,952.53,186.52
1352,4,954.14,184.6
1353,4,955.72,182.67
1354,4,957.28,180.73
1355,4,958.81,178.79
1356,4,960.31,176.85
1357,4,961.78,174.91
1358,4,963.22,172.98
1359,4,964.62,171.05
1360,4,966,169.13
1361,4,967.35,167.22
1362,4,968.67,165.33
1363,4,969.95,163.45
1364,4,971.2,161.6
1365,4,972.43,159.76
1366,4,973.62,157.95
1367,4,974.78,156.16
1368,4,975.92,154.4
1369,4,977.02,152.67
1370,4,978.1,150.98
1371,4,979.14,149.32
1372,4,980.16,147.69
1373,4,981.15,146.11
1374,4,982.12,144.57
1375,4,983.06,143.07
1376,4,983.97,141.62
1377,4,984.86,140.22
1378,4,985.73,138.86
1379,4,986.58,137.56
1380,4,987.4,136.32
1381,4,988.2,135.13
1382,4,988.99,134
1383,4,989.76,132.94
1384,4,990.51,131.93
1385,4,991.25,130.99
1386,4,991.97,130.12
1387,4,992.68,129.31
1388,4,993.38,128.58
1389,4,994.07,127.92
1390,4,994.75,127.33
1391,4,995.42,126.82
1392,4,996.08,126.38
1393,4,996.75,126.03
1394,4,997.4,125.75
1395,4,998.06,125.55
1396,4,998.71,125.43
1397,4,999.37,125.4
1398,4,1000,125.45
1399,4,1000.7,125.58
1400,4,1001.3,125.8
1401,4,1002,126.1
1402,4,1002.7,126.48
1403,4,1003.4,126.95
1404,4,1004.1,127.51
1405,4,1004.8,128.15
1406,4,1005.5,128.87
1407,4,1006.2,129.68
1408,4,1007,130.56
1409,4,1007.7,131.53
1410,4,1008.5,132.58
1411,4,1009.3,133.72
1412,4,1010.1,134.92
1413,4,1011,136.21
1414,4,1011.8,137.57
1415,4,1012.7,139
1416,4,1013.6,140.51
1417,4,1014.5,142.08
1418,4,1015.5,143.72
1419,4,1016.4,145.42
1420,4,1017.4,147.19
1421,4,1018.5,149.01
1422,4,1019.5,150.89
1423,4,1020.6,152.82
1424,4,1021.7,154.8
1425,4,1022.8,156.82
1426,4,1024,158.89
1427,4,1025.2,160.99
1428,4,1026.4,163.13
1429,4,1027.7,165.29
1430,4,1028.9,167.48
1431,4,1030.2,169.69
1432,4,1031.6,171.92
1433,4,1033,174.16
1434,4,1034.3,176.4
1435,4,1035.8,178.65
1436,4,1037.2,180.9
1437,4,1038.7,183.14
1438,4,1040.2,185.36
1439,4,1041.7,187.58
1440,4,1043.3,189.77
1441,4,1044.9,191.94
1442,4,1046.5,194.07
1443,4,1048.1,196.18
1444,4,1049.8,198.24
1445,4,1051.4,200.26
1446,4,1053.1,202.24
1447,4,1054.8,204.16
1448,4,1056.6,206.02
1449,4,1058.3,207.83
1450,4,1060.1,209.57
1451,4,1061.9,211.25
1452,4,1063.7,212.85
1453,4,1065.5,214.38
1454,4,1067.3,215.84
1455,4,1069.1,217.21
1456,4,1071,218.5
1457,4,1072.8,219.7
1458,4,1074.7,220.81
1459,4,1076.5,221.83
1460,4,1078.4,222.76
1461,4,1080.2,223.59
1462,4,1082.1,224.33
1463,4,1084,224.96
1464,4,1085.9,225.5
1465,4,1087.7,225.94
1466,4,1089.6,226.27
1467,4,1091.5,226.5
1468,4,1093.3,226.63
1469,4,1095.2,226.66
1470,4,1097,226.58
1471,4,1098.9,226.4
1472,4,1100.7,226.12
1473,4,1102.5,225.74
1474,4,1104.3,225.25
1475,4,1106.1,224.66
1476,4,1107.9,223.98
1477,4,1109.6,223.19
1478,4,1111.4,222.31
1479,4,1113.1,221.33
1480,4,1114.8,220.26
1481,4,1116.5,219.09
1482,4,1118.2,217.84
1483,4,1119.8,216.49
1484,4,1121.5,215.06
1485,4,1123.1,213.55
1486,4,1124.6,211.96
1487,4,1126.2,210.28
1488,4,1127.7,208.53
1489,4,1129.2,206.71
1490,4,1130.7,204.83
1491,4,1132.1,202.87
1492,4,1133.5,200.85
1493,4,1134.9,198.77
1494,4,1136.2,196.64
1495,4,1137.5,194.46
1496,4,1138.8,192.23
1497,4,1140,189.95
1498,4,1141.2,187.64
1499,4,1142.4,185.29
1500,4,1143.5,182.91
1501,4,1144.6,180.51
1502,4,1145.7,178.08
1503,4,1146.7,175.64
1504,4,1147.7,173.19
1505,4,1148.6,170.73
1506,4,1149.5,168.26
1507,4,1150.4,165.8
1508,4,1151.2,163.35
1509,4,1152,160.91
1510,4,1152.8,158.49
1511,4,1153.5,156.1
1512,4,1154.2,153.73
1513,4,1154.8,151.39
1514,4,1155.4,149.1
1515,4,1156,146.85
1516,4,1156.5,144.64
1517,4,1157,142.49
1518,4,1157.5,140.4
1519,4,1158,138.37
1520,4,1158.4,136.41
1521,4,1158.7,134.53
1522,4,1159.1,132.72
1523,4,1159.4,130.99
1524,4,1159.7,129.35
1525,4,1159.9,127.8
1526,4,1160.1,126.35
1527,4,1160.3,124.99
1528,4,1160.5,123.74
1529,4,1160.6,122.59
1530,4,1160.7,121.55
1531,4,1160.8,120.63
1532,4,1160.9,119.82
1533,4,1160.9,119.14
1534,4,1160.9,118.57
1535,4,1160.9,118.14
1536,4,1160.9,117.83
1537,4,1160.8,117.66
1538,4,1160.7,117.62
1539,4,1160.6,117.71
1540,4,1160.5,117.95
1541,4,1160.4,118.32
1542,4,1160.2,118.85
1543,4,1160,119.51
1544,4,1159.8,120.32
1545,4,1159.6,121.29
1546,4,1159.4,122.4
1547,4,1159.2,123.66
1548,4,1158.9,125.08
1549,4,1158.6,126.65
1550,4,1158.4,128.38
1551,4,1158.1,130.26
1552,4,1157.8,132.3
1553,4,1157.5,134.5
1554,4,1157.1,136.85
1555,4,1156.8,139.36
1556,4,1156.4,142.03
1557,4,1156.1,144.85
1558,4,1155.7,147.84
1559,4,1155.4,150.97
1560,4,1155,154.27
1561,4,1154.6,157.72
1562,4,1154.2,161.32
1563,4,1153.8,165.07
1564,4,1153.4,168.97
1565,4,1153.1,173.02
1566,4,1152.7,177.22
1567,4,1152.3,181.56
1568,4,1151.9,186.04
1569,4,1151.5,190.65
1570,4,1151.1,195.41
1571,4,1150.7,200.29
1572,4,1150.3,205.3
1573,4,1149.9,210.43
1574,4,1149.6,215.68
1575,4,1149.2,221.04
1576,4,1148.8,226.51
1577,4,1148.5,232.08
1578,4,1148.2,237.75
1579,4,1147.8,243.51
1580,4,1147.5,249.36
1581,4,1147.2,255.28
1582,4,1146.9,261.28
1583,4,1146.7,267.34
1584,4,1146.4,273.46
1585,4,1146.2,279.64
1586,4,1146,285.85
1587,4,1145.8,292.11
1588,4,1145.6,298.39
1589,4,1145.5,304.7
1590,4,1145.4,311.02
1591,4,1145.3,317.35
1592,4,1145.2,323.68
1593,4,1145.2,330
1594,4,1145.2,336.32
1595,4,1145.2,342.61
1596,4,1145.3,348.87
1597,4,1145.4,355.1
1598,4,1145.5,361.29
1599,4,1145.7,367.43
1600,4,1145.9,373.51
1601,4,1146.1,379.53
1602,4,1146.4,385.48
1603,4,1146.7,391.36
1604,4,1147.1,397.15
1605,4,1147.5,402.86
1606,4,1147.9,408.47
1607,4,1148.4,413.98
1608,4,1148.9,419.38
1609,4,1149.5,424.67
1610,4,1150.1,429.85
1611,4,1150.8,434.89
1612,4,1151.5,439.81
1613,4,1152.2,444.59
1614,4,1153,449.24
1615,4,1153.8,453.73
1616,4,1154.7,458.08
1617,4,1155.7,462.27
1618,4,1156.6,466.3
1619,4,1157.7,470.16
1620,4,1158.7,473.86
1621,4,1159.9,477.38
1622,4,1161.1,480.73
1623,4,1162.3,483.9
1624,4,1163.5,486.88
1625,4,1164.9,489.68
1626,4,1166.2,492.29
1627,4,1167.7,494.7
1628,4,1169.1,496.93
1629,4,1170.7,498.95
1630,4,1172.2,500.78
1631,4,1173.8,502.41
1632,4,1175.5,503.84
1633,4,1177.2,505.07
1634,4,1179,506.09
1635,4,1180.8,506.91
1636,4,1182.6,507.53
1637,4,1184.5,507.95
1638,4,1186.4,508.16
1639,4,1188.4,508.17
1640,4,1190.5,507.97
1641,4,1192.5,507.58
1642,4,1194.6,506.98
1643,4,1196.8,506.18
1644,4,1198.9,505.19
1645,4,1201.2,504
1646,4,1203.4,502.62
1647,4,1205.7,501.05
1648,4,1208,499.28
1649,4,1210.4,497.33
1650,4,1212.7,495.2
1651,4,1215.1,492.89
1652,4,1217.6,490.4
1653,4,1220,487.74
1654,4,1222.5,484.9
1655,4,1224.9,481.91
1656,4,1227.4,478.75
1657,4,1229.9,475.43
1658,4,1232.4,471.97
1659,4,1234.9,468.35
1660,4,1237.5,464.59
1661,4,1240,460.7
1662,4,1242.5,456.66
1663,4,1245,452.5
1664,4,1247.5,448.22
1665,4,1250,443.82
1666,4,1252.5,439.3
1667,4,1255,434.67
1668,4,1257.5,429.94
1669,4,1259.9,425.11
1670,4,1262.3,420.18
1671,4,1264.7,415.17
1672,4,1267.1,410.07
1673,4,1269.5,404.89
1674,4,1271.8,399.64
1675,4,1274.1,394.32
1676,4,1276.4,388.93
1677,4,1278.6,383.49
1678,4,1280.9,377.99
1679,4,1283,372.44
1680,4,1285.2,366.85
1681,4,1287.3,361.21
1682,4,1289.4,355.55
1683,4,1291.4,349.85
1684,4,1293.4,344.13
1685,4,1295.4,338.39
1686,4,1297.3,332.63
1687,4,1299.2,326.86
1688,4,1301,321.08
1689,4,1302.8,315.3
1690,4,1304.6,309.52
1691,4,1306.3,303.75
1692,4,1308,297.99
1693,4,1309.6,292.25
1694,4,1311.2,286.52
1695,4,1312.8,280.82
1696,4,1314.3,275.14
1697,4,1315.7,269.49
1698,4,1317.2,263.88
1699,4,1318.6,258.31
1700,4,1319.9,252.77
1701,4,1321.2,247.28
1702,4,1322.5,241.84
1703,4,1323.7,236.46
1704,4,1324.9,231.12
1705,4,1326,225.85
1706,4,1327.1,220.64
1707,4,1328.2,215.49
1708,4,1329.2,210.41
1709,4,1330.2,205.4
1710,4,1331.2,200.47
1711,4,1332.1,195.61
1712,4,1333,190.83
1713,4,1333.8,186.14
1714,4,1334.6,181.53
1715,4,1335.4,177
1716,4,1336.2,172.57
1717,4,1336.9,168.23
1718,4,1337.6,163.98
1719,4,1338.3,159.84
1720,4,1338.9,155.79
1721,4,1339.5,151.84
1722,4,1340.1,147.99
1723,4,1340.7,144.25
1724,4,1341.2,140.62
1725,4,1341.7,137.09
1726,4,1342.2,133.68
1727,4,1342.7,130.38
1728,4,1343.2,127.19
1729,4,1343.6,124.12
1730,4,1344,121.17
1731,4,1344.4,118.33
1732,4,1344.8,115.62
1733,4,1345.1,113.02
1734,4,1345.5,110.55
1735,4,1345.8,108.2
1736,4,1346.1,105.97
1737,4,1346.4,103.87
1738,4,1346.7,101.89
1739,4,1347,100.04
1740,4,1347.3,98.312
1741,4,1347.5,96.712
1742,4,1347.8,95.239
1743,4,1348,93.893
1744,4,1348.2,92.674
1745,4,1348.5,91.582
1746,4,1348.7,90.617
1747,4,1348.9,89.778
1748,4,1349.1,89.066
1749,4,1349.3,88.481
1750,4,1349.5,88.02
1751,4,1349.7,87.685
1752,4,1350,87.474
1753,4,1350.2,87.387
1754,4,1350.4,87.422
1755,4,1350.6,87.579
1756,4,1350.8,87.856
1757,4,1351,88.253
1758,4,1351.2,88.768
1759,4,1351.4,89.398
1760,4,1351.6,90.144
1761,4,1351.8,91.003
1762,4,1352.1,91.973
1763,4,1352.3,93.053
1764,4,1352.5,94.24
1765,4,1352.8,95.532
1766,4,1353,96.927
1767,4,1353.3,98.422
1768,4,1353.6,100.01
1769,4,1353.8,101.7
1770,4,1354.1,103.48
1771,4,1354.4,105.35
1772,4,1354.8,107.31
1773,4,1355.1,109.34
1774,4,1355.4,111.46
1775,4,1355.8,113.65
1776,4,1356.1,115.92
1777,4,1356.5,118.25
1778,4,1356.9,120.65
1779,4,1357.3,123.1
1780,4,1357.7,125.61
1781,4,1358.1,128.17
1782,4,1358.6,130.78
1783,4,1359,133.43
1784,4,1359.5,136.12
1785,4,1360,138.84
1786,4,1360.5,141.6
1787,4,1361,144.37
1788,4,1361.5,147.17
1789,4,1362.1,149.98
1790,4,1362.6,152.8
1791,4,1363.2,155.63
1792,4,1363.8,158.46
1793,4,1364.4,161.29
1794,4,1365.1,164.11
1795,4,1365.7,166.92
1796,4,1366.4,169.72
1797,4,1367,172.5
1798,4,1367.7,175.25
1799,4,1368.4,177.97
1800,4,1369.2,180.67
1801,4,1369.9,183.33
1802,4,1370.6,185.95
1803,4,1371.4,188.53
1804,4,1372.2,191.06
1805,4,1373,193.54
1806,4,1373.8,195.97
1807,4,1374.6,198.34
1808,4,1375.4,200.66
1809,4,1376.3,202.91
1810,4,1377.1,205.1
1811,4,1378,207.22
1812,4,1378.9,209.28
1813,4,1379.8,211.26
1814,4,1380.7,213.17
1815,4,1381.6,215
1816,4,1382.5,216.76
1817,4,1383.5,218.43
1818,4,1384.4,220.03
1819,4,1385.4,221.54
1820,4,1386.4,222.97
1821,4,1387.3,224.32
1822,4,1388.3,225.58
1823,4,1389.4,226.76
1824,4,1390.4,227.84
1825,4,1391.4,228.84
1826,4,1392.4,229.75
1827,4,1393.5,230.57
1828,4,1394.5,231.3
1829,4,1395.6,231.93
1830,4,1396.7,232.48
1831,4,1397.8,232.94
1832,4,1398.9,233.3
1833,4,1400,233.58
1834,4,1401.1,233.76
1835,4,1402.2,233.85
1836,4,1403.3,233.86
1837,4,1404.4,233.77
1838,4,1405.6,233.59
1839,4,1406.7,233.33
1840,4,1407.8,232.97
1841,4,1409,232.54
1842,4,1410.1,232.01
1843,4,1411.3,231.4
1844,4,1412.5,230.71
1845,4,1413.6,229.93
1846,4,1414.8,229.08
1847,4,1415.9,228.14
1848,4,1417.1,227.13
1849,4,1418.3,226.04
1850,4,1419.5,224.88
1851,4,1420.6,223.65
1852,4,1421.8,222.35
1853,4,1423,220.98
1854,4,1424.1,219.55
1855,4,1425.3,218.06
1856,4,1426.5,216.5
1857,4,1427.6,214.89
1858,4,1428.8,213.23
1859,4,1430,211.52
1860,4,1431.1,209.75
1861,4,1432.3,207.95
1862,4,1433.4,206.1
1863,4,1434.6,204.21
1864,4,1435.7,202.28
1865,4,1436.8,200.33
1866,4,1437.9,198.35
1867,4,1439,196.34
1868,4,1440.1,194.3
1869,4,1441.2,192.25
1870,4,1442.3,190.19
1871,4,1443.4,188.11
1872,4,1444.5,186.02
1873,4,1445.5,183.93
1874,4,1446.6,181.84
1875,4,1447.6,179.74
1876,4,1448.6,177.65
1877,4,1449.6,175.57
1878,4,1450.6,173.51
1879,4,1451.6,171.45
1880,4,1452.6,169.41
1881,4,1453.5,167.4
1882,4,1454.5,165.41
1883,4,1455.4,163.44
1884,4,1456.4,161.51
1885,4,1457.3,159.6
1886,4,1458.2,157.74
1887,4,1459.1,155.91
1888,4,1459.9,154.13
1889,4,1460.8,152.39
1890,4,1461.7,150.7
1891,4,1462.5,149.07
1892,4,1463.4,147.48
1893,4,1464.2,145.95
1894,4,1465,144.49
1895,4,1465.8,143.08
1896,4,1466.6,141.74
1897,4,1467.4,140.46
1898,4,1468.2,139.25
1899,4,1469,138.11
1900,4,1469.7,137.05
1901,4,1470.5,136.06
1902,4,1471.3,135.15
1903,4,1472,134.31
1904,4,1472.8,133.56
1905,4,1473.5,132.88
1906,4,1474.3,132.29
1907,4,1475,131.78
1908,4,1475.7,131.35
1909,4,1476.5,131.01
1910,4,1477.2,130.76
1911,4,1478,130.59
1912,4,1478.7,130.51
1913,4,1479.4,130.52
1914,4,1480.2,130.61
1915,4,1480.9,130.79
1916,4,1481.7,131.06
1917,4,1482.4,131.42
1918,4,1483.2,131.86
1919,4,1484,132.39
1920,4,1484.8,133.01
1921,4,1485.6,133.71
1922,4,1486.3,134.5
1923,4,1487.2,135.38
1924,4,1488,136.33
1925,4,1488.8,137.38
1926,4,1489.6,138.5
1927,4,1490.5,139.7
1928,4,1491.3,140.98
1929,4,1492.2,142.33
1930,4,1493.1,143.76
1931,4,1494,145.27
1932,4,1494.9,146.84
1933,4,1495.9,148.49
1934,4,1496.8,150.2
1935,4,1497.8,151.97
1936,4,1498.8,153.8
1937,4,1499.8,155.7
1938,4,1500.8,157.64
1939,4,1501.8,159.64
1940,4,1502.8,161.69
1941,4,1503.9,163.78
1942,4,1505,165.91
1943,4,1506.1,168.08
1944,4,1507.2,170.29
1945,4,1508.4,172.52
1946,4,1509.5,174.78
1947,4,1510.7,177.06
1948,4,1511.9,179.36
1949,4,1513.1,181.66
1950,4,1514.3,183.98
1951,4,1515.5,186.3
1952,4,1516.8,188.62
1953,4,1518.1,190.94
1954,4,1519.4,193.25
1955,4,1520.7,195.54
1956,4,1522,197.82
1957,4,1523.3,200.07
1958,4,1524.7,202.3
1959,4,1526,204.5
1960,4,1527.4,206.67
1961,4,1528.8,208.8
1962,4,1530.2,210.89
1963,4,1531.6,212.93
1964,4,1533,214.93
1965,4,1534.5,216.87
1966,4,1535.9,218.76
1967,4,1537.4,220.59
1968,4,1538.9,222.37
1969,4,1540.4,224.07
1970,4,1541.8,225.72
1971,4,1543.3,227.29
1972,4,1544.9,228.79
1973,4,1546.4,230.23
1974,4,1547.9,231.58
1975,4,1549.4,232.86
1976,4,1551,234.06
1977,4,1552.5,235.19
1978,4,1554.1,236.23
1979,4,1555.6,237.19
1980,4,1557.2,238.07
1981,4,1558.7,238.87
1982,4,1560.3,239.58
1983,4,1561.9,240.21
1984,4,1563.4,240.75
1985,4,1565,241.21
1986,4,1566.6,241.59
1987,4,1568.2,241.88
1988,4,1569.8,242.08
1989,4,1571.3,242.21
1990,4,1572.9,242.25
1991,4,1574.5,242.21
1992,4,1576.1,242.08
1993,4,1577.6,241.88
1994,4,1579.2,241.6
1995,4,1580.8,241.24
1996,4,1582.3,240.81
1997,4,1583.9,240.3
1998,4,1585.4,239.71
1999,4,1586.9,239.06
2000,4,1588.5,238.34
2001,4,1590,237.54
2002,4,1591.5,236.69
2003,4,1593,235.77
2004,4,1594.4,234.78
2005,4,1595.9,233.74
2006,4,1597.3,232.64
2007,4,1598.8,231.48
2008,4,1600.2,230.27
2009,4,1601.6,229.01
2010,4,1602.9,227.7
2011,4,1604.3,226.35
2012,4,1605.6,224.95
2013,4,1607,223.51
2014,4,1608.3,222.03
2015,4,1609.5,220.52
2016,4,1610.8,218.97
2017,4,1612,217.39
2018,4,1613.2,215.79
2019,4,1614.4,214.16
2020,4,1615.6,212.5
2021,4,1616.7,210.83
2022,4,1617.8,209.13
2023,4,1618.9,207.42
2024,4,1620,205.7
2025,4,1621,203.97
2026,4,1622,202.24
2027,4,1623,200.49
2028,4,1624,198.75
2029,4,1624.9,197
2030,4,1625.8,195.26
2031,4,1626.7,193.52
2032,4,1627.6,191.79
2033,4,1628.4,190.06
2034,4,1629.2,188.35
2035,4,1630,186.65
2036,4,1630.8,184.96
2037,4,1631.5,183.29
2038,4,1632.2,181.64
2039,4,1632.9,180.01
2040,4,1633.6,178.4
2041,4,1634.2,176.81
2042,4,1634.9,175.25
2043,4,1635.5,173.71
2044,4,1636,172.2
2045,4,1636.6,170.72
2046,4,1637.1,169.26
2047,4,1637.6,167.84
2048,4,1638.1,166.44
2049,4,1638.6,165.08
2050,4,1639,163.75
2051,4,1639.5,162.45
2052,4,1639.9,161.18
2053,4,1640.3,159.95
2054,4,1640.6,158.75
2055,4,1641,157.59
2056,4,1641.3,156.47
2057,4,1641.7,155.38
2058,4,1642,154.32
2059,4,1642.2,153.3
2060,4,1642.5,152.32
2061,4,1642.8,151.37
2062,4,1643,150.46
2063,4,1643.2,149.59
2064,4,1643.5,148.75
2065,4,1643.7,147.95
2066,4,1643.8,147.19
2067,4,1644,146.46
2068,4,1644.2,145.77
2069,4,1644.3,145.11
2070,4,1644.5,144.49
2071,4,1644.6,143.91
2072,4,1644.7,143.36
2073,4,1644.8,142.84
2074,4,1644.9,142.36
2075,4,1645,141.91
2076,4,1645.1,141.49
2077,4,1645.2,141.1
2078,4,1645.2,140.75
2079,4,1645.3,140.43
2080,4,1645.4,140.13
2081,4,1645.4,139.87
2082,4,1645.4,139.63
2083,4,1645.5,139.42
2084,4,1645.5,139.23
2085,4,1645.5,139.07
2086,4,1645.6,138.93
2087,4,1645.6,138.81
2088,4,1645.6,138.72
2089,4,1645.6,138.64
2090,4,1645.6,138.57
2091,4,1645.6,138.53
