1,4,332,106
2,4,332,106
3,4,332,106
4,4,332,106
5,4,332,106
6,4,332,106
7,4,332,106
8,4,332,106
9,4,332,106
10,4,332,106
11,4,332,106
12,4,332,106
13,4,332,106
14,4,332,106
15,4,332,106
16,4,332,106
17,4,332,106
18,4,332,106
19,4,332,106
20,4,332,106
21,4,332,106
22,4,332,106
23,4,332,106
24,4,332,106
25,4,332,106
26,4,332,106
27,4,332,106
28,4,332,106
29,4,332,106
30,4,332,106
31,4,332,106
32,4,332,106
33,4,332,106
34,4,332,106
35,4,332,106
36,4,332,106
37,4,332,106
38,4,332,106
39,4,332,106
40,4,332,106
41,4,332,106
42,4,332,106
43,4,332,106
44,4,332,106
45,4,332,106
46,4,332,106
47,4,332,106
48,4,332,106
49,4,332,106
50,4,332,106
51,4,332,106
52,4,332,106
53,4,332,106
54,4,332,106
55,4,332,106
56,4,332,106
57,4,332,106
58,4,332,106
59,4,332,106
60,4,332,106
61,4,332,106
62,4,332,106
63,4,332,106
64,4,332,106
65,4,332,106
66,4,332,106
67,4,332,106
68,4,332,106
69,4,332,106
70,4,332,106
71,4,332,106
72,4,332,106
73,4,332,106
74,4,332,106
75,4,332,106
76,4,332,106
77,4,332,106
78,4,332,106
79,4,332,106
80,4,332,106
81,4,332,106
82,4,332,106
83,4,332,106
84,4,332,106
85,4,332,106
86,4,331.99,106
87,4,331.99,106
88,4,331.99,106
89,4,331.99,106
90,4,331.99,106
91,4,331.99,106
92,4,331.99,106
93,4,331.99,106
94,4,331.99,106
95,4,331.99,106
96,4,331.99,106
97,4,331.99,106
98,4,331.99,106
99,4,331.98,106
100,4,331.98,106
101,4,331.98,106
102,4,331.98,106
103,4,331.98,106
104,4,331.98,106
105,4,331.98,106
106,4,331.98,106
107,4,331.98,106
108,4,331.97,106
109,4,331.97,106
110,4,331.97,106
111,4,331.97,106
112,4,331.97,106
113,4,331.97,106
114,4,331.97,106
115,4,331.97,106
116,4,331.96,106
117,4,331.96,106
118,4,331.96,106
119,4,331.96,106
120,4,331.96,106
121,4,331.96,106
122,4,331.96,106
123,4,331.95,106
124,4,331.95,106
125,4,331.95,106
126,4,331.95,106
127,4,331.95,106
128,4,331.95,106
129,4,331.94,106
130,4,331.94,106
131,4,331.94,106
132,4,331.94,106
133,4,331.94,106
134,4,331.94,106
135,4,331.94,106
136,4,331.93,106
137,4,331.93,106
138,4,331.93,106
139,4,331.93,106
140,4,331.93,106
141,4,331.93,106
142,4,331.92,106
143,4,331.92,106
144,4,331.92,106
145,4,331.92,106
146,4,331.92,106
147,4,331.92,106
148,4,331.92,106
149,4,331.92,106.01
150,4,331.92,106.01
151,4,331.91,106.01
152,4,331.91,106.01
153,4,331.91,106.01
154,4,331.91,106.01
155,4,331.91,106.01
156,4,331.91,106.01
157,4,331.91,106.01
158,4,331.91,106.01
159,4,331.91,106.01
160,4,331.91,106.01
161,4,331.91,106.01
162,4,331.91,106.01
163,4,331.91,106.01
164,4,331.91,106.01
165,4,331.91,106.01
166,4,331.91,106.01
167,4,331.92,106.01
168,4,331.92,106.01
169,4,331.92,106.01
170,4,331.92,106.01
171,4,331.92,106.01
172,4,331.93,106.01
173,4,331.93,106.01
174,4,331.93,106.01
175,4,331.94,106.01
176,4,331.94,106.01
177,4,331.94,106.01
178,4,331.95,106.01
179,4,331.95,106.01
180,4,331.96,106.01
181,4,331.96,106.01
182,4,331.97,106.01
183,4,331.97,106.01
184,4,331.98,106.01
185,4,331.99,106.01
186,4,331.99,106.01
187,4,332,106.01
188,4,332.01,106.01
189,4,332.02,106.01
190,4,332.03,106.01
191,4,332.03,106.01
192,4,332.04,106
193,4,332.05,106
194,4,332.07,106
195,4,332.08,106
196,4,332.09,106
197,4,332.1,106
198,4,332.11,106
199,4,332.13,106
200,4,332.14,106
201,4,332.16,106
202,4,332.17,106
203,4,332.19,106
204,4,332.2,106
205,4,332.22,106
206,4,332.24,106
207,4,332.26,106
208,4,332.27,106
209,4,332.29,106
210,4,332.31,105.99
211,4,332.33,105.99
212,4,332.36,105.99
213,4,332.38,105.99
214,4,332.4,105.99
215,4,332.42,105.99
216,4,332.45,105.99
217,4,332.47,105.99
218,4,332.5,105.99
219,4,332.52,105.98
220,4,332.55,105.98
221,4,332.58,105.98
222,4,332.61,105.98
223,4,332.63,105.98
224,4,332.66,105.98
225,4,332.69,105.98
226,4,332.72,105.97
227,4,332.76,105.97
228,4,332.79,105.97
229,4,332.82,105.97
230,4,332.85,105.97
231,4,332.89,105.96
232,4,332.92,105.96
233,4,332.95,105.96
234,4,332.99,105.96
235,4,333.02,105.96
236,4,333.06,105.95
237,4,333.09,105.95
238,4,333.13,105.95
239,4,333.17,105.95
240,4,333.2,105.94
241,4,333.24,105.94
242,4,333.28,105.94
243,4,333.31,105.94
244,4,333.35,105.93
245,4,333.39,105.93
246,4,333.42,105.93
247,4,333.46,105.93
248,4,333.5,105.92
249,4,333.53,105.92
250,4,333.57,105.92
251,4,333.61,105.92
252,4,333.64,105.91
253,4,333.67,105.91
254,4,333.71,105.91
255,4,333.74,105.9
256,4,333.77,105.9
257,4,333.8,105.9
258,4,333.83,105.89
259,4,333.86,105.89
260,4,333.89,105.89
261,4,333.92,105.89
262,4,333.94,105.88
263,4,333.96,105.88
264,4,333.98,105.88
265,4,334,105.87
266,4,334.02,105.87
267,4,334.03,105.87
268,4,334.05,105.86
269,4,334.05,105.86
270,4,334.06,105.86
271,4,334.07,105.86
272,4,334.07,105.85
273,4,334.06,105.85
274,4,334.06,105.85
275,4,334.05,105.85
276,4,334.04,105.84
277,4,334.02,105.84
278,4,334,105.84
279,4,333.97,105.84
280,4,333.94,105.84
281,4,333.91,105.84
282,4,333.87,105.83
283,4,333.82,105.83
284,4,333.77,105.83
285,4,333.71,105.83
286,4,333.65,105.83
287,4,333.58,105.83
288,4,333.51,105.83
289,4,333.43,105.83
290,4,333.34,105.83
291,4,333.24,105.83
292,4,333.14,105.83
293,4,333.03,105.84
294,4,332.91,105.84
295,4,332.78,105.84
296,4,332.65,105.84
297,4,332.5,105.84
298,4,332.35,105.85
299,4,332.18,105.85
300,4,332.01,105.86
301,4,331.83,105.86
302,4,331.64,105.87
303,4,331.43,105.87
304,4,331.22,105.88
305,4,331,105.89
306,4,330.76,105.89
307,4,330.51,105.9
308,4,330.25,105.91
309,4,329.98,105.92
310,4,329.7,105.93
311,4,329.4,105.94
312,4,329.1,105.95
313,4,328.77,105.96
314,4,328.44,105.98
315,4,328.09,105.99
316,4,327.73,106
317,4,327.35,106.02
318,4,326.96,106.03
319,4,326.56,106.05
320,4,326.14,106.07
321,4,325.71,106.09
322,4,325.26,106.11
323,4,324.8,106.13
324,4,324.32,106.15
325,4,323.82,106.17
326,4,323.32,106.19
327,4,322.79,106.22
328,4,322.25,106.24
329,4,321.7,106.27
330,4,321.13,106.3
331,4,320.54,106.33
332,4,319.94,106.36
333,4,319.33,106.39
334,4,318.7,106.42
335,4,318.05,106.45
336,4,317.39,106.49
337,4,316.72,106.53
338,4,316.03,106.56
339,4,315.33,106.6
340,4,314.61,106.64
341,4,313.88,106.68
342,4,313.14,106.72
343,4,312.38,106.77
344,4,311.62,106.81
345,4,310.84,106.86
346,4,310.05,106.9
347,4,309.25,106.95
348,4,308.44,107
349,4,307.62,107.05
350,4,306.79,107.1
351,4,305.96,107.16
352,4,305.12,107.21
353,4,304.27,107.27
354,4,303.42,107.32
355,4,302.56,107.38
356,4,301.7,107.44
357,4,300.84,107.51
358,4,299.98,107.57
359,4,299.12,107.63
360,4,298.26,107.7
361,4,297.41,107.77
362,4,296.56,107.84
363,4,295.71,107.91
364,4,294.87,107.98
365,4,294.04,108.05
366,4,293.22,108.13
367,4,292.4,108.21
368,4,291.6,108.29
369,4,290.81,108.37
370,4,290.04,108.45
371,4,289.28,108.54
372,4,288.53,108.63
373,4,287.8,108.72
374,4,287.09,108.81
375,4,286.39,108.91
376,4,285.71,109.01
377,4,285.05,109.11
378,4,284.41,109.21
379,4,283.79,109.32
380,4,283.19,109.43
381,4,282.61,109.54
382,4,282.05,109.66
383,4,281.51,109.78
384,4,280.99,109.9
385,4,280.5,110.02
386,4,280.03,110.15
387,4,279.58,110.28
388,4,279.15,110.42
389,4,278.74,110.56
390,4,278.36,110.7
391,4,278,110.84
392,4,277.66,110.99
393,4,277.35,111.14
394,4,277.06,111.3
395,4,276.79,111.46
396,4,276.54,111.62
397,4,276.32,111.79
398,4,276.11,111.96
399,4,275.93,112.14
400,4,275.77,112.31
401,4,275.64,112.5
402,4,275.52,112.68
403,4,275.43,112.87
404,4,275.35,113.06
405,4,275.3,113.26
406,4,275.26,113.46
407,4,275.25,113.67
408,4,275.25,113.87
409,4,275.28,114.08
410,4,275.32,114.3
411,4,275.38,114.51
412,4,275.45,114.73
413,4,275.55,114.96
414,4,275.66,115.18
415,4,275.78,115.41
416,4,275.92,115.64
417,4,276.08,115.88
418,4,276.24,116.11
419,4,276.42,116.35
420,4,276.62,116.59
421,4,276.82,116.83
422,4,277.04,117.07
423,4,277.26,117.31
424,4,277.5,117.55
425,4,277.74,117.79
426,4,277.99,118.03
427,4,278.25,118.28
428,4,278.52,118.52
429,4,278.79,118.76
430,4,279.07,119
431,4,279.35,119.23
432,4,279.63,119.47
433,4,279.92,119.7
434,4,280.21,119.94
435,4,280.51,120.17
436,4,280.8,120.39
437,4,281.1,120.62
438,4,281.4,120.84
439,4,281.7,121.06
440,4,282.01,121.28
441,4,282.31,121.49
442,4,282.61,121.7
443,4,282.91,121.9
444,4,283.21,122.11
445,4,283.51,122.31
446,4,283.81,122.5
447,4,284.11,122.69
448,4,284.41,122.88
449,4,284.7,123.07
450,4,284.99,123.25
451,4,285.28,123.42
452,4,285.57,123.59
453,4,285.86,123.76
454,4,286.14,123.93
455,4,286.42,124.08
456,4,286.7,124.24
457,4,286.98,124.39
458,4,287.25,124.54
459,4,287.52,124.68
460,4,287.79,124.81
461,4,288.05,124.95
462,4,288.31,125.07
463,4,288.57,125.2
464,4,288.83,125.32
465,4,289.08,125.43
466,4,289.33,125.54
467,4,289.57,125.65
468,4,289.82,125.75
469,4,290.06,125.84
470,4,290.29,125.93
471,4,290.53,126.02
472,4,290.76,126.1
473,4,290.99,126.18
474,4,291.21,126.26
475,4,291.44,126.33
476,4,291.65,126.39
477,4,291.87,126.45
478,4,292.08,126.51
479,4,292.29,126.56
480,4,292.5,126.61
481,4,292.71,126.65
482,4,292.91,126.69
483,4,293.11,126.73
484,4,293.3,126.76
485,4,293.49,126.79
486,4,293.68,126.82
487,4,293.87,126.84
488,4,294.06,126.86
489,4,294.24,126.88
490,4,294.42,126.89
491,4,294.59,126.9
492,4,294.76,126.91
493,4,294.93,126.92
494,4,295.1,126.92
495,4,295.26,126.92
496,4,295.43,126.92
497,4,295.58,126.92
498,4,295.74,126.92
499,4,295.89,126.91
500,4,296.04,126.9
501,4,296.19,126.89
502,4,296.33,126.88
503,4,296.47,126.87
504,4,296.61,126.86
505,4,296.75,126.85
506,4,296.88,126.84
507,4,297.01,126.83
508,4,297.14,126.82
509,4,297.26,126.81
510,4,297.38,126.8
511,4,297.5,126.79
512,4,297.62,126.79
513,4,297.74,126.78
514,4,297.85,126.78
515,4,297.96,126.77
516,4,298.07,126.77
517,4,298.18,126.78
518,4,298.28,126.78
519,4,298.39,126.79
520,4,298.49,126.8
521,4,298.59,126.82
522,4,298.69,126.84
523,4,298.79,126.87
524,4,298.89,126.89
525,4,298.99,126.93
526,4,299.08,126.97
527,4,299.18,127.01
528,4,299.28,127.06
529,4,299.37,127.12
530,4,299.47,127.19
531,4,299.57,127.26
532,4,299.67,127.34
533,4,299.77,127.42
534,4,299.87,127.52
535,4,299.98,127.62
536,4,300.09,127.74
537,4,300.19,127.86
538,4,300.3,127.99
539,4,300.42,128.14
540,4,300.53,128.29
541,4,300.65,128.46
542,4,300.78,128.63
543,4,300.91,128.82
544,4,301.04,129.02
545,4,301.17,129.24
546,4,301.32,129.47
547,4,301.46,129.71
548,4,301.61,129.96
549,4,301.77,130.24
550,4,301.93,130.52
551,4,302.1,130.82
552,4,302.28,131.14
553,4,302.46,131.48
554,4,302.65,131.83
555,4,302.85,132.2
556,4,303.05,132.59
557,4,303.27,132.99
558,4,303.49,133.42
559,4,303.72,133.86
560,4,303.96,134.33
561,4,304.21,134.81
562,4,304.46,135.31
563,4,304.73,135.84
564,4,305.01,136.39
565,4,305.3,136.95
566,4,305.6,137.54
567,4,305.91,138.16
568,4,306.23,138.79
569,4,306.56,139.45
570,4,306.91,140.13
571,4,307.26,140.84
572,4,307.63,141.57
573,4,308.01,142.32
574,4,308.41,143.1
575,4,308.81,143.9
576,4,309.23,144.73
577,4,309.67,145.58
578,4,310.12,146.45
579,4,310.58,147.36
580,4,311.05,148.29
581,4,311.54,149.24
582,4,312.04,150.22
583,4,312.56,151.22
584,4,313.1,152.25
585,4,313.64,153.31
586,4,314.21,154.39
587,4,314.78,155.5
588,4,315.38,156.63
589,4,315.98,157.79
590,4,316.61,158.98
591,4,317.25,160.18
592,4,317.9,161.42
593,4,318.57,162.68
594,4,319.26,163.96
595,4,319.96,165.27
596,4,320.67,166.6
597,4,321.41,167.95
598,4,322.15,169.33
599,4,322.92,170.73
600,4,323.7,172.15
601,4,324.49,173.6
602,4,325.3,175.06
603,4,326.12,176.55
604,4,326.96,178.05
605,4,327.82,179.58
606,4,328.68,181.12
607,4,329.57,182.68
608,4,330.46,184.26
609,4,331.37,185.85
610,4,332.3,187.46
611,4,333.24,189.08
612,4,334.19,190.72
613,4,335.15,192.37
614,4,336.13,194.03
615,4,337.12,195.7
616,4,338.12,197.38
617,4,339.13,199.07
618,4,340.16,200.76
619,4,341.19,202.46
620,4,342.24,204.17
621,4,343.29,205.87
622,4,344.35,207.58
623,4,345.43,209.29
624,4,346.51,211
625,4,347.6,212.71
626,4,348.69,214.41
627,4,349.8,216.11
628,4,350.91,217.8
629,4,352.03,219.48
630,4,353.15,221.16
631,4,354.28,222.83
632,4,355.41,224.48
633,4,356.55,226.13
634,4,357.69,227.75
635,4,358.84,229.37
636,4,359.99,230.96
637,4,361.14,232.54
638,4,362.29,234.11
639,4,363.45,235.65
640,4,364.61,237.17
641,4,365.77,238.67
642,4,366.92,240.14
643,4,368.08,241.59
644,4,369.24,243.02
645,4,370.4,244.42
646,4,371.56,245.79
647,4,372.72,247.14
648,4,373.87,248.45
649,4,375.03,249.74
650,4,376.18,251
651,4,377.34,252.23
652,4,378.49,253.43
653,4,379.64,254.59
654,4,380.79,255.72
655,4,381.93,256.82
656,4,383.08,257.89
657,4,384.22,258.92
658,4,385.36,259.92
659,4,386.5,260.89
660,4,387.64,261.82
661,4,388.78,262.71
662,4,389.92,263.58
663,4,391.06,264.4
664,4,392.19,265.19
665,4,393.33,265.94
666,4,394.46,266.66
667,4,395.59,267.34
668,4,396.73,267.98
669,4,397.86,268.59
670,4,398.99,269.16
671,4,400.13,269.69
672,4,401.26,270.19
673,4,402.39,270.65
674,4,403.52,271.07
675,4,404.66,271.46
676,4,405.79,271.8
677,4,406.92,272.11
678,4,408.06,272.38
679,4,409.19,272.61
680,4,410.33,272.81
681,4,411.46,272.97
682,4,412.6,273.09
683,4,413.73,273.17
684,4,414.86,273.21
685,4,416,273.22
686,4,417.13,273.19
687,4,418.26,273.12
688,4,419.39,273.01
689,4,420.52,272.86
690,4,421.65,272.68
691,4,422.78,272.46
692,4,423.91,272.2
693,4,425.03,271.9
694,4,426.15,271.56
695,4,427.27,271.19
696,4,428.39,270.78
697,4,429.5,270.33
698,4,430.61,269.85
699,4,431.72,269.33
700,4,432.82,268.77
701,4,433.92,268.18
702,4,435.02,267.55
703,4,436.11,266.88
704,4,437.19,266.18
705,4,438.27,265.44
706,4,439.34,264.67
707,4,440.41,263.87
708,4,441.47,263.03
709,4,442.53,262.16
710,4,443.57,261.25
711,4,444.61,260.32
712,4,445.65,259.35
713,4,446.67,258.34
714,4,447.68,257.31
715,4,448.69,256.25
716,4,449.69,255.16
717,4,450.67,254.04
718,4,451.65,252.88
719,4,452.62,251.71
720,4,453.58,250.5
721,4,454.52,249.26
722,4,455.46,248
723,4,456.38,246.72
724,4,457.29,245.4
725,4,458.19,244.07
726,4,459.08,242.7
727,4,459.95,241.32
728,4,460.81,239.91
729,4,461.66,238.48
730,4,462.5,237.03
731,4,463.32,235.55
732,4,464.13,234.05
733,4,464.92,232.54
734,4,465.71,231
735,4,466.47,229.44
736,4,467.23,227.87
737,4,467.97,226.28
738,4,468.69,224.66
739,4,469.41,223.03
740,4,470.1,221.39
741,4,470.79,219.72
742,4,471.46,218.04
743,4,472.11,216.35
744,4,472.75,214.64
745,4,473.38,212.92
746,4,473.99,211.18
747,4,474.59,209.43
748,4,475.18,207.66
749,4,475.75,205.89
750,4,476.3,204.1
751,4,476.85,202.3
752,4,477.38,200.49
753,4,477.89,198.67
754,4,478.39,196.84
755,4,478.88,195
756,4,479.36,193.15
757,4,479.82,191.3
758,4,480.27,189.44
759,4,480.7,187.57
760,4,481.12,185.7
761,4,481.53,183.82
762,4,481.93,181.94
763,4,482.31,180.06
764,4,482.68,178.17
765,4,483.04,176.29
766,4,483.38,174.4
767,4,483.72,172.51
768,4,484.04,170.62
769,4,484.35,168.73
770,4,484.64,166.85
771,4,484.93,164.96
772,4,485.2,163.08
773,4,485.46,161.21
774,4,485.71,159.34
775,4,485.95,157.47
776,4,486.17,155.61
777,4,486.39,153.76
778,4,486.6,151.92
779,4,486.79,150.08
780,4,486.97,148.25
781,4,487.14,146.43
782,4,487.31,144.62
783,4,487.46,142.82
784,4,487.6,141.03
785,4,487.73,139.25
786,4,487.86,137.48
787,4,487.97,135.72
788,4,488.07,133.98
789,4,488.17,132.25
790,4,488.25,130.53
791,4,488.33,128.83
792,4,488.4,127.14
793,4,488.46,125.46
794,4,488.51,123.8
795,4,488.55,122.15
796,4,488.59,120.52
797,4,488.62,118.9
798,4,488.64,117.3
799,4,488.65,115.72
800,4,488.66,114.15
801,4,488.66,112.6
802,4,488.65,111.07
803,4,488.64,109.55
804,4,488.62,108.06
805,4,488.6,106.58
806,4,488.57,105.12
807,4,488.54,103.69
808,4,488.5,102.27
809,4,488.46,100.87
810,4,488.41,99.497
811,4,488.36,98.144
812,4,488.3,96.813
813,4,488.24,95.505
814,4,488.18,94.221
815,4,488.12,92.96
816,4,488.05,91.725
817,4,487.98,90.514
818,4,487.91,89.329
819,4,487.84,88.171
820,4,487.76,87.039
821,4,487.69,85.935
822,4,487.61,84.859
823,4,487.53,83.812
824,4,487.46,82.793
825,4,487.38,81.804
826,4,487.3,80.845
827,4,487.23,79.917
828,4,487.15,79.019
829,4,487.08,78.154
830,4,487.01,77.32
831,4,486.94,76.519
832,4,486.87,75.751
833,4,486.81,75.017
834,4,486.74,74.317
835,4,486.69,73.651
836,4,486.63,73.02
837,4,486.58,72.425
838,4,486.53,71.865
839,4,486.49,71.342
840,4,486.45,70.855
841,4,486.41,70.406
842,4,486.39,69.994
843,4,486.36,69.621
844,4,486.35,69.286
845,4,486.34,68.99
846,4,486.34,68.733
847,4,486.34,68.516
848,4,486.35,68.34
849,4,486.37,68.204
850,4,486.4,68.11
851,4,486.44,68.058
852,4,486.48,68.048
853,4,486.54,68.08
854,4,486.6,68.156
855,4,486.68,68.276
856,4,486.77,68.44
857,4,486.86,68.649
858,4,486.97,68.903
859,4,487.09,69.202
860,4,487.22,69.548
861,4,487.37,69.941
862,4,487.53,70.381
863,4,487.7,70.869
864,4,487.88,71.406
865,4,488.08,71.991
866,4,488.3,72.625
867,4,488.53,73.309
868,4,488.77,74.044
869,4,489.03,74.829
870,4,489.31,75.666
871,4,489.6,76.554
872,4,489.91,77.494
873,4,490.24,78.487
874,4,490.59,79.532
875,4,490.95,80.631
876,4,491.34,81.784
877,4,491.74,82.99
878,4,492.16,84.251
879,4,492.6,85.566
880,4,493.06,86.936
881,4,493.54,88.36
882,4,494.05,89.839
883,4,494.57,91.374
884,4,495.11,92.964
885,4,495.68,94.608
886,4,496.27,96.308
887,4,496.88,98.062
888,4,497.51,99.871
889,4,498.17,101.73
890,4,498.85,103.65
891,4,499.55,105.62
892,4,500.27,107.65
893,4,501.02,109.72
894,4,501.79,111.85
895,4,502.58,114.03
896,4,503.4,116.26
897,4,504.24,118.54
898,4,505.11,120.87
899,4,505.99,123.24
900,4,506.9,125.66
901,4,507.84,128.13
902,4,508.79,130.63
903,4,509.77,133.18
904,4,510.77,135.77
905,4,511.79,138.39
906,4,512.83,141.05
907,4,513.9,143.74
908,4,514.98,146.47
909,4,516.09,149.22
910,4,517.22,152
911,4,518.36,154.81
912,4,519.52,157.64
913,4,520.7,160.49
914,4,521.9,163.35
915,4,523.12,166.23
916,4,524.35,169.13
917,4,525.6,172.03
918,4,526.87,174.94
919,4,528.14,177.85
920,4,529.44,180.77
921,4,530.74,183.68
922,4,532.06,186.6
923,4,533.39,189.5
924,4,534.74,192.4
925,4,536.09,195.29
926,4,537.45,198.16
927,4,538.83,201.01
928,4,540.21,203.85
929,4,541.6,206.66
930,4,543,209.45
931,4,544.41,212.22
932,4,545.82,214.95
933,4,547.24,217.65
934,4,548.67,220.32
935,4,550.1,222.95
936,4,551.53,225.55
937,4,552.97,228.1
938,4,554.42,230.61
939,4,555.86,233.07
940,4,557.31,235.49
941,4,558.77,237.86
942,4,560.22,240.18
943,4,561.68,242.45
944,4,563.14,244.67
945,4,564.6,246.83
946,4,566.06,248.93
947,4,567.52,250.98
948,4,568.98,252.97
949,4,570.45,254.89
950,4,571.91,256.76
951,4,573.37,258.57
952,4,574.84,260.31
953,4,576.3,261.99
954,4,577.76,263.6
955,4,579.22,265.15
956,4,580.68,266.64
957,4,582.14,268.06
958,4,583.59,269.41
959,4,585.05,270.7
960,4,586.5,271.91
961,4,587.95,273.06
962,4,589.4,274.15
963,4,590.85,275.16
964,4,592.29,276.11
965,4,593.74,276.99
966,4,595.17,277.8
967,4,596.61,278.55
968,4,598.04,279.23
969,4,599.46,279.84
970,4,600.89,280.38
971,4,602.3,280.85
972,4,603.71,281.26
973,4,605.12,281.6
974,4,606.52,281.88
975,4,607.91,282.09
976,4,609.29,282.23
977,4,610.67,282.31
978,4,612.04,282.32
979,4,613.4,282.27
980,4,614.74,282.16
981,4,616.08,281.99
982,4,617.41,281.75
983,4,618.73,281.45
984,4,620.04,281.1
985,4,621.33,280.68
986,4,622.62,280.21
987,4,623.89,279.67
988,4,625.14,279.08
989,4,626.38,278.44
990,4,627.61,277.74
991,4,628.82,276.99
992,4,630.01,276.18
993,4,631.19,275.33
994,4,632.35,274.42
995,4,633.5,273.46
996,4,634.62,272.46
997,4,635.73,271.41
998,4,636.82,270.31
999,4,637.89,269.17
1000,4,638.94,267.98
1001,4,639.98,266.76
1002,4,640.99,265.49
1003,4,641.98,264.18
1004,4,642.95,262.83
1005,4,643.9,261.45
1006,4,644.83,260.03
1007,4,645.74,258.58
1008,4,646.62,257.1
1009,4,647.49,255.58
1010,4,648.33,254.03
1011,4,649.15,252.45
1012,4,649.95,250.84
1013,4,650.72,249.21
1014,4,651.48,247.55
1015,4,652.21,245.87
1016,4,652.92,244.16
1017,4,653.61,242.43
1018,4,654.27,240.68
1019,4,654.92,238.91
1020,4,655.54,237.12
1021,4,656.14,235.32
1022,4,656.72,233.5
1023,4,657.28,231.66
1024,4,657.81,229.81
1025,4,658.33,227.95
1026,4,658.82,226.08
1027,4,659.29,224.19
1028,4,659.75,222.3
1029,4,660.18,220.4
1030,4,660.6,218.5
1031,4,660.99,216.59
1032,4,661.36,214.67
1033,4,661.72,212.75
1034,4,662.06,210.83
1035,4,662.38,208.91
1036,4,662.68,206.99
1037,4,662.96,205.07
1038,4,663.23,203.15
1039,4,663.48,201.24
1040,4,663.71,199.33
1041,4,663.93,197.42
1042,4,664.13,195.53
1043,4,664.32,193.63
1044,4,664.49,191.75
1045,4,664.65,189.88
1046,4,664.79,188.01
1047,4,664.92,186.16
1048,4,665.03,184.32
1049,4,665.14,182.49
1050,4,665.23,180.67
1051,4,665.31,178.87
1052,4,665.37,177.08
1053,4,665.43,175.3
1054,4,665.47,173.54
1055,4,665.51,171.8
1056,4,665.53,170.07
1057,4,665.55,168.35
1058,4,665.55,166.66
1059,4,665.55,164.98
1060,4,665.54,163.31
1061,4,665.52,161.67
1062,4,665.49,160.04
1063,4,665.46,158.43
1064,4,665.42,156.84
1065,4,665.37,155.27
1066,4,665.32,153.71
1067,4,665.26,152.17
1068,4,665.2,150.66
1069,4,665.13,149.16
1070,4,665.05,147.68
1071,4,664.98,146.21
1072,4,664.89,144.77
1073,4,664.81,143.35
1074,4,664.72,141.94
1075,4,664.63,140.55
1076,4,664.53,139.18
1077,4,664.43,137.83
1078,4,664.33,136.5
1079,4,664.23,135.18
1080,4,664.12,133.88
1081,4,664.02,132.61
1082,4,663.91,131.34
1083,4,663.8,130.1
1084,4,663.69,128.87
1085,4,663.57,127.67
1086,4,663.46,126.47
1087,4,663.35,125.3
1088,4,663.23,124.14
1089,4,663.12,123
1090,4,663,121.88
1091,4,662.89,120.78
1092,4,662.77,119.69
1093,4,662.66,118.62
1094,4,662.55,117.56
1095,4,662.43,116.52
1096,4,662.32,115.5
1097,4,662.2,114.5
1098,4,662.09,113.51
1099,4,661.98,112.54
1100,4,661.87,111.59
1101,4,661.75,110.65
1102,4,661.64,109.73
1103,4,661.54,108.83
1104,4,661.43,107.94
1105,4,661.32,107.07
1106,4,661.21,106.22
1107,4,661.11,105.39
1108,4,661,104.58
1109,4,660.9,103.78
1110,4,660.8,103.01
1111,4,660.7,102.25
1112,4,660.6,101.51
1113,4,660.5,100.79
1114,4,660.41,100.09
1115,4,660.31,99.41
1116,4,660.22,98.75
1117,4,660.12,98.11
1118,4,660.03,97.491
1119,4,659.94,96.893
1120,4,659.86,96.316
1121,4,659.77,95.76
1122,4,659.69,95.226
1123,4,659.61,94.715
1124,4,659.53,94.225
1125,4,659.45,93.759
1126,4,659.37,93.315
1127,4,659.3,92.895
1128,4,659.23,92.498
1129,4,659.16,92.125
1130,4,659.1,91.777
1131,4,659.03,91.453
1132,4,658.97,91.155
1133,4,658.92,90.881
1134,4,658.86,90.633
1135,4,658.82,90.412
1136,4,658.77,90.216
1137,4,658.73,90.048
1138,4,658.69,89.907
1139,4,658.66,89.793
1140,4,658.63,89.708
1141,4,658.61,89.651
1142,4,658.59,89.623
1143,4,658.58,89.624
1144,4,658.58,89.656
1145,4,658.58,89.717
1146,4,658.58,89.81
1147,4,658.6,89.934
1148,4,658.62,90.09
1149,4,658.64,90.279
1150,4,658.68,90.501
1151,4,658.72,90.756
1152,4,658.78,91.046
1153,4,658.84,91.37
1154,4,658.91,91.73
1155,4,658.99,92.125
1156,4,659.08,92.557
1157,4,659.18,93.027
1158,4,659.29,93.534
1159,4,659.42,94.08
1160,4,659.55,94.665
1161,4,659.7,95.289
1162,4,659.86,95.954
1163,4,660.03,96.66
1164,4,660.22,97.408
1165,4,660.42,98.197
1166,4,660.64,99.03
1167,4,660.87,99.906
1168,4,661.12,100.83
1169,4,661.38,101.79
1170,4,661.66,102.8
1171,4,661.96,103.86
1172,4,662.27,104.96
1173,4,662.6,106.11
1174,4,662.96,107.31
1175,4,663.33,108.55
1176,4,663.72,109.84
1177,4,664.13,111.18
1178,4,664.57,112.57
1179,4,665.02,114.01
1180,4,665.5,115.5
1181,4,666,117.04
1182,4,666.52,118.63
1183,4,667.07,120.27
1184,4,667.64,121.96
1185,4,668.24,123.7
1186,4,668.86,125.49
1187,4,669.51,127.33
1188,4,670.19,129.22
1189,4,670.89,131.16
1190,4,671.62,133.15
1191,4,672.38,135.19
1192,4,673.16,137.28
1193,4,673.98,139.41
1194,4,674.82,141.59
1195,4,675.69,143.82
1196,4,676.6,146.09
1197,4,677.53,148.41
1198,4,678.49,150.77
1199,4,679.49,153.17
1200,4,680.51,155.61
1201,4,681.57,158.09
1202,4,682.66,160.6
1203,4,683.78,163.15
1204,4,684.93,165.74
1205,4,686.11,168.35
1206,4,687.32,171
1207,4,688.57,173.67
1208,4,689.85,176.37
1209,4,691.15,179.09
1210,4,692.49,181.83
1211,4,693.86,184.59
1212,4,695.26,187.36
1213,4,696.69,190.15
1214,4,698.15,192.94
1215,4,699.64,195.74
1216,4,701.15,198.55
1217,4,702.69,201.36
1218,4,704.26,204.16
1219,4,705.86,206.96
1220,4,707.48,209.75
1221,4,709.12,212.54
1222,4,710.79,215.3
1223,4,712.48,218.05
1224,4,714.19,220.78
1225,4,715.93,223.48
1226,4,717.68,226.16
1227,4,719.45,228.81
1228,4,721.23,231.43
1229,4,723.03,234.01
1230,4,724.85,236.55
1231,4,726.68,239.06
1232,4,728.53,241.52
1233,4,730.38,243.93
1234,4,732.24,246.3
1235,4,734.12,248.61
1236,4,736,250.87
1237,4,737.89,253.07
1238,4,739.78,255.22
1239,4,741.68,257.31
1240,4,743.58,259.33
1241,4,745.48,261.29
1242,4,747.38,263.18
1243,4,749.29,265
1244,4,751.19,266.76
1245,4,753.08,268.44
1246,4,754.98,270.05
1247,4,756.86,271.59
1248,4,758.74,273.05
1249,4,760.62,274.43
1250,4,762.48,275.74
1251,4,764.33,276.96
1252,4,766.17,278.11
1253,4,768,279.18
1254,4,769.81,280.16
1255,4,771.61,281.06
1256,4,773.39,281.88
1257,4,775.16,282.61
1258,4,776.9,283.26
1259,4,778.63,283.83
1260,4,780.33,284.31
1261,4,782.01,284.71
1262,4,783.67,285.02
1263,4,785.3,285.24
1264,4,786.91,285.38
1265,4,788.49,285.44
1266,4,790.04,285.41
1267,4,791.57,285.29
1268,4,793.06,285.09
1269,4,794.53,284.81
1270,4,795.96,284.44
1271,4,797.37,283.99
1272,4,798.74,283.46
1273,4,800.08,282.85
1274,4,801.38,282.15
1275,4,802.66,281.38
1276,4,803.89,280.53
1277,4,805.1,279.6
1278,4,806.27,278.59
1279,4,807.4,277.51
1280,4,808.5,276.35
1281,4,809.56,275.12
1282,4,810.59,273.82
1283,4,811.58,272.45
1284,4,812.53,271.01
1285,4,813.45,269.51
1286,4,814.33,267.94
1287,4,815.18,266.3
1288,4,815.99,264.61
1289,4,816.76,262.86
1290,4,817.5,261.05
1291,4,818.2,259.19
1292,4,818.86,257.27
1293,4,819.49,255.3
1294,4,820.09,253.28
1295,4,820.65,251.22
1296,4,821.17,249.11
1297,4,821.66,246.96
1298,4,822.12,244.77
1299,4,822.54,242.54
1300,4,822.93,240.28
1301,4,823.29,237.98
1302,4,823.62,235.66
1303,4,823.91,233.3
1304,4,824.18,230.92
1305,4,824.41,228.52
1306,4,824.62,226.09
1307,4,824.79,223.65
1308,4,824.94,221.18
1309,4,825.06,218.71
1310,4,825.16,216.22
1311,4,825.23,213.73
1312,4,825.27,211.22
1313,4,825.3,208.72
1314,4,825.3,206.21
1315,4,825.27,203.7
1316,4,825.23,201.19
1317,4,825.16,198.69
1318,4,825.08,196.19
1319,4,824.97,193.7
1320,4,824.85,191.22
1321,4,824.71,188.76
1322,4,824.55,186.31
1323,4,824.38,183.87
1324,4,824.19,181.46
1325,4,823.99,179.06
1326,4,823.78,176.68
1327,4,823.55,174.33
1328,4,823.31,172
1329,4,823.06,169.69
1330,4,822.8,167.42
1331,4,822.53,165.17
1332,4,822.26,162.94
1333,4,821.97,160.75
1334,4,821.68,158.6
1335,4,821.38,156.47
1336,4,821.07,154.38
1337,4,820.76,152.32
1338,4,820.44,150.3
1339,4,820.12,148.32
1340,4,819.8,146.37
1341,4,819.48,144.46
1342,4,819.15,142.59
1343,4,818.82,140.76
1344,4,818.49,138.98
1345,4,818.16,137.23
1346,4,817.83,135.53
1347,4,817.5,133.86
1348,4,817.17,132.25
1349,4,816.85,130.67
1350,4,816.52,129.14
1351,4,816.2,127.66
1352,4,815.88,126.22
1353,4,815.57,124.82
1354,4,815.26,123.48
1355,4,814.95,122.18
1356,4,814.65,120.92
1357,4,814.36,119.72
1358,4,814.07,118.56
1359,4,813.78,117.45
1360,4,813.51,116.38
1361,4,813.24,115.37
1362,4,812.98,114.41
1363,4,812.73,113.49
1364,4,812.48,112.63
1365,4,812.25,111.81
1366,4,812.02,111.05
1367,4,811.8,110.34
1368,4,811.6,109.68
1369,4,811.4,109.07
1370,4,811.22,108.51
1371,4,811.05,108
1372,4,810.88,107.55
1373,4,810.73,107.15
1374,4,810.6,106.8
1375,4,810.47,106.51
1376,4,810.36,106.27
1377,4,810.27,106.09
1378,4,810.18,105.96
1379,4,810.12,105.89
1380,4,810.06,105.87
1381,4,810.03,105.9
1382,4,810.01,106
1383,4,810,106.15
1384,4,810.02,106.36
1385,4,810.05,106.62
1386,4,810.1,106.94
1387,4,810.16,107.32
1388,4,810.25,107.76
1389,4,810.35,108.25
1390,4,810.48,108.81
1391,4,810.62,109.42
1392,4,810.79,110.09
1393,4,810.97,110.82
1394,4,811.18,111.61
1395,4,811.41,112.45
1396,4,811.67,113.36
1397,4,811.95,114.32
1398,4,812.25,115.34
1399,4,812.57,116.42
1400,4,812.92,117.55
1401,4,813.3,118.74
1402,4,813.7,119.99
1403,4,814.12,121.3
1404,4,814.58,122.66
1405,4,815.06,124.08
1406,4,815.56,125.55
1407,4,816.1,127.07
1408,4,816.66,128.65
1409,4,817.26,130.28
1410,4,817.88,131.96
1411,4,818.53,133.69
1412,4,819.21,135.47
1413,4,819.92,137.29
1414,4,820.66,139.16
1415,4,821.43,141.07
1416,4,822.23,143.02
1417,4,823.06,145.02
1418,4,823.92,147.05
1419,4,824.81,149.12
1420,4,825.74,151.22
1421,4,826.69,153.35
1422,4,827.68,155.51
1423,4,828.7,157.7
1424,4,829.75,159.91
1425,4,830.83,162.14
1426,4,831.94,164.39
1427,4,833.08,166.66
1428,4,834.25,168.93
1429,4,835.45,171.22
1430,4,836.68,173.5
1431,4,837.94,175.8
1432,4,839.23,178.09
1433,4,840.54,180.37
1434,4,841.89,182.65
1435,4,843.26,184.91
1436,4,844.65,187.16
1437,4,846.08,189.4
1438,4,847.52,191.61
1439,4,848.99,193.79
1440,4,850.49,195.95
1441,4,852.01,198.08
1442,4,853.54,200.17
1443,4,855.1,202.23
1444,4,856.68,204.24
1445,4,858.28,206.21
1446,4,859.89,208.13
1447,4,861.52,210.01
1448,4,863.17,211.83
1449,4,864.84,213.59
1450,4,866.51,215.3
1451,4,868.21,216.95
1452,4,869.91,218.53
1453,4,871.63,220.05
1454,4,873.35,221.51
1455,4,875.09,222.89
1456,4,876.84,224.21
1457,4,878.59,225.45
1458,4,880.36,226.61
1459,4,882.13,227.7
1460,4,883.9,228.72
1461,4,885.69,229.65
1462,4,887.47,230.5
1463,4,889.26,231.27
1464,4,891.06,231.96
1465,4,892.85,232.57
1466,4,894.65,233.09
1467,4,896.45,233.52
1468,4,898.24,233.87
1469,4,900.04,234.14
1470,4,901.84,234.31
1471,4,903.63,234.4
1472,4,905.42,234.41
1473,4,907.21,234.32
1474,4,908.99,234.15
1475,4,910.77,233.89
1476,4,912.54,233.55
1477,4,914.31,233.12
1478,4,916.07,232.6
1479,4,917.82,232
1480,4,919.56,231.32
1481,4,921.29,230.56
1482,4,923.01,229.71
1483,4,924.72,228.78
1484,4,926.42,227.77
1485,4,928.11,226.69
1486,4,929.78,225.53
1487,4,931.43,224.3
1488,4,933.07,222.99
1489,4,934.7,221.61
1490,4,936.31,220.16
1491,4,937.9,218.65
1492,4,939.47,217.07
1493,4,941.03,215.43
1494,4,942.56,213.73
1495,4,944.07,211.97
1496,4,945.56,210.16
1497,4,947.03,208.29
1498,4,948.48,206.37
1499,4,949.91,204.41
1500,4,951.31,202.4
1501,4,952.69,200.34
1502,4,954.05,198.25
1503,4,955.38,196.12
1504,4,956.69,193.96
1505,4,957.98,191.76
1506,4,959.24,189.54
1507,4,960.47,187.3
1508,4,961.69,185.03
1509,4,962.88,182.75
1510,4,964.04,180.45
1511,4,965.19,178.14
1512,4,966.31,175.82
1513,4,967.4,173.5
1514,4,968.48,171.18
1515,4,969.53,168.86
1516,4,970.56,166.55
1517,4,971.57,164.24
1518,4,972.56,161.96
1519,4,973.52,159.69
1520,4,974.47,157.45
1521,4,975.4,155.23
1522,4,976.31,153.04
1523,4,977.2,150.88
1524,4,978.08,148.76
1525,4,978.93,146.68
1526,4,979.77,144.65
1527,4,980.6,142.66
1528,4,981.41,140.72
1529,4,982.2,138.84
1530,4,982.98,137.02
1531,4,983.75,135.26
1532,4,984.51,133.56
1533,4,985.25,131.93
1534,4,985.99,130.37
1535,4,986.71,128.88
1536,4,987.42,127.47
1537,4,988.13,126.14
1538,4,988.83,124.89
1539,4,989.52,123.73
1540,4,990.2,122.65
1541,4,990.88,121.66
1542,4,991.56,120.76
1543,4,992.23,119.96
1544,4,992.9,119.24
1545,4,993.57,118.63
1546,4,994.23,118.11
1547,4,994.9,117.7
1548,4,995.57,117.38
1549,4,996.23,117.17
1550,4,996.91,117.06
1551,4,997.58,117.06
1552,4,998.26,117.17
1553,4,998.95,117.38
1554,4,999.64,117.69
1555,4,1000.3,118.12
1556,4,1001,118.66
1557,4,1001.8,119.3
1558,4,1002.5,120.05
1559,4,1003.2,120.91
1560,4,1004,121.88
1561,4,1004.7,122.96
1562,4,1005.5,124.14
1563,4,1006.3,125.44
1564,4,1007.1,126.83
1565,4,1007.9,128.34
1566,4,1008.7,129.94
1567,4,1009.6,131.65
1568,4,1010.5,133.46
1569,4,1011.4,135.37
1570,4,1012.3,137.38
1571,4,1013.2,139.48
1572,4,1014.1,141.67
1573,4,1015.1,143.96
1574,4,1016.1,146.33
1575,4,1017.1,148.78
1576,4,1018.2,151.32
1577,4,1019.2,153.93
1578,4,1020.3,156.62
1579,4,1021.4,159.38
1580,4,1022.5,162.2
1581,4,1023.7,165.09
1582,4,1024.9,168.03
1583,4,1026.1,171.02
1584,4,1027.3,174.07
1585,4,1028.5,177.15
1586,4,1029.8,180.27
1587,4,1031.1,183.42
1588,4,1032.4,186.6
1589,4,1033.8,189.8
1590,4,1035.2,193.01
1591,4,1036.5,196.23
1592,4,1038,199.45
1593,4,1039.4,202.66
1594,4,1040.9,205.87
1595,4,1042.3,209.06
1596,4,1043.8,212.22
1597,4,1045.4,215.36
1598,4,1046.9,218.46
1599,4,1048.4,221.51
1600,4,1050,224.53
1601,4,1051.6,227.49
1602,4,1053.2,230.39
1603,4,1054.8,233.22
1604,4,1056.5,235.99
1605,4,1058.1,238.68
1606,4,1059.8,241.29
1607,4,1061.4,243.82
1608,4,1063.1,246.26
1609,4,1064.8,248.61
1610,4,1066.5,250.86
1611,4,1068.2,253.01
1612,4,1070,255.06
1613,4,1071.7,257
1614,4,1073.4,258.82
1615,4,1075.1,260.54
1616,4,1076.9,262.14
1617,4,1078.6,263.62
1618,4,1080.4,264.97
1619,4,1082.1,266.21
1620,4,1083.8,267.32
1621,4,1085.6,268.31
1622,4,1087.3,269.17
1623,4,1089.1,269.9
1624,4,1090.8,270.5
1625,4,1092.5,270.98
1626,4,1094.2,271.33
1627,4,1096,271.54
1628,4,1097.7,271.63
1629,4,1099.4,271.59
1630,4,1101.1,271.42
1631,4,1102.7,271.13
1632,4,1104.4,270.71
1633,4,1106.1,270.17
1634,4,1107.7,269.5
1635,4,1109.3,268.72
1636,4,1110.9,267.81
1637,4,1112.5,266.79
1638,4,1114.1,265.65
1639,4,1115.7,264.4
1640,4,1117.2,263.04
1641,4,1118.7,261.58
1642,4,1120.2,260.01
1643,4,1121.7,258.34
1644,4,1123.1,256.58
1645,4,1124.6,254.72
1646,4,1126,252.77
1647,4,1127.3,250.73
1648,4,1128.7,248.61
1649,4,1130,246.41
1650,4,1131.3,244.14
1651,4,1132.5,241.79
1652,4,1133.8,239.38
1653,4,1135,236.9
1654,4,1136.2,234.37
1655,4,1137.3,231.78
1656,4,1138.4,229.13
1657,4,1139.5,226.45
1658,4,1140.6,223.72
1659,4,1141.6,220.95
1660,4,1142.6,218.15
1661,4,1143.6,215.33
1662,4,1144.5,212.48
1663,4,1145.4,209.61
1664,4,1146.3,206.73
1665,4,1147.1,203.84
1666,4,1147.9,200.95
1667,4,1148.7,198.05
1668,4,1149.5,195.16
1669,4,1150.2,192.29
1670,4,1150.9,189.42
1671,4,1151.5,186.58
1672,4,1152.2,183.76
1673,4,1152.8,180.98
1674,4,1153.3,178.22
1675,4,1153.9,175.5
1676,4,1154.4,172.83
1677,4,1154.9,170.21
1678,4,1155.4,167.63
1679,4,1155.8,165.12
1680,4,1156.2,162.66
1681,4,1156.6,160.28
1682,4,1157,157.96
1683,4,1157.3,155.71
1684,4,1157.6,153.54
1685,4,1157.9,151.45
1686,4,1158.2,149.45
1687,4,1158.5,147.54
1688,4,1158.7,145.72
1689,4,1158.9,143.99
1690,4,1159.1,142.37
1691,4,1159.3,140.84
1692,4,1159.5,139.42
1693,4,1159.6,138.11
1694,4,1159.7,136.91
1695,4,1159.8,135.83
1696,4,1159.9,134.86
1697,4,1160,134.01
1698,4,1160.1,133.29
1699,4,1160.1,132.69
1700,4,1160.2,132.21
1701,4,1160.2,131.86
1702,4,1160.2,131.65
1703,4,1160.2,131.57
1704,4,1160.3,131.62
1705,4,1160.2,131.81
1706,4,1160.2,132.14
1707,4,1160.2,132.61
1708,4,1160.2,133.22
1709,4,1160.1,133.97
1710,4,1160.1,134.87
1711,4,1160.1,135.91
1712,4,1160,137.09
1713,4,1160,138.43
1714,4,1159.9,139.91
1715,4,1159.9,141.54
1716,4,1159.8,143.31
1717,4,1159.8,145.24
1718,4,1159.7,147.32
1719,4,1159.7,149.54
1720,4,1159.6,151.91
1721,4,1159.6,154.43
1722,4,1159.5,157.1
1723,4,1159.5,159.92
1724,4,1159.5,162.88
1725,4,1159.4,165.99
1726,4,1159.4,169.25
1727,4,1159.4,172.65
1728,4,1159.4,176.18
1729,4,1159.4,179.86
1730,4,1159.5,183.68
1731,4,1159.5,187.63
1732,4,1159.5,191.72
1733,4,1159.6,195.94
1734,4,1159.6,200.28
1735,4,1159.7,204.75
1736,4,1159.8,209.34
1737,4,1159.9,214.04
1738,4,1160.1,218.86
1739,4,1160.2,223.79
1740,4,1160.4,228.82
1741,4,1160.6,233.96
1742,4,1160.8,239.18
1743,4,1161,244.5
1744,4,1161.2,249.89
1745,4,1161.5,255.37
1746,4,1161.8,260.91
1747,4,1162.1,266.52
1748,4,1162.5,272.19
1749,4,1162.8,277.91
1750,4,1163.2,283.67
1751,4,1163.6,289.47
1752,4,1164.1,295.29
1753,4,1164.5,301.14
1754,4,1165,307
1755,4,1165.6,312.87
1756,4,1166.1,318.73
1757,4,1166.7,324.59
1758,4,1167.3,330.43
1759,4,1168,336.24
1760,4,1168.6,342.02
1761,4,1169.3,347.76
1762,4,1170.1,353.46
1763,4,1170.8,359.1
1764,4,1171.6,364.67
1765,4,1172.5,370.18
1766,4,1173.3,375.62
1767,4,1174.2,380.97
1768,4,1175.1,386.23
1769,4,1176.1,391.39
1770,4,1177.1,396.46
1771,4,1178.1,401.41
1772,4,1179.1,406.25
1773,4,1180.2,410.96
1774,4,1181.3,415.55
1775,4,1182.5,420.01
1776,4,1183.6,424.33
1777,4,1184.8,428.51
1778,4,1186.1,432.53
1779,4,1187.3,436.41
1780,4,1188.6,440.12
1781,4,1189.9,443.68
1782,4,1191.3,447.06
1783,4,1192.7,450.28
1784,4,1194.1,453.32
1785,4,1195.5,456.18
1786,4,1196.9,458.86
1787,4,1198.4,461.36
1788,4,1199.9,463.66
1789,4,1201.5,465.78
1790,4,1203,467.7
1791,4,1204.6,469.43
1792,4,1206.2,470.96
1793,4,1207.8,472.29
1794,4,1209.5,473.42
1795,4,1211.1,474.35
1796,4,1212.8,475.07
1797,4,1214.5,475.59
1798,4,1216.3,475.91
1799,4,1218,476.01
1800,4,1219.8,475.92
1801,4,1221.6,475.61
1802,4,1223.4,475.11
1803,4,1225.2,474.39
1804,4,1227,473.48
1805,4,1228.9,472.36
1806,4,1230.8,471.04
1807,4,1232.6,469.52
1808,4,1234.5,467.8
1809,4,1236.4,465.88
1810,4,1238.3,463.78
1811,4,1240.2,461.48
1812,4,1242.2,458.99
1813,4,1244.1,456.31
1814,4,1246,453.46
1815,4,1247.9,450.43
1816,4,1249.9,447.22
1817,4,1251.8,443.84
1818,4,1253.7,440.3
1819,4,1255.7,436.6
1820,4,1257.6,432.74
1821,4,1259.5,428.73
1822,4,1261.4,424.58
1823,4,1263.3,420.29
1824,4,1265.2,415.87
1825,4,1267,411.32
1826,4,1268.9,406.65
1827,4,1270.7,401.87
1828,4,1272.6,396.98
1829,4,1274.4,391.99
1830,4,1276.1,386.91
1831,4,1277.9,381.74
1832,4,1279.6,376.5
1833,4,1281.3,371.17
1834,4,1283,365.79
1835,4,1284.7,360.34
1836,4,1286.3,354.85
1837,4,1287.9,349.31
1838,4,1289.5,343.73
1839,4,1291.1,338.12
1840,4,1292.6,332.48
1841,4,1294.1,326.83
1842,4,1295.5,321.16
1843,4,1297,315.49
1844,4,1298.3,309.82
1845,4,1299.7,304.15
1846,4,1301,298.5
1847,4,1302.3,292.87
1848,4,1303.6,287.25
1849,4,1304.8,281.67
1850,4,1305.9,276.11
1851,4,1307.1,270.6
1852,4,1308.2,265.13
1853,4,1309.3,259.7
1854,4,1310.3,254.32
1855,4,1311.3,248.99
1856,4,1312.3,243.72
1857,4,1313.2,238.51
1858,4,1314.1,233.37
1859,4,1314.9,228.29
1860,4,1315.7,223.28
1861,4,1316.5,218.34
1862,4,1317.3,213.47
1863,4,1318,208.68
1864,4,1318.7,203.97
1865,4,1319.3,199.34
1866,4,1320,194.79
1867,4,1320.5,190.32
1868,4,1321.1,185.93
1869,4,1321.6,181.64
1870,4,1322.1,177.42
1871,4,1322.6,173.3
1872,4,1323,169.26
1873,4,1323.4,165.31
1874,4,1323.8,161.45
1875,4,1324.2,157.68
1876,4,1324.5,154
1877,4,1324.8,150.41
1878,4,1325.1,146.91
1879,4,1325.4,143.5
1880,4,1325.6,140.18
1881,4,1325.8,136.94
1882,4,1326,133.8
1883,4,1326.2,130.74
1884,4,1326.4,127.77
1885,4,1326.5,124.89
1886,4,1326.6,122.1
1887,4,1326.7,119.39
1888,4,1326.8,116.76
1889,4,1326.9,114.22
1890,4,1326.9,111.76
1891,4,1327,109.38
1892,4,1327,107.08
1893,4,1327,104.86
1894,4,1327,102.72
1895,4,1327,100.66
1896,4,1327,98.673
1897,4,1326.9,96.762
1898,4,1326.9,94.924
1899,4,1326.8,93.158
1900,4,1326.8,91.465
1901,4,1326.7,89.841
1902,4,1326.6,88.286
1903,4,1326.6,86.799
1904,4,1326.5,85.378
1905,4,1326.4,84.024
1906,4,1326.3,82.733
1907,4,1326.2,81.506
1908,4,1326.1,80.341
1909,4,1326,79.237
1910,4,1325.9,78.193
1911,4,1325.8,77.208
1912,4,1325.6,76.282
1913,4,1325.5,75.413
1914,4,1325.4,74.6
1915,4,1325.3,73.843
1916,4,1325.2,73.141
1917,4,1325.1,72.493
1918,4,1325,71.898
1919,4,1324.9,71.356
1920,4,1324.8,70.867
1921,4,1324.8,70.429
1922,4,1324.7,70.043
1923,4,1324.6,69.708
1924,4,1324.5,69.423
1925,4,1324.5,69.189
1926,4,1324.4,69.004
1927,4,1324.4,68.87
1928,4,1324.4,68.785
1929,4,1324.3,68.75
1930,4,1324.3,68.765
1931,4,1324.3,68.829
1932,4,1324.4,68.944
1933,4,1324.4,69.108
1934,4,1324.4,69.323
1935,4,1324.5,69.589
1936,4,1324.5,69.905
1937,4,1324.6,70.272
1938,4,1324.7,70.692
1939,4,1324.8,71.163
1940,4,1325,71.687
1941,4,1325.1,72.263
1942,4,1325.3,72.894
1943,4,1325.5,73.578
1944,4,1325.7,74.317
1945,4,1325.9,75.11
1946,4,1326.2,75.959
1947,4,1326.5,76.864
1948,4,1326.8,77.825
1949,4,1327.1,78.843
1950,4,1327.4,79.917
1951,4,1327.8,81.049
1952,4,1328.2,82.238
1953,4,1328.6,83.484
1954,4,1329,84.788
1955,4,1329.5,86.149
1956,4,1330,87.568
1957,4,1330.5,89.043
1958,4,1331.1,90.576
1959,4,1331.7,92.164
1960,4,1332.3,93.809
1961,4,1332.9,95.509
1962,4,1333.6,97.264
1963,4,1334.3,99.073
1964,4,1335,100.93
1965,4,1335.8,102.85
1966,4,1336.6,104.81
1967,4,1337.4,106.83
1968,4,1338.3,108.89
1969,4,1339.2,111
1970,4,1340.1,113.16
1971,4,1341.1,115.35
1972,4,1342.1,117.59
1973,4,1343.1,119.87
1974,4,1344.2,122.19
1975,4,1345.3,124.54
1976,4,1346.4,126.92
1977,4,1347.6,129.34
1978,4,1348.8,131.78
1979,4,1350,134.24
1980,4,1351.3,136.72
1981,4,1352.6,139.23
1982,4,1353.9,141.74
1983,4,1355.3,144.27
1984,4,1356.7,146.8
1985,4,1358.1,149.34
1986,4,1359.6,151.88
1987,4,1361.1,154.42
1988,4,1362.6,156.95
1989,4,1364.2,159.47
1990,4,1365.7,161.97
1991,4,1367.3,164.46
1992,4,1369,166.93
1993,4,1370.6,169.37
1994,4,1372.3,171.78
1995,4,1374,174.16
1996,4,1375.8,176.5
1997,4,1377.5,178.8
1998,4,1379.3,181.06
1999,4,1381.1,183.27
2000,4,1382.9,185.43
2001,4,1384.7,187.53
2002,4,1386.6,189.58
2003,4,1388.4,191.56
2004,4,1390.3,193.48
2005,4,1392.2,195.33
2006,4,1394.1,197.12
2007,4,1396,198.83
2008,4,1397.9,200.46
2009,4,1399.8,202.02
2010,4,1401.8,203.49
2011,4,1403.7,204.89
2012,4,1405.6,206.2
2013,4,1407.6,207.42
2014,4,1409.5,208.55
2015,4,1411.5,209.6
2016,4,1413.4,210.55
2017,4,1415.4,211.41
2018,4,1417.4,212.18
2019,4,1419.3,212.85
2020,4,1421.3,213.43
2021,4,1423.2,213.91
2022,4,1425.2,214.3
2023,4,1427.1,214.59
2024,4,1429,214.78
2025,4,1431,214.88
2026,4,1432.9,214.88
2027,4,1434.8,214.79
2028,4,1436.7,214.6
2029,4,1438.6,214.32
2030,4,1440.5,213.95
2031,4,1442.4,213.48
2032,4,1444.3,212.93
2033,4,1446.1,212.28
2034,4,1448,211.55
2035,4,1449.8,210.73
2036,4,1451.6,209.83
2037,4,1453.4,208.85
2038,4,1455.2,207.78
2039,4,1457,206.65
2040,4,1458.7,205.43
2041,4,1460.4,204.15
2042,4,1462.2,202.8
2043,4,1463.8,201.38
2044,4,1465.5,199.9
2045,4,1467.2,198.36
2046,4,1468.8,196.77
2047,4,1470.4,195.13
2048,4,1472,193.44
2049,4,1473.5,191.7
2050,4,1475,189.92
2051,4,1476.5,188.11
2052,4,1478,186.26
2053,4,1479.5,184.39
2054,4,1480.9,182.49
2055,4,1482.3,180.56
2056,4,1483.6,178.62
2057,4,1485,176.67
2058,4,1486.3,174.7
2059,4,1487.5,172.73
2060,4,1488.8,170.76
2061,4,1490,168.79
2062,4,1491.2,166.82
2063,4,1492.4,164.86
2064,4,1493.5,162.92
2065,4,1494.6,160.99
2066,4,1495.7,159.08
2067,4,1496.7,157.2
2068,4,1497.8,155.34
2069,4,1498.8,153.52
2070,4,1499.7,151.73
2071,4,1500.7,149.98
2072,4,1501.6,148.27
2073,4,1502.5,146.6
2074,4,1503.3,144.98
2075,4,1504.2,143.41
2076,4,1505,141.89
2077,4,1505.8,140.43
2078,4,1506.5,139.03
2079,4,1507.3,137.69
2080,4,1508,136.41
2081,4,1508.7,135.19
2082,4,1509.4,134.05
2083,4,1510,132.97
2084,4,1510.7,131.96
2085,4,1511.3,131.02
2086,4,1511.9,130.16
2087,4,1512.5,129.37
2088,4,1513,128.66
2089,4,1513.6,128.03
2090,4,1514.1,127.47
2091,4,1514.6,127
2092,4,1515.1,126.6
2093,4,1515.6,126.29
2094,4,1516.1,126.06
2095,4,1516.6,125.91
2096,4,1517.1,125.84
2097,4,1517.5,125.85
2098,4,1518,125.95
2099,4,1518.4,126.13
2100,4,1518.9,126.4
2101,4,1519.3,126.74
2102,4,1519.7,127.17
2103,4,1520.1,127.68
2104,4,1520.6,128.28
2105,4,1521,128.95
2106,4,1521.4,129.7
2107,4,1521.8,130.53
2108,4,1522.3,131.44
2109,4,1522.7,132.43
2110,4,1523.1,133.49
2111,4,1523.6,134.62
2112,4,1524,135.83
2113,4,1524.5,137.11
2114,4,1524.9,138.45
2115,4,1525.4,139.87
2116,4,1525.9,141.34
2117,4,1526.3,142.88
2118,4,1526.8,144.48
2119,4,1527.4,146.13
2120,4,1527.9,147.84
2121,4,1528.4,149.6
2122,4,1529,151.4
2123,4,1529.5,153.25
2124,4,1530.1,155.14
2125,4,1530.7,157.07
2126,4,1531.3,159.03
2127,4,1531.9,161.02
2128,4,1532.6,163.04
2129,4,1533.3,165.08
2130,4,1533.9,167.13
2131,4,1534.7,169.2
2132,4,1535.4,171.28
2133,4,1536.1,173.36
2134,4,1536.9,175.43
2135,4,1537.7,177.5
2136,4,1538.5,179.56
2137,4,1539.3,181.61
2138,4,1540.2,183.63
2139,4,1541.1,185.63
2140,4,1542,187.6
2141,4,1542.9,189.54
2142,4,1543.9,191.44
2143,4,1544.9,193.29
2144,4,1545.9,195.1
2145,4,1546.9,196.86
2146,4,1547.9,198.56
2147,4,1549,200.2
2148,4,1550.1,201.78
2149,4,1551.2,203.3
2150,4,1552.4,204.74
2151,4,1553.5,206.11
2152,4,1554.7,207.41
2153,4,1555.9,208.63
2154,4,1557.1,209.77
2155,4,1558.4,210.83
2156,4,1559.6,211.81
2157,4,1560.9,212.69
2158,4,1562.2,213.49
2159,4,1563.5,214.19
2160,4,1564.9,214.81
2161,4,1566.2,215.33
2162,4,1567.6,215.75
2163,4,1568.9,216.08
2164,4,1570.3,216.31
2165,4,1571.7,216.45
2166,4,1573.1,216.48
2167,4,1574.5,216.42
2168,4,1576,216.26
2169,4,1577.4,216
2170,4,1578.8,215.65
2171,4,1580.2,215.19
2172,4,1581.7,214.64
2173,4,1583.1,214
2174,4,1584.5,213.26
2175,4,1586,212.42
2176,4,1587.4,211.49
2177,4,1588.8,210.48
2178,4,1590.3,209.37
2179,4,1591.7,208.18
2180,4,1593.1,206.9
2181,4,1594.5,205.55
2182,4,1595.9,204.11
2183,4,1597.2,202.6
2184,4,1598.6,201.01
2185,4,1600,199.35
2186,4,1601.3,197.62
2187,4,1602.7,195.83
2188,4,1604,193.98
2189,4,1605.3,192.07
2190,4,1606.6,190.11
2191,4,1607.8,188.09
2192,4,1609.1,186.03
2193,4,1610.3,183.92
2194,4,1611.6,181.77
2195,4,1612.8,179.59
2196,4,1614,177.37
2197,4,1615.1,175.13
2198,4,1616.3,172.86
2199,4,1617.4,170.57
2200,4,1618.5,168.26
2201,4,1619.6,165.93
2202,4,1620.7,163.6
2203,4,1621.8,161.26
2204,4,1622.8,158.91
2205,4,1623.8,156.57
2206,4,1624.8,154.22
2207,4,1625.7,151.89
2208,4,1626.7,149.56
2209,4,1627.6,147.25
2210,4,1628.5,144.95
2211,4,1629.4,142.67
2212,4,1630.2,140.4
2213,4,1631.1,138.17
2214,4,1631.9,135.96
2215,4,1632.7,133.77
2216,4,1633.4,131.62
2217,4,1634.2,129.5
2218,4,1634.9,127.41
2219,4,1635.6,125.36
2220,4,1636.2,123.35
2221,4,1636.9,121.37
2222,4,1637.5,119.44
2223,4,1638.1,117.55
2224,4,1638.7,115.71
2225,4,1639.2,113.9
2226,4,1639.8,112.15
2227,4,1640.3,110.44
2228,4,1640.8,108.78
2229,4,1641.3,107.17
2230,4,1641.7,105.61
2231,4,1642.2,104.1
2232,4,1642.6,102.64
2233,4,1643,101.23
2234,4,1643.4,99.871
2235,4,1643.7,98.564
2236,4,1644.1,97.309
2237,4,1644.4,96.106
2238,4,1644.7,94.954
2239,4,1645,93.854
2240,4,1645.3,92.805
2241,4,1645.5,91.807
2242,4,1645.8,90.859
2243,4,1646,89.96
2244,4,1646.2,89.111
2245,4,1646.4,88.31
2246,4,1646.6,87.557
2247,4,1646.7,86.85
2248,4,1646.9,86.19
2249,4,1647.1,85.574
2250,4,1647.2,85.002
2251,4,1647.3,84.473
2252,4,1647.4,83.986
2253,4,1647.5,83.538
2254,4,1647.6,83.13
2255,4,1647.7,82.759
2256,4,1647.8,82.424
2257,4,1647.8,82.124
2258,4,1647.9,81.856
2259,4,1648,81.62
2260,4,1648,81.414
2261,4,1648,81.236
2262,4,1648.1,81.084
2263,4,1648.1,80.956
2264,4,1648.1,80.85
2265,4,1648.1,80.765
2266,4,1648.2,80.698
2267,4,1648.2,80.647
