1,3,331.99,105.97
2,3,331.99,105.97
3,3,331.99,105.96
4,3,331.99,105.96
5,3,331.99,105.96
6,3,331.99,105.96
7,3,331.99,105.96
8,3,331.99,105.95
9,3,331.99,105.95
10,3,332,105.95
11,3,332,105.94
12,3,332,105.94
13,3,332,105.94
14,3,332,105.93
15,3,332,105.93
16,3,332,105.93
17,3,332,105.92
18,3,332.01,105.92
19,3,332.01,105.92
20,3,332.01,105.91
21,3,332.01,105.91
22,3,332.01,105.91
23,3,332.01,105.9
24,3,332.02,105.9
25,3,332.02,105.9
26,3,332.02,105.89
27,3,332.02,105.89
28,3,332.02,105.88
29,3,332.03,105.88
30,3,332.03,105.88
31,3,332.03,105.87
32,3,332.04,105.87
33,3,332.04,105.86
34,3,332.04,105.86
35,3,332.04,105.85
36,3,332.05,105.85
37,3,332.05,105.85
38,3,332.05,105.84
39,3,332.06,105.84
40,3,332.06,105.83
41,3,332.06,105.83
42,3,332.07,105.82
43,3,332.07,105.82
44,3,332.08,105.82
45,3,332.08,105.81
46,3,332.08,105.81
47,3,332.09,105.8
48,3,332.09,105.8
49,3,332.1,105.8
50,3,332.1,105.79
51,3,332.11,105.79
52,3,332.11,105.79
53,3,332.12,105.78
54,3,332.12,105.78
55,3,332.13,105.78
56,3,332.13,105.77
57,3,332.14,105.77
58,3,332.14,105.77
59,3,332.15,105.77
60,3,332.15,105.76
61,3,332.16,105.76
62,3,332.17,105.76
63,3,332.17,105.76
64,3,332.18,105.76
65,3,332.18,105.76
66,3,332.19,105.76
67,3,332.2,105.76
68,3,332.2,105.76
69,3,332.21,105.76
70,3,332.21,105.76
71,3,332.22,105.77
72,3,332.23,105.77
73,3,332.23,105.77
74,3,332.24,105.78
75,3,332.24,105.78
76,3,332.25,105.78
77,3,332.26,105.79
78,3,332.26,105.8
79,3,332.27,105.8
80,3,332.27,105.81
81,3,332.28,105.82
82,3,332.28,105.83
83,3,332.29,105.84
84,3,332.29,105.85
85,3,332.3,105.86
86,3,332.3,105.87
87,3,332.31,105.89
88,3,332.31,105.9
89,3,332.32,105.92
90,3,332.32,105.93
91,3,332.32,105.95
92,3,332.33,105.97
93,3,332.33,105.99
94,3,332.33,106.01
95,3,332.33,106.03
96,3,332.34,106.05
97,3,332.34,106.08
98,3,332.34,106.1
99,3,332.34,106.13
100,3,332.34,106.16
101,3,332.34,106.18
102,3,332.34,106.22
103,3,332.33,106.25
104,3,332.33,106.28
105,3,332.33,106.32
106,3,332.32,106.35
107,3,332.32,106.39
108,3,332.31,106.43
109,3,332.31,106.47
110,3,332.3,106.51
111,3,332.29,106.56
112,3,332.28,106.6
113,3,332.27,106.65
114,3,332.26,106.7
115,3,332.25,106.75
116,3,332.24,106.8
117,3,332.22,106.86
118,3,332.21,106.92
119,3,332.19,106.97
120,3,332.17,107.03
121,3,332.16,107.1
122,3,332.14,107.16
123,3,332.11,107.22
124,3,332.09,107.29
125,3,332.07,107.36
126,3,332.04,107.43
127,3,332.01,107.5
128,3,331.98,107.58
129,3,331.95,107.65
130,3,331.92,107.73
131,3,331.88,107.81
132,3,331.85,107.89
133,3,331.81,107.97
134,3,331.77,108.06
135,3,331.73,108.14
136,3,331.69,108.23
137,3,331.64,108.32
138,3,331.59,108.41
139,3,331.54,108.5
140,3,331.49,108.59
141,3,331.44,108.69
142,3,331.38,108.78
143,3,331.32,108.88
144,3,331.26,108.98
145,3,331.2,109.07
146,3,331.13,109.17
147,3,331.06,109.28
148,3,330.99,109.38
149,3,330.92,109.48
150,3,330.85,109.58
151,3,330.77,109.69
152,3,330.69,109.79
153,3,330.61,109.9
154,3,330.52,110.01
155,3,330.43,110.12
156,3,330.34,110.22
157,3,330.25,110.33
158,3,330.16,110.44
159,3,330.06,110.55
160,3,329.96,110.66
161,3,329.86,110.78
162,3,329.75,110.89
163,3,329.64,111
164,3,329.54,111.11
165,3,329.42,111.22
166,3,329.31,111.34
167,3,329.19,111.45
168,3,329.07,111.56
169,3,328.95,111.68
170,3,328.83,111.79
171,3,328.7,111.91
172,3,328.57,112.02
173,3,328.45,112.14
174,3,328.31,112.25
175,3,328.18,112.37
176,3,328.04,112.48
177,3,327.91,112.6
178,3,327.77,112.71
179,3,327.63,112.83
180,3,327.49,112.95
181,3,327.34,113.06
182,3,327.2,113.18
183,3,327.05,113.29
184,3,326.9,113.41
185,3,326.75,113.52
186,3,326.6,113.64
187,3,326.45,113.75
188,3,326.3,113.87
189,3,326.15,113.98
190,3,326,114.1
191,3,325.84,114.21
192,3,325.69,114.32
193,3,325.54,114.44
194,3,325.38,114.55
195,3,325.23,114.66
196,3,325.07,114.77
197,3,324.92,114.88
198,3,324.77,114.99
199,3,324.62,115.1
200,3,324.46,115.21
201,3,324.31,115.32
202,3,324.16,115.43
203,3,324.02,115.53
204,3,323.87,115.64
205,3,323.72,115.75
206,3,323.58,115.85
207,3,323.43,115.95
208,3,323.29,116.05
209,3,323.15,116.16
210,3,323.01,116.26
211,3,322.87,116.35
212,3,322.74,116.45
213,3,322.6,116.55
214,3,322.47,116.64
215,3,322.34,116.74
216,3,322.22,116.83
217,3,322.09,116.92
218,3,321.97,117.01
219,3,321.85,117.1
220,3,321.73,117.19
221,3,321.61,117.27
222,3,321.5,117.35
223,3,321.39,117.44
224,3,321.28,117.52
225,3,321.17,117.6
226,3,321.07,117.67
227,3,320.97,117.75
228,3,320.87,117.82
229,3,320.78,117.9
230,3,320.68,117.97
231,3,320.59,118.03
232,3,320.5,118.1
233,3,320.42,118.17
234,3,320.34,118.23
235,3,320.25,118.29
236,3,320.18,118.35
237,3,320.1,118.41
238,3,320.03,118.47
239,3,319.96,118.52
240,3,319.89,118.58
241,3,319.83,118.63
242,3,319.76,118.68
243,3,319.7,118.73
244,3,319.64,118.78
245,3,319.59,118.82
246,3,319.53,118.87
247,3,319.48,118.91
248,3,319.43,118.95
249,3,319.38,118.99
250,3,319.34,119.02
251,3,319.3,119.06
252,3,319.25,119.09
253,3,319.21,119.13
254,3,319.18,119.16
255,3,319.14,119.19
256,3,319.11,119.22
257,3,319.08,119.24
258,3,319.05,119.27
259,3,319.02,119.29
260,3,318.99,119.32
261,3,318.96,119.34
262,3,318.94,119.36
263,3,318.92,119.38
264,3,318.9,119.39
265,3,318.88,119.41
266,3,318.86,119.42
267,3,318.84,119.44
268,3,318.83,119.45
269,3,318.81,119.46
270,3,318.8,119.47
271,3,318.79,119.48
272,3,318.78,119.48
273,3,318.77,119.49
274,3,318.76,119.49
275,3,318.75,119.49
276,3,318.74,119.49
277,3,318.73,119.49
278,3,318.73,119.49
279,3,318.72,119.49
280,3,318.72,119.48
281,3,318.72,119.48
282,3,318.71,119.47
283,3,318.71,119.46
284,3,318.71,119.45
285,3,318.71,119.44
286,3,318.71,119.43
287,3,318.71,119.41
288,3,318.71,119.4
289,3,318.71,119.38
290,3,318.71,119.36
291,3,318.71,119.34
292,3,318.71,119.32
293,3,318.71,119.29
294,3,318.72,119.27
295,3,318.72,119.24
296,3,318.72,119.21
297,3,318.72,119.18
298,3,318.73,119.15
299,3,318.73,119.11
300,3,318.73,119.08
301,3,318.73,119.04
302,3,318.74,119
303,3,318.74,118.96
304,3,318.74,118.92
305,3,318.75,118.87
306,3,318.75,118.82
307,3,318.75,118.77
308,3,318.76,118.72
309,3,318.76,118.67
310,3,318.76,118.61
311,3,318.76,118.56
312,3,318.76,118.5
313,3,318.77,118.44
314,3,318.77,118.37
315,3,318.77,118.31
316,3,318.77,118.24
317,3,318.77,118.17
318,3,318.77,118.1
319,3,318.77,118.02
320,3,318.77,117.95
321,3,318.77,117.87
322,3,318.77,117.79
323,3,318.77,117.7
324,3,318.77,117.62
325,3,318.77,117.53
326,3,318.76,117.44
327,3,318.76,117.35
328,3,318.76,117.25
329,3,318.75,117.15
330,3,318.75,117.05
331,3,318.75,116.95
332,3,318.74,116.85
333,3,318.74,116.74
334,3,318.73,116.64
335,3,318.72,116.53
336,3,318.72,116.42
337,3,318.71,116.3
338,3,318.7,116.19
339,3,318.69,116.07
340,3,318.69,115.95
341,3,318.68,115.83
342,3,318.67,115.71
343,3,318.66,115.59
344,3,318.65,115.46
345,3,318.63,115.34
346,3,318.62,115.21
347,3,318.61,115.09
348,3,318.6,114.96
349,3,318.58,114.83
350,3,318.57,114.7
351,3,318.56,114.57
352,3,318.54,114.44
353,3,318.53,114.31
354,3,318.51,114.18
355,3,318.49,114.05
356,3,318.48,113.92
357,3,318.46,113.8
358,3,318.44,113.67
359,3,318.43,113.55
360,3,318.41,113.42
361,3,318.39,113.3
362,3,318.37,113.18
363,3,318.35,113.07
364,3,318.33,112.96
365,3,318.31,112.85
366,3,318.3,112.74
367,3,318.28,112.64
368,3,318.26,112.54
369,3,318.24,112.45
370,3,318.22,112.36
371,3,318.19,112.28
372,3,318.17,112.2
373,3,318.15,112.13
374,3,318.13,112.07
375,3,318.11,112.02
376,3,318.09,111.97
377,3,318.07,111.93
378,3,318.05,111.9
379,3,318.03,111.88
380,3,318.02,111.87
381,3,318,111.88
382,3,317.98,111.89
383,3,317.96,111.91
384,3,317.94,111.95
385,3,317.93,112
386,3,317.91,112.07
387,3,317.9,112.15
388,3,317.88,112.24
389,3,317.87,112.36
390,3,317.86,112.48
391,3,317.85,112.63
392,3,317.84,112.8
393,3,317.83,112.98
394,3,317.82,113.19
395,3,317.81,113.41
396,3,317.81,113.66
397,3,317.81,113.93
398,3,317.8,114.22
399,3,317.81,114.54
400,3,317.81,114.88
401,3,317.81,115.25
402,3,317.82,115.65
403,3,317.83,116.07
404,3,317.84,116.53
405,3,317.85,117.01
406,3,317.87,117.53
407,3,317.89,118.08
408,3,317.91,118.66
409,3,317.94,119.27
410,3,317.97,119.92
411,3,318,120.61
412,3,318.03,121.33
413,3,318.07,122.09
414,3,318.11,122.89
415,3,318.16,123.73
416,3,318.21,124.61
417,3,318.26,125.53
418,3,318.32,126.5
419,3,318.39,127.5
420,3,318.45,128.56
421,3,318.53,129.66
422,3,318.6,130.8
423,3,318.69,132
424,3,318.77,133.24
425,3,318.87,134.53
426,3,318.96,135.87
427,3,319.07,137.26
428,3,319.18,138.71
429,3,319.3,140.2
430,3,319.42,141.75
431,3,319.55,143.35
432,3,319.68,145
433,3,319.82,146.71
434,3,319.97,148.48
435,3,320.13,150.29
436,3,320.29,152.17
437,3,320.46,154.1
438,3,320.64,156.08
439,3,320.82,158.12
440,3,321.02,160.22
441,3,321.22,162.37
442,3,321.42,164.58
443,3,321.64,166.85
444,3,321.86,169.17
445,3,322.09,171.54
446,3,322.33,173.97
447,3,322.58,176.46
448,3,322.84,179
449,3,323.1,181.6
450,3,323.37,184.24
451,3,323.66,186.94
452,3,323.95,189.69
453,3,324.24,192.5
454,3,324.55,195.35
455,3,324.87,198.26
456,3,325.19,201.21
457,3,325.52,204.21
458,3,325.87,207.26
459,3,326.22,210.36
460,3,326.57,213.5
461,3,326.94,216.68
462,3,327.32,219.91
463,3,327.7,223.18
464,3,328.1,226.49
465,3,328.5,229.84
466,3,328.91,233.23
467,3,329.33,236.66
468,3,329.76,240.12
469,3,330.2,243.62
470,3,330.64,247.14
471,3,331.1,250.7
472,3,331.56,254.29
473,3,332.03,257.91
474,3,332.51,261.56
475,3,333,265.23
476,3,333.5,268.93
477,3,334.01,272.65
478,3,334.52,276.39
479,3,335.04,280.14
480,3,335.57,283.92
481,3,336.11,287.72
482,3,336.65,291.52
483,3,337.2,295.35
484,3,337.76,299.18
485,3,338.33,303.02
486,3,338.9,306.87
487,3,339.48,310.73
488,3,340.07,314.59
489,3,340.67,318.45
490,3,341.27,322.32
491,3,341.87,326.18
492,3,342.49,330.04
493,3,343.11,333.9
494,3,343.73,337.75
495,3,344.36,341.6
496,3,345,345.43
497,3,345.64,349.25
498,3,346.28,353.06
499,3,346.93,356.85
500,3,347.58,360.62
501,3,348.24,364.38
502,3,348.9,368.12
503,3,349.57,371.83
504,3,350.23,375.52
505,3,350.9,379.18
506,3,351.58,382.81
507,3,352.25,386.41
508,3,352.93,389.99
509,3,353.61,393.52
510,3,354.29,397.03
511,3,354.97,400.49
512,3,355.66,403.92
513,3,356.34,407.31
514,3,357.03,410.66
515,3,357.71,413.96
516,3,358.4,417.22
517,3,359.08,420.43
518,3,359.77,423.59
519,3,360.46,426.71
520,3,361.14,429.77
521,3,361.83,432.79
522,3,362.51,435.75
523,3,363.2,438.65
524,3,363.88,441.51
525,3,364.57,444.31
526,3,365.25,447.05
527,3,365.93,449.73
528,3,366.61,452.36
529,3,367.29,454.93
530,3,367.97,457.45
531,3,368.65,459.9
532,3,369.33,462.3
533,3,370,464.64
534,3,370.68,466.91
535,3,371.36,469.13
536,3,372.03,471.3
537,3,372.71,473.4
538,3,373.39,475.44
539,3,374.06,477.43
540,3,374.74,479.36
541,3,375.42,481.23
542,3,376.09,483.04
543,3,376.77,484.8
544,3,377.45,486.49
545,3,378.14,488.14
546,3,378.82,489.72
547,3,379.5,491.25
548,3,380.19,492.73
549,3,380.88,494.15
550,3,381.57,495.52
551,3,382.27,496.83
552,3,382.97,498.09
553,3,383.67,499.3
554,3,384.37,500.45
555,3,385.08,501.56
556,3,385.8,502.61
557,3,386.51,503.61
558,3,387.24,504.57
559,3,387.96,505.47
560,3,388.7,506.33
561,3,389.44,507.13
562,3,390.18,507.89
563,3,390.93,508.6
564,3,391.69,509.27
565,3,392.45,509.89
566,3,393.22,510.46
567,3,394,510.99
568,3,394.78,511.47
569,3,395.57,511.91
570,3,396.37,512.31
571,3,397.18,512.66
572,3,397.99,512.97
573,3,398.81,513.24
574,3,399.65,513.46
575,3,400.48,513.64
576,3,401.33,513.79
577,3,402.19,513.89
578,3,403.05,513.95
579,3,403.93,513.97
580,3,404.81,513.95
581,3,405.71,513.9
582,3,406.61,513.8
583,3,407.52,513.67
584,3,408.44,513.5
585,3,409.37,513.29
586,3,410.31,513.04
587,3,411.26,512.76
588,3,412.22,512.44
589,3,413.19,512.09
590,3,414.17,511.69
591,3,415.16,511.27
592,3,416.16,510.81
593,3,417.17,510.31
594,3,418.18,509.78
595,3,419.21,509.22
596,3,420.25,508.62
597,3,421.29,507.99
598,3,422.34,507.32
599,3,423.41,506.63
600,3,424.48,505.9
601,3,425.56,505.14
602,3,426.65,504.35
603,3,427.74,503.53
604,3,428.84,502.68
605,3,429.95,501.8
606,3,431.07,500.88
607,3,432.19,499.94
608,3,433.32,498.97
609,3,434.46,497.97
610,3,435.6,496.95
611,3,436.75,495.89
612,3,437.9,494.81
613,3,439.06,493.69
614,3,440.22,492.55
615,3,441.38,491.39
616,3,442.55,490.19
617,3,443.72,488.97
618,3,444.9,487.72
619,3,446.08,486.44
620,3,447.26,485.14
621,3,448.44,483.81
622,3,449.63,482.45
623,3,450.82,481.07
624,3,452,479.66
625,3,453.19,478.22
626,3,454.38,476.76
627,3,455.58,475.27
628,3,456.77,473.75
629,3,457.96,472.2
630,3,459.15,470.63
631,3,460.34,469.03
632,3,461.53,467.4
633,3,462.73,465.75
634,3,463.92,464.07
635,3,465.1,462.36
636,3,466.29,460.63
637,3,467.48,458.87
638,3,468.66,457.08
639,3,469.85,455.26
640,3,471.03,453.41
641,3,472.2,451.54
642,3,473.38,449.64
643,3,474.55,447.72
644,3,475.72,445.76
645,3,476.89,443.78
646,3,478.06,441.78
647,3,479.22,439.74
648,3,480.37,437.68
649,3,481.53,435.6
650,3,482.68,433.48
651,3,483.82,431.34
652,3,484.96,429.18
653,3,486.09,426.99
654,3,487.22,424.77
655,3,488.35,422.53
656,3,489.46,420.27
657,3,490.58,417.98
658,3,491.68,415.67
659,3,492.78,413.33
660,3,493.87,410.97
661,3,494.96,408.59
662,3,496.03,406.19
663,3,497.1,403.77
664,3,498.16,401.32
665,3,499.21,398.86
666,3,500.26,396.37
667,3,501.29,393.87
668,3,502.31,391.35
669,3,503.33,388.81
670,3,504.33,386.25
671,3,505.32,383.67
672,3,506.3,381.08
673,3,507.27,378.47
674,3,508.23,375.84
675,3,509.18,373.2
676,3,510.11,370.55
677,3,511.03,367.88
678,3,511.94,365.2
679,3,512.84,362.51
680,3,513.72,359.81
681,3,514.58,357.09
682,3,515.44,354.37
683,3,516.27,351.64
684,3,517.1,348.89
685,3,517.91,346.14
686,3,518.7,343.38
687,3,519.48,340.62
688,3,520.24,337.85
689,3,520.99,335.07
690,3,521.72,332.29
691,3,522.43,329.5
692,3,523.13,326.71
693,3,523.81,323.92
694,3,524.48,321.13
695,3,525.13,318.33
696,3,525.76,315.54
697,3,526.38,312.74
698,3,526.97,309.95
699,3,527.55,307.15
700,3,528.12,304.36
701,3,528.67,301.57
702,3,529.2,298.79
703,3,529.71,296.01
704,3,530.21,293.23
705,3,530.68,290.46
706,3,531.15,287.69
707,3,531.59,284.93
708,3,532.02,282.18
709,3,532.43,279.43
710,3,532.82,276.7
711,3,533.2,273.97
712,3,533.56,271.25
713,3,533.9,268.54
714,3,534.23,265.84
715,3,534.54,263.15
716,3,534.83,260.47
717,3,535.1,257.8
718,3,535.36,255.14
719,3,535.61,252.5
720,3,535.83,249.86
721,3,536.04,247.24
722,3,536.23,244.63
723,3,536.41,242.04
724,3,536.57,239.45
725,3,536.72,236.88
726,3,536.85,234.33
727,3,536.96,231.78
728,3,537.06,229.25
729,3,537.14,226.74
730,3,537.21,224.23
731,3,537.26,221.74
732,3,537.3,219.27
733,3,537.32,216.81
734,3,537.33,214.36
735,3,537.32,211.93
736,3,537.3,209.5
737,3,537.27,207.1
738,3,537.22,204.71
739,3,537.15,202.33
740,3,537.08,199.96
741,3,536.99,197.61
742,3,536.88,195.27
743,3,536.77,192.94
744,3,536.64,190.63
745,3,536.49,188.34
746,3,536.34,186.05
747,3,536.17,183.78
748,3,535.99,181.52
749,3,535.8,179.28
750,3,535.6,177.05
751,3,535.38,174.83
752,3,535.16,172.63
753,3,534.92,170.44
754,3,534.67,168.26
755,3,534.41,166.1
756,3,534.15,163.95
757,3,533.87,161.82
758,3,533.58,159.69
759,3,533.28,157.58
760,3,532.97,155.49
761,3,532.65,153.41
762,3,532.33,151.34
763,3,531.99,149.28
764,3,531.65,147.24
765,3,531.3,145.21
766,3,530.94,143.19
767,3,530.57,141.19
768,3,530.2,139.2
769,3,529.82,137.23
770,3,529.43,135.27
771,3,529.03,133.32
772,3,528.63,131.38
773,3,528.23,129.46
774,3,527.81,127.55
775,3,527.4,125.65
776,3,526.97,123.77
777,3,526.54,121.9
778,3,526.11,120.05
779,3,525.67,118.2
780,3,525.23,116.38
781,3,524.79,114.56
782,3,524.34,112.76
783,3,523.89,110.97
784,3,523.43,109.19
785,3,522.98,107.43
786,3,522.52,105.69
787,3,522.06,103.95
788,3,521.6,102.23
789,3,521.13,100.53
790,3,520.67,98.839
791,3,520.2,97.164
792,3,519.74,95.504
793,3,519.28,93.859
794,3,518.81,92.229
795,3,518.35,90.615
796,3,517.89,89.017
797,3,517.43,87.435
798,3,516.97,85.869
799,3,516.51,84.321
800,3,516.06,82.789
801,3,515.61,81.274
802,3,515.16,79.778
803,3,514.71,78.299
804,3,514.27,76.84
805,3,513.83,75.399
806,3,513.4,73.978
807,3,512.97,72.576
808,3,512.55,71.196
809,3,512.13,69.836
810,3,511.71,68.497
811,3,511.3,67.181
812,3,510.9,65.887
813,3,510.5,64.616
814,3,510.1,63.368
815,3,509.72,62.144
816,3,509.34,60.945
817,3,508.96,59.771
818,3,508.6,58.622
819,3,508.24,57.499
820,3,507.88,56.403
821,3,507.54,55.334
822,3,507.2,54.293
823,3,506.87,53.28
824,3,506.54,52.295
825,3,506.23,51.34
826,3,505.92,50.415
827,3,505.62,49.52
828,3,505.33,48.656
829,3,505.05,47.824
830,3,504.78,47.023
831,3,504.51,46.256
832,3,504.26,45.522
833,3,504.01,44.822
834,3,503.77,44.156
835,3,503.54,43.526
836,3,503.33,42.932
837,3,503.12,42.374
838,3,502.92,41.853
839,3,502.73,41.371
840,3,502.56,40.927
841,3,502.39,40.523
842,3,502.23,40.158
843,3,502.09,39.835
844,3,501.95,39.553
845,3,501.83,39.314
846,3,501.72,39.118
847,3,501.62,38.966
848,3,501.53,38.859
849,3,501.45,38.797
850,3,501.39,38.783
851,3,501.34,38.815
852,3,501.3,38.896
853,3,501.27,39.027
854,3,501.26,39.207
855,3,501.26,39.439
856,3,501.28,39.723
857,3,501.31,40.059
858,3,501.35,40.45
859,3,501.4,40.896
860,3,501.48,41.397
861,3,501.56,41.956
862,3,501.66,42.573
863,3,501.78,43.248
864,3,501.91,43.984
865,3,502.06,44.781
866,3,502.22,45.64
867,3,502.4,46.562
868,3,502.6,47.548
869,3,502.81,48.599
870,3,503.04,49.717
871,3,503.29,50.901
872,3,503.56,52.154
873,3,503.84,53.476
874,3,504.14,54.869
875,3,504.46,56.332
876,3,504.8,57.868
877,3,505.16,59.476
878,3,505.54,61.159
879,3,505.94,62.916
880,3,506.36,64.748
881,3,506.79,66.657
882,3,507.25,68.643
883,3,507.73,70.706
884,3,508.23,72.847
885,3,508.75,75.067
886,3,509.29,77.366
887,3,509.85,79.745
888,3,510.43,82.204
889,3,511.04,84.743
890,3,511.66,87.362
891,3,512.31,90.061
892,3,512.98,92.841
893,3,513.67,95.701
894,3,514.39,98.641
895,3,515.12,101.66
896,3,515.88,104.76
897,3,516.66,107.93
898,3,517.47,111.19
899,3,518.29,114.52
900,3,519.13,117.93
901,3,520,121.41
902,3,520.89,124.96
903,3,521.8,128.58
904,3,522.73,132.28
905,3,523.68,136.04
906,3,524.65,139.87
907,3,525.64,143.76
908,3,526.65,147.71
909,3,527.67,151.72
910,3,528.72,155.79
911,3,529.78,159.91
912,3,530.86,164.09
913,3,531.96,168.31
914,3,533.07,172.58
915,3,534.2,176.89
916,3,535.34,181.25
917,3,536.5,185.64
918,3,537.66,190.07
919,3,538.85,194.52
920,3,540.04,199.01
921,3,541.24,203.52
922,3,542.46,208.06
923,3,543.68,212.61
924,3,544.91,217.18
925,3,546.15,221.77
926,3,547.4,226.36
927,3,548.65,230.97
928,3,549.91,235.57
929,3,551.17,240.18
930,3,552.43,244.78
931,3,553.7,249.38
932,3,554.97,253.97
933,3,556.24,258.55
934,3,557.51,263.11
935,3,558.78,267.66
936,3,560.05,272.18
937,3,561.32,276.68
938,3,562.58,281.16
939,3,563.84,285.6
940,3,565.1,290.01
941,3,566.34,294.38
942,3,567.59,298.72
943,3,568.82,303.01
944,3,570.05,307.26
945,3,571.27,311.46
946,3,572.48,315.61
947,3,573.68,319.71
948,3,574.87,323.75
949,3,576.05,327.74
950,3,577.22,331.67
951,3,578.38,335.54
952,3,579.52,339.35
953,3,580.66,343.09
954,3,581.78,346.77
955,3,582.89,350.37
956,3,583.98,353.91
957,3,585.06,357.38
958,3,586.13,360.77
959,3,587.18,364.09
960,3,588.22,367.34
961,3,589.25,370.51
962,3,590.26,373.61
963,3,591.26,376.63
964,3,592.24,379.57
965,3,593.21,382.43
966,3,594.17,385.22
967,3,595.11,387.92
968,3,596.04,390.55
969,3,596.95,393.1
970,3,597.85,395.57
971,3,598.74,397.95
972,3,599.61,400.26
973,3,600.47,402.49
974,3,601.32,404.64
975,3,602.16,406.71
976,3,602.98,408.7
977,3,603.8,410.62
978,3,604.6,412.45
979,3,605.39,414.2
980,3,606.16,415.88
981,3,606.93,417.48
982,3,607.69,419
983,3,608.44,420.44
984,3,609.17,421.81
985,3,609.9,423.1
986,3,610.62,424.32
987,3,611.33,425.46
988,3,612.03,426.52
989,3,612.72,427.51
990,3,613.41,428.42
991,3,614.08,429.27
992,3,614.75,430.03
993,3,615.42,430.73
994,3,616.07,431.35
995,3,616.72,431.91
996,3,617.37,432.39
997,3,618,432.8
998,3,618.64,433.14
999,3,619.26,433.41
1000,3,619.88,433.61
1001,3,620.5,433.74
1002,3,621.11,433.8
1003,3,621.72,433.8
1004,3,622.32,433.73
1005,3,622.92,433.59
1006,3,623.51,433.39
1007,3,624.1,433.12
1008,3,624.69,432.79
1009,3,625.27,432.39
1010,3,625.85,431.93
1011,3,626.43,431.4
1012,3,627,430.82
1013,3,627.57,430.16
1014,3,628.13,429.45
1015,3,628.69,428.68
1016,3,629.25,427.85
1017,3,629.8,426.95
1018,3,630.35,426
1019,3,630.9,424.99
1020,3,631.44,423.92
1021,3,631.98,422.79
1022,3,632.52,421.61
1023,3,633.05,420.37
1024,3,633.57,419.08
1025,3,634.09,417.73
1026,3,634.61,416.33
1027,3,635.12,414.87
1028,3,635.63,413.37
1029,3,636.13,411.81
1030,3,636.63,410.2
1031,3,637.12,408.54
1032,3,637.6,406.83
1033,3,638.08,405.07
1034,3,638.55,403.27
1035,3,639.01,401.41
1036,3,639.47,399.51
1037,3,639.92,397.57
1038,3,640.36,395.58
1039,3,640.8,393.54
1040,3,641.23,391.46
1041,3,641.65,389.34
1042,3,642.06,387.17
1043,3,642.46,384.96
1044,3,642.85,382.71
1045,3,643.23,380.42
1046,3,643.61,378.08
1047,3,643.97,375.71
1048,3,644.33,373.29
1049,3,644.67,370.83
1050,3,645.01,368.33
1051,3,645.33,365.79
1052,3,645.65,363.21
1053,3,645.95,360.58
1054,3,646.25,357.92
1055,3,646.53,355.22
1056,3,646.8,352.48
1057,3,647.06,349.71
1058,3,647.31,346.89
1059,3,647.55,344.03
1060,3,647.77,341.14
1061,3,647.99,338.21
1062,3,648.19,335.25
1063,3,648.38,332.24
1064,3,648.56,329.2
1065,3,648.73,326.13
1066,3,648.89,323.02
1067,3,649.03,319.88
1068,3,649.16,316.7
1069,3,649.28,313.49
1070,3,649.39,310.25
1071,3,649.48,306.98
1072,3,649.56,303.68
1073,3,649.63,300.36
1074,3,649.69,297
1075,3,649.74,293.62
1076,3,649.77,290.21
1077,3,649.79,286.78
1078,3,649.8,283.32
1079,3,649.8,279.84
1080,3,649.78,276.34
1081,3,649.76,272.83
1082,3,649.72,269.29
1083,3,649.67,265.74
1084,3,649.61,262.17
1085,3,649.54,258.59
1086,3,649.45,255
1087,3,649.36,251.4
1088,3,649.26,247.79
1089,3,649.14,244.17
1090,3,649.01,240.55
1091,3,648.88,236.92
1092,3,648.73,233.29
1093,3,648.58,229.66
1094,3,648.42,226.04
1095,3,648.24,222.41
1096,3,648.06,218.8
1097,3,647.87,215.19
1098,3,647.68,211.59
1099,3,647.47,208.01
1100,3,647.26,204.43
1101,3,647.04,200.88
1102,3,646.81,197.34
1103,3,646.57,193.82
1104,3,646.33,190.32
1105,3,646.08,186.85
1106,3,645.83,183.4
1107,3,645.57,179.98
1108,3,645.31,176.6
1109,3,645.04,173.24
1110,3,644.76,169.92
1111,3,644.49,166.63
1112,3,644.2,163.38
1113,3,643.92,160.18
1114,3,643.63,157.01
1115,3,643.33,153.89
1116,3,643.04,150.82
1117,3,642.74,147.79
1118,3,642.44,144.82
1119,3,642.14,141.89
1120,3,641.83,139.03
1121,3,641.53,136.21
1122,3,641.22,133.46
1123,3,640.91,130.77
1124,3,640.6,128.14
1125,3,640.3,125.58
1126,3,639.99,123.08
1127,3,639.68,120.65
1128,3,639.37,118.29
1129,3,639.07,116.01
1130,3,638.76,113.8
1131,3,638.46,111.66
1132,3,638.16,109.61
1133,3,637.86,107.64
1134,3,637.57,105.75
1135,3,637.27,103.94
1136,3,636.98,102.22
1137,3,636.7,100.59
1138,3,636.41,99.054
1139,3,636.13,97.606
1140,3,635.85,96.252
1141,3,635.58,94.992
1142,3,635.31,93.83
1143,3,635.05,92.766
1144,3,634.79,91.802
1145,3,634.54,90.94
1146,3,634.29,90.181
1147,3,634.04,89.526
1148,3,633.8,88.978
1149,3,633.57,88.537
1150,3,633.34,88.204
1151,3,633.12,87.982
1152,3,632.9,87.871
1153,3,632.69,87.873
1154,3,632.48,87.989
1155,3,632.28,88.219
1156,3,632.09,88.566
1157,3,631.91,89.03
1158,3,631.73,89.612
1159,3,631.56,90.313
1160,3,631.39,91.135
1161,3,631.24,92.078
1162,3,631.09,93.143
1163,3,630.94,94.33
1164,3,630.81,95.642
1165,3,630.68,97.077
1166,3,630.57,98.637
1167,3,630.46,100.32
1168,3,630.36,102.13
1169,3,630.27,104.07
1170,3,630.18,106.14
1171,3,630.11,108.33
1172,3,630.05,110.65
1173,3,629.99,113.09
1174,3,629.95,115.67
1175,3,629.92,118.37
1176,3,629.9,121.19
1177,3,629.88,124.15
1178,3,629.88,127.22
1179,3,629.89,130.43
1180,3,629.92,133.76
1181,3,629.95,137.21
1182,3,630,140.79
1183,3,630.06,144.49
1184,3,630.13,148.31
1185,3,630.22,152.24
1186,3,630.31,156.3
1187,3,630.43,160.47
1188,3,630.56,164.75
1189,3,630.7,169.14
1190,3,630.85,173.64
1191,3,631.03,178.25
1192,3,631.21,182.96
1193,3,631.42,187.77
1194,3,631.64,192.68
1195,3,631.87,197.67
1196,3,632.13,202.76
1197,3,632.39,207.93
1198,3,632.68,213.18
1199,3,632.99,218.51
1200,3,633.31,223.91
1201,3,633.65,229.38
1202,3,634.01,234.9
1203,3,634.39,240.49
1204,3,634.79,246.12
1205,3,635.2,251.81
1206,3,635.64,257.53
1207,3,636.1,263.29
1208,3,636.58,269.07
1209,3,637.07,274.88
1210,3,637.59,280.71
1211,3,638.13,286.56
1212,3,638.69,292.4
1213,3,639.27,298.25
1214,3,639.88,304.1
1215,3,640.5,309.93
1216,3,641.15,315.75
1217,3,641.82,321.55
1218,3,642.51,327.32
1219,3,643.23,333.05
1220,3,643.96,338.75
1221,3,644.72,344.4
1222,3,645.51,350.01
1223,3,646.31,355.56
1224,3,647.13,361.05
1225,3,647.98,366.48
1226,3,648.85,371.84
1227,3,649.75,377.13
1228,3,650.66,382.35
1229,3,651.6,387.48
1230,3,652.56,392.53
1231,3,653.54,397.5
1232,3,654.55,402.37
1233,3,655.57,407.15
1234,3,656.62,411.83
1235,3,657.69,416.42
1236,3,658.78,420.9
1237,3,659.89,425.28
1238,3,661.03,429.55
1239,3,662.18,433.71
1240,3,663.36,437.76
1241,3,664.55,441.7
1242,3,665.77,445.53
1243,3,667.01,449.23
1244,3,668.26,452.82
1245,3,669.54,456.3
1246,3,670.83,459.65
1247,3,672.15,462.88
1248,3,673.48,465.98
1249,3,674.83,468.97
1250,3,676.2,471.83
1251,3,677.58,474.56
1252,3,678.98,477.17
1253,3,680.4,479.65
1254,3,681.83,482
1255,3,683.28,484.23
1256,3,684.74,486.33
1257,3,686.22,488.3
1258,3,687.71,490.15
1259,3,689.21,491.86
1260,3,690.72,493.45
1261,3,692.24,494.91
1262,3,693.78,496.24
1263,3,695.32,497.44
1264,3,696.87,498.51
1265,3,698.44,499.46
1266,3,700.01,500.27
1267,3,701.58,500.96
1268,3,703.17,501.53
1269,3,704.75,501.96
1270,3,706.35,502.27
1271,3,707.95,502.45
1272,3,709.55,502.51
1273,3,711.16,502.44
1274,3,712.77,502.25
1275,3,714.38,501.93
1276,3,716,501.49
1277,3,717.61,500.92
1278,3,719.23,500.23
1279,3,720.85,499.42
1280,3,722.47,498.49
1281,3,724.09,497.44
1282,3,725.71,496.27
1283,3,727.32,494.99
1284,3,728.94,493.58
1285,3,730.55,492.06
1286,3,732.16,490.42
1287,3,733.77,488.67
1288,3,735.37,486.8
1289,3,736.97,484.83
1290,3,738.57,482.74
1291,3,740.16,480.55
1292,3,741.75,478.24
1293,3,743.33,475.83
1294,3,744.9,473.32
1295,3,746.47,470.71
1296,3,748.02,467.99
1297,3,749.57,465.18
1298,3,751.11,462.27
1299,3,752.64,459.27
1300,3,754.16,456.17
1301,3,755.67,452.99
1302,3,757.16,449.72
1303,3,758.64,446.36
1304,3,760.11,442.93
1305,3,761.56,439.41
1306,3,763,435.82
1307,3,764.42,432.16
1308,3,765.83,428.42
1309,3,767.22,424.62
1310,3,768.58,420.75
1311,3,769.94,416.82
1312,3,771.27,412.83
1313,3,772.58,408.79
1314,3,773.87,404.69
1315,3,775.14,400.54
1316,3,776.39,396.34
1317,3,777.62,392.11
1318,3,778.82,387.83
1319,3,780.01,383.51
1320,3,781.17,379.16
1321,3,782.31,374.77
1322,3,783.42,370.36
1323,3,784.51,365.92
1324,3,785.58,361.46
1325,3,786.62,356.99
1326,3,787.64,352.49
1327,3,788.64,347.98
1328,3,789.61,343.46
1329,3,790.56,338.94
1330,3,791.48,334.41
1331,3,792.38,329.88
1332,3,793.25,325.35
1333,3,794.1,320.82
1334,3,794.92,316.31
1335,3,795.72,311.8
1336,3,796.49,307.3
1337,3,797.23,302.83
1338,3,797.96,298.36
1339,3,798.65,293.92
1340,3,799.33,289.51
1341,3,799.97,285.11
1342,3,800.59,280.75
1343,3,801.19,276.41
1344,3,801.76,272.1
1345,3,802.31,267.83
1346,3,802.83,263.59
1347,3,803.33,259.39
1348,3,803.81,255.23
1349,3,804.26,251.1
1350,3,804.69,247.02
1351,3,805.09,242.98
1352,3,805.48,238.98
1353,3,805.83,235.03
1354,3,806.17,231.12
1355,3,806.49,227.26
1356,3,806.78,223.44
1357,3,807.05,219.68
1358,3,807.31,215.96
1359,3,807.54,212.3
1360,3,807.75,208.68
1361,3,807.94,205.12
1362,3,808.11,201.61
1363,3,808.27,198.15
1364,3,808.4,194.74
1365,3,808.52,191.38
1366,3,808.63,188.08
1367,3,808.71,184.83
1368,3,808.78,181.63
1369,3,808.83,178.49
1370,3,808.87,175.4
1371,3,808.9,172.36
1372,3,808.91,169.38
1373,3,808.9,166.45
1374,3,808.89,163.57
1375,3,808.86,160.74
1376,3,808.82,157.97
1377,3,808.77,155.24
1378,3,808.71,152.57
1379,3,808.63,149.95
1380,3,808.55,147.38
1381,3,808.46,144.87
1382,3,808.36,142.4
1383,3,808.25,139.98
1384,3,808.13,137.62
1385,3,808.01,135.3
1386,3,807.87,133.03
1387,3,807.74,130.81
1388,3,807.59,128.64
1389,3,807.44,126.52
1390,3,807.28,124.45
1391,3,807.12,122.42
1392,3,806.96,120.45
1393,3,806.79,118.52
1394,3,806.61,116.63
1395,3,806.44,114.8
1396,3,806.26,113.01
1397,3,806.07,111.27
1398,3,805.89,109.57
1399,3,805.7,107.93
1400,3,805.51,106.33
1401,3,805.32,104.77
1402,3,805.12,103.26
1403,3,804.93,101.8
1404,3,804.73,100.39
1405,3,804.53,99.025
1406,3,804.34,97.707
1407,3,804.14,96.437
1408,3,803.94,95.214
1409,3,803.75,94.041
1410,3,803.55,92.916
1411,3,803.36,91.841
1412,3,803.16,90.815
1413,3,802.97,89.841
1414,3,802.78,88.917
1415,3,802.58,88.045
1416,3,802.39,87.226
1417,3,802.21,86.46
1418,3,802.02,85.747
1419,3,801.84,85.09
1420,3,801.66,84.488
1421,3,801.48,83.942
1422,3,801.3,83.454
1423,3,801.13,83.024
1424,3,800.96,82.653
1425,3,800.79,82.341
1426,3,800.62,82.091
1427,3,800.46,81.902
1428,3,800.3,81.777
1429,3,800.14,81.715
1430,3,799.99,81.718
1431,3,799.84,81.787
1432,3,799.7,81.924
1433,3,799.55,82.128
1434,3,799.42,82.401
1435,3,799.28,82.744
1436,3,799.15,83.158
1437,3,799.02,83.645
1438,3,798.9,84.204
1439,3,798.78,84.839
1440,3,798.67,85.548
1441,3,798.56,86.334
1442,3,798.45,87.198
1443,3,798.35,88.14
1444,3,798.26,89.162
1445,3,798.16,90.265
1446,3,798.08,91.45
1447,3,797.99,92.718
1448,3,797.92,94.069
1449,3,797.84,95.506
1450,3,797.78,97.028
1451,3,797.72,98.637
1452,3,797.66,100.33
1453,3,797.61,102.12
1454,3,797.56,103.99
1455,3,797.52,105.96
1456,3,797.49,108.02
1457,3,797.46,110.16
1458,3,797.44,112.4
1459,3,797.42,114.74
1460,3,797.41,117.17
1461,3,797.41,119.69
1462,3,797.41,122.3
1463,3,797.42,125.01
1464,3,797.44,127.82
1465,3,797.46,130.72
1466,3,797.5,133.71
1467,3,797.53,136.8
1468,3,797.58,139.99
1469,3,797.63,143.26
1470,3,797.7,146.64
1471,3,797.77,150.1
1472,3,797.84,153.66
1473,3,797.93,157.31
1474,3,798.02,161.04
1475,3,798.13,164.87
1476,3,798.24,168.78
1477,3,798.36,172.78
1478,3,798.49,176.86
1479,3,798.63,181.03
1480,3,798.78,185.27
1481,3,798.94,189.59
1482,3,799.11,193.98
1483,3,799.29,198.45
1484,3,799.48,202.98
1485,3,799.69,207.58
1486,3,799.9,212.23
1487,3,800.12,216.95
1488,3,800.36,221.71
1489,3,800.6,226.53
1490,3,800.86,231.4
1491,3,801.13,236.3
1492,3,801.41,241.25
1493,3,801.7,246.23
1494,3,802,251.24
1495,3,802.32,256.27
1496,3,802.65,261.33
1497,3,802.99,266.41
1498,3,803.34,271.5
1499,3,803.7,276.61
1500,3,804.08,281.72
1501,3,804.47,286.84
1502,3,804.87,291.95
1503,3,805.28,297.06
1504,3,805.7,302.16
1505,3,806.14,307.26
1506,3,806.59,312.33
1507,3,807.05,317.38
1508,3,807.52,322.41
1509,3,808,327.42
1510,3,808.49,332.39
1511,3,809,337.32
1512,3,809.52,342.22
1513,3,810.05,347.07
1514,3,810.59,351.88
1515,3,811.14,356.64
1516,3,811.71,361.34
1517,3,812.28,365.98
1518,3,812.87,370.56
1519,3,813.47,375.07
1520,3,814.08,379.52
1521,3,814.7,383.89
1522,3,815.33,388.19
1523,3,815.98,392.41
1524,3,816.63,396.54
1525,3,817.3,400.59
1526,3,817.98,404.55
1527,3,818.68,408.42
1528,3,819.38,412.19
1529,3,820.1,415.87
1530,3,820.84,419.44
1531,3,821.58,422.92
1532,3,822.34,426.29
1533,3,823.12,429.56
1534,3,823.9,432.72
1535,3,824.7,435.77
1536,3,825.52,438.71
1537,3,826.35,441.53
1538,3,827.2,444.24
1539,3,828.06,446.83
1540,3,828.94,449.31
1541,3,829.84,451.67
1542,3,830.75,453.9
1543,3,831.68,456.02
1544,3,832.62,458.01
1545,3,833.59,459.88
1546,3,834.57,461.62
1547,3,835.57,463.24
1548,3,836.59,464.73
1549,3,837.63,466.09
1550,3,838.69,467.32
1551,3,839.77,468.42
1552,3,840.87,469.39
1553,3,841.99,470.23
1554,3,843.13,470.93
1555,3,844.29,471.5
1556,3,845.48,471.94
1557,3,846.68,472.25
1558,3,847.91,472.41
1559,3,849.16,472.45
1560,3,850.44,472.34
1561,3,851.73,472.1
1562,3,853.05,471.72
1563,3,854.39,471.2
1564,3,855.76,470.55
1565,3,857.15,469.75
1566,3,858.56,468.82
1567,3,859.99,467.75
1568,3,861.45,466.53
1569,3,862.93,465.18
1570,3,864.43,463.68
1571,3,865.96,462.05
1572,3,867.5,460.27
1573,3,869.07,458.35
1574,3,870.66,456.29
1575,3,872.28,454.1
1576,3,873.91,451.76
1577,3,875.56,449.28
1578,3,877.23,446.66
1579,3,878.92,443.9
1580,3,880.63,441
1581,3,882.36,437.96
1582,3,884.1,434.79
1583,3,885.86,431.48
1584,3,887.64,428.03
1585,3,889.43,424.45
1586,3,891.23,420.74
1587,3,893.05,416.9
1588,3,894.88,412.93
1589,3,896.72,408.83
1590,3,898.57,404.61
1591,3,900.43,400.27
1592,3,902.3,395.8
1593,3,904.17,391.22
1594,3,906.05,386.52
1595,3,907.93,381.71
1596,3,909.82,376.8
1597,3,911.7,371.78
1598,3,913.59,366.66
1599,3,915.47,361.44
1600,3,917.35,356.13
1601,3,919.23,350.74
1602,3,921.1,345.26
1603,3,922.96,339.7
1604,3,924.81,334.07
1605,3,926.65,328.37
1606,3,928.48,322.61
1607,3,930.3,316.79
1608,3,932.09,310.91
1609,3,933.87,304.99
1610,3,935.63,299.03
1611,3,937.37,293.04
1612,3,939.09,287.01
1613,3,940.78,280.96
1614,3,942.44,274.9
1615,3,944.08,268.83
1616,3,945.69,262.75
1617,3,947.27,256.67
1618,3,948.82,250.6
1619,3,950.33,244.55
1620,3,951.82,238.52
1621,3,953.27,232.51
1622,3,954.68,226.53
1623,3,956.06,220.6
1624,3,957.4,214.71
1625,3,958.71,208.86
1626,3,959.98,203.07
1627,3,961.21,197.35
1628,3,962.41,191.68
1629,3,963.57,186.09
1630,3,964.69,180.58
1631,3,965.78,175.15
1632,3,966.82,169.8
1633,3,967.84,164.54
1634,3,968.81,159.38
1635,3,969.76,154.32
1636,3,970.66,149.36
1637,3,971.54,144.51
1638,3,972.38,139.78
1639,3,973.18,135.16
1640,3,973.96,130.66
1641,3,974.7,126.28
1642,3,975.41,122.04
1643,3,976.09,117.92
1644,3,976.74,113.94
1645,3,977.37,110.1
1646,3,977.96,106.39
1647,3,978.53,102.83
1648,3,979.08,99.414
1649,3,979.59,96.146
1650,3,980.09,93.028
1651,3,980.56,90.062
1652,3,981,87.25
1653,3,981.43,84.594
1654,3,981.83,82.096
1655,3,982.22,79.756
1656,3,982.59,77.576
1657,3,982.93,75.557
1658,3,983.26,73.701
1659,3,983.58,72.008
1660,3,983.87,70.479
1661,3,984.16,69.115
1662,3,984.43,67.916
1663,3,984.68,66.882
1664,3,984.93,66.015
1665,3,985.16,65.313
1666,3,985.38,64.778
1667,3,985.6,64.409
1668,3,985.8,64.206
1669,3,986,64.17
1670,3,986.19,64.298
1671,3,986.37,64.592
1672,3,986.55,65.05
1673,3,986.72,65.672
1674,3,986.89,66.457
1675,3,987.06,67.404
1676,3,987.23,68.512
1677,3,987.39,69.78
1678,3,987.55,71.207
1679,3,987.72,72.792
1680,3,987.88,74.532
1681,3,988.05,76.427
1682,3,988.22,78.474
1683,3,988.39,80.672
1684,3,988.57,83.019
1685,3,988.75,85.512
1686,3,988.93,88.149
1687,3,989.13,90.928
1688,3,989.33,93.846
1689,3,989.53,96.901
1690,3,989.75,100.09
1691,3,989.97,103.41
1692,3,990.2,106.85
1693,3,990.44,110.42
1694,3,990.69,114.11
1695,3,990.95,117.91
1696,3,991.23,121.83
1697,3,991.51,125.85
1698,3,991.81,129.98
1699,3,992.12,134.21
1700,3,992.44,138.54
1701,3,992.78,142.96
1702,3,993.13,147.46
1703,3,993.49,152.05
1704,3,993.87,156.72
1705,3,994.27,161.47
1706,3,994.68,166.28
1707,3,995.1,171.16
1708,3,995.55,176.1
1709,3,996.01,181.1
1710,3,996.48,186.15
1711,3,996.97,191.24
1712,3,997.48,196.38
1713,3,998.01,201.55
1714,3,998.55,206.76
1715,3,999.12,211.99
1716,3,999.7,217.24
1717,3,1000.3,222.51
1718,3,1000.9,227.8
1719,3,1001.6,233.08
1720,3,1002.2,238.37
1721,3,1002.9,243.65
1722,3,1003.6,248.93
1723,3,1004.3,254.19
1724,3,1005,259.42
1725,3,1005.8,264.64
1726,3,1006.6,269.82
1727,3,1007.4,274.97
1728,3,1008.2,280.08
1729,3,1009,285.15
1730,3,1009.9,290.17
1731,3,1010.7,295.13
1732,3,1011.6,300.04
1733,3,1012.6,304.89
1734,3,1013.5,309.67
1735,3,1014.5,314.37
1736,3,1015.4,319.01
1737,3,1016.4,323.57
1738,3,1017.5,328.04
1739,3,1018.5,332.44
1740,3,1019.6,336.74
1741,3,1020.7,340.95
1742,3,1021.8,345.06
1743,3,1022.9,349.08
1744,3,1024,353
1745,3,1025.2,356.81
1746,3,1026.4,360.51
1747,3,1027.6,364.11
1748,3,1028.8,367.59
1749,3,1030,370.96
1750,3,1031.3,374.21
1751,3,1032.5,377.34
1752,3,1033.8,380.36
1753,3,1035.1,383.24
1754,3,1036.5,386.01
1755,3,1037.8,388.65
1756,3,1039.1,391.16
1757,3,1040.5,393.54
1758,3,1041.9,395.79
1759,3,1043.3,397.9
1760,3,1044.7,399.89
1761,3,1046.1,401.74
1762,3,1047.5,403.46
1763,3,1049,405.05
1764,3,1050.4,406.5
1765,3,1051.9,407.81
1766,3,1053.4,408.99
1767,3,1054.9,410.03
1768,3,1056.4,410.93
1769,3,1057.9,411.7
1770,3,1059.4,412.34
1771,3,1060.9,412.83
1772,3,1062.5,413.19
1773,3,1064,413.42
1774,3,1065.6,413.51
1775,3,1067.1,413.46
1776,3,1068.7,413.28
1777,3,1070.3,412.97
1778,3,1071.8,412.53
1779,3,1073.4,411.95
1780,3,1075,411.24
1781,3,1076.6,410.41
1782,3,1078.2,409.44
1783,3,1079.8,408.34
1784,3,1081.4,407.12
1785,3,1082.9,405.77
1786,3,1084.5,404.3
1787,3,1086.1,402.71
1788,3,1087.7,401
1789,3,1089.3,399.16
1790,3,1090.9,397.21
1791,3,1092.4,395.14
1792,3,1094,392.96
1793,3,1095.6,390.67
1794,3,1097.1,388.27
1795,3,1098.7,385.77
1796,3,1100.2,383.15
1797,3,1101.7,380.44
1798,3,1103.3,377.63
1799,3,1104.8,374.72
1800,3,1106.2,371.71
1801,3,1107.7,368.62
1802,3,1109.2,365.43
1803,3,1110.6,362.16
1804,3,1112.1,358.81
1805,3,1113.5,355.38
1806,3,1114.9,351.88
1807,3,1116.3,348.3
1808,3,1117.6,344.65
1809,3,1119,340.94
1810,3,1120.3,337.16
1811,3,1121.6,333.32
1812,3,1122.9,329.43
1813,3,1124.1,325.48
1814,3,1125.4,321.49
1815,3,1126.6,317.45
1816,3,1127.8,313.36
1817,3,1129,309.24
1818,3,1130.1,305.07
1819,3,1131.3,300.88
1820,3,1132.4,296.66
1821,3,1133.5,292.41
1822,3,1134.5,288.14
1823,3,1135.6,283.85
1824,3,1136.6,279.54
1825,3,1137.6,275.22
1826,3,1138.5,270.89
1827,3,1139.5,266.56
1828,3,1140.4,262.23
1829,3,1141.3,257.9
1830,3,1142.1,253.57
1831,3,1143,249.26
1832,3,1143.8,244.95
1833,3,1144.6,240.67
1834,3,1145.4,236.4
1835,3,1146.1,232.16
1836,3,1146.9,227.94
1837,3,1147.6,223.75
1838,3,1148.3,219.6
1839,3,1148.9,215.48
1840,3,1149.6,211.41
1841,3,1150.2,207.37
1842,3,1150.8,203.39
1843,3,1151.3,199.45
1844,3,1151.9,195.56
1845,3,1152.4,191.73
1846,3,1152.9,187.95
1847,3,1153.4,184.24
1848,3,1153.9,180.59
1849,3,1154.3,177
1850,3,1154.8,173.48
1851,3,1155.2,170.03
1852,3,1155.6,166.64
1853,3,1156,163.34
1854,3,1156.3,160.11
1855,3,1156.7,156.95
1856,3,1157,153.88
1857,3,1157.3,150.88
1858,3,1157.6,147.97
1859,3,1157.9,145.15
1860,3,1158.1,142.41
1861,3,1158.4,139.76
1862,3,1158.6,137.2
1863,3,1158.8,134.73
1864,3,1159.1,132.36
1865,3,1159.3,130.08
1866,3,1159.4,127.9
1867,3,1159.6,125.81
1868,3,1159.8,123.83
1869,3,1159.9,121.94
1870,3,1160.1,120.16
1871,3,1160.2,118.48
1872,3,1160.3,116.9
1873,3,1160.5,115.44
1874,3,1160.6,114.08
1875,3,1160.7,112.83
1876,3,1160.8,111.68
1877,3,1160.8,110.65
1878,3,1160.9,109.74
1879,3,1161,108.94
1880,3,1161.1,108.25
1881,3,1161.1,107.68
1882,3,1161.2,107.22
1883,3,1161.2,106.89
1884,3,1161.3,106.67
1885,3,1161.3,106.58
1886,3,1161.4,106.6
1887,3,1161.4,106.75
1888,3,1161.4,107.03
1889,3,1161.5,107.42
1890,3,1161.5,107.95
1891,3,1161.5,108.6
1892,3,1161.6,109.37
1893,3,1161.6,110.28
1894,3,1161.6,111.31
1895,3,1161.6,112.47
1896,3,1161.6,113.76
1897,3,1161.7,115.18
1898,3,1161.7,116.73
1899,3,1161.7,118.41
1900,3,1161.7,120.22
1901,3,1161.8,122.16
1902,3,1161.8,124.23
1903,3,1161.8,126.43
1904,3,1161.8,128.76
1905,3,1161.9,131.22
1906,3,1161.9,133.81
1907,3,1161.9,136.54
1908,3,1162,139.39
1909,3,1162,142.36
1910,3,1162.1,145.47
1911,3,1162.1,148.7
1912,3,1162.2,152.06
1913,3,1162.2,155.54
1914,3,1162.3,159.14
1915,3,1162.3,162.87
1916,3,1162.4,166.71
1917,3,1162.4,170.68
1918,3,1162.5,174.75
1919,3,1162.6,178.94
1920,3,1162.7,183.24
1921,3,1162.7,187.65
1922,3,1162.8,192.17
1923,3,1162.9,196.78
1924,3,1163,201.49
1925,3,1163.1,206.3
1926,3,1163.2,211.2
1927,3,1163.3,216.19
1928,3,1163.4,221.26
1929,3,1163.5,226.4
1930,3,1163.6,231.62
1931,3,1163.7,236.91
1932,3,1163.8,242.27
1933,3,1163.9,247.68
1934,3,1164.1,253.14
1935,3,1164.2,258.65
1936,3,1164.3,264.21
1937,3,1164.5,269.8
1938,3,1164.6,275.41
1939,3,1164.7,281.06
1940,3,1164.9,286.72
1941,3,1165,292.4
1942,3,1165.2,298.09
1943,3,1165.4,303.78
1944,3,1165.5,309.46
1945,3,1165.7,315.14
1946,3,1165.9,320.8
1947,3,1166.1,326.45
1948,3,1166.3,332.07
1949,3,1166.5,337.66
1950,3,1166.7,343.22
1951,3,1166.9,348.74
1952,3,1167.2,354.22
1953,3,1167.4,359.65
1954,3,1167.7,365.03
1955,3,1167.9,370.35
1956,3,1168.2,375.61
1957,3,1168.5,380.81
1958,3,1168.8,385.93
1959,3,1169.1,390.99
1960,3,1169.5,395.96
1961,3,1169.8,400.86
1962,3,1170.2,405.67
1963,3,1170.6,410.39
1964,3,1171,415.02
1965,3,1171.5,419.56
1966,3,1171.9,424
1967,3,1172.4,428.33
1968,3,1172.9,432.56
1969,3,1173.4,436.68
1970,3,1174,440.7
1971,3,1174.6,444.59
1972,3,1175.2,448.37
1973,3,1175.8,452.03
1974,3,1176.5,455.57
1975,3,1177.2,458.98
1976,3,1177.9,462.27
1977,3,1178.6,465.43
1978,3,1179.4,468.45
1979,3,1180.2,471.35
1980,3,1181.1,474.1
1981,3,1182,476.72
1982,3,1182.9,479.2
1983,3,1183.9,481.54
1984,3,1184.9,483.74
1985,3,1185.9,485.79
1986,3,1186.9,487.7
1987,3,1188,489.46
1988,3,1189.2,491.07
1989,3,1190.3,492.54
1990,3,1191.6,493.85
1991,3,1192.8,495.02
1992,3,1194.1,496.03
1993,3,1195.4,496.9
1994,3,1196.8,497.61
1995,3,1198.2,498.17
1996,3,1199.6,498.57
1997,3,1201.1,498.83
1998,3,1202.6,498.93
1999,3,1204.1,498.88
2000,3,1205.7,498.67
2001,3,1207.4,498.32
2002,3,1209,497.81
2003,3,1210.7,497.15
2004,3,1212.4,496.34
2005,3,1214.2,495.38
2006,3,1216,494.28
2007,3,1217.8,493.02
2008,3,1219.7,491.62
2009,3,1221.6,490.07
2010,3,1223.5,488.38
2011,3,1225.5,486.55
2012,3,1227.5,484.57
2013,3,1229.5,482.46
2014,3,1231.5,480.21
2015,3,1233.6,477.82
2016,3,1235.6,475.3
2017,3,1237.7,472.65
2018,3,1239.9,469.88
2019,3,1242,466.97
2020,3,1244.1,463.95
2021,3,1246.3,460.81
2022,3,1248.5,457.55
2023,3,1250.6,454.18
2024,3,1252.8,450.69
2025,3,1255,447.11
2026,3,1257.2,443.41
2027,3,1259.4,439.62
2028,3,1261.5,435.74
2029,3,1263.7,431.76
2030,3,1265.9,427.69
2031,3,1268,423.54
2032,3,1270.2,419.31
2033,3,1272.3,415.01
2034,3,1274.4,410.63
2035,3,1276.5,406.18
2036,3,1278.6,401.67
2037,3,1280.7,397.1
2038,3,1282.7,392.47
2039,3,1284.7,387.79
2040,3,1286.7,383.06
2041,3,1288.7,378.28
2042,3,1290.6,373.47
2043,3,1292.5,368.62
2044,3,1294.4,363.74
2045,3,1296.2,358.84
2046,3,1298,353.91
2047,3,1299.8,348.96
2048,3,1301.5,343.99
2049,3,1303.2,339.01
2050,3,1304.9,334.03
2051,3,1306.5,329.04
2052,3,1308,324.05
2053,3,1309.6,319.07
2054,3,1311,314.09
2055,3,1312.5,309.12
2056,3,1313.9,304.17
2057,3,1315.2,299.23
2058,3,1316.5,294.32
2059,3,1317.8,289.42
2060,3,1319,284.56
2061,3,1320.1,279.72
2062,3,1321.3,274.91
2063,3,1322.3,270.13
2064,3,1323.4,265.39
2065,3,1324.3,260.69
2066,3,1325.3,256.03
2067,3,1326.2,251.41
2068,3,1327,246.84
2069,3,1327.8,242.31
2070,3,1328.6,237.82
2071,3,1329.3,233.39
2072,3,1330,229.01
2073,3,1330.6,224.69
2074,3,1331.2,220.42
2075,3,1331.7,216.2
2076,3,1332.2,212.04
2077,3,1332.7,207.95
2078,3,1333.1,203.91
2079,3,1333.5,199.94
2080,3,1333.8,196.03
2081,3,1334.2,192.18
2082,3,1334.4,188.4
2083,3,1334.7,184.69
2084,3,1334.9,181.05
2085,3,1335.1,177.48
2086,3,1335.2,173.97
2087,3,1335.4,170.54
2088,3,1335.4,167.18
2089,3,1335.5,163.89
2090,3,1335.6,160.68
2091,3,1335.6,157.54
2092,3,1335.5,154.47
2093,3,1335.5,151.48
2094,3,1335.5,148.56
2095,3,1335.4,145.72
2096,3,1335.3,142.96
2097,3,1335.1,140.28
2098,3,1335,137.67
2099,3,1334.8,135.14
2100,3,1334.7,132.7
2101,3,1334.5,130.33
2102,3,1334.3,128.04
2103,3,1334,125.83
2104,3,1333.8,123.71
2105,3,1333.6,121.67
2106,3,1333.3,119.71
2107,3,1333,117.84
2108,3,1332.8,116.05
2109,3,1332.5,114.34
2110,3,1332.2,112.73
2111,3,1331.9,111.2
2112,3,1331.6,109.76
2113,3,1331.3,108.4
2114,3,1330.9,107.14
2115,3,1330.6,105.97
2116,3,1330.3,104.89
2117,3,1330,103.9
2118,3,1329.7,103.01
2119,3,1329.3,102.21
2120,3,1329,101.5
2121,3,1328.7,100.89
2122,3,1328.4,100.38
2123,3,1328,99.97
2124,3,1327.7,99.656
2125,3,1327.4,99.442
2126,3,1327.1,99.328
2127,3,1326.8,99.316
2128,3,1326.5,99.406
2129,3,1326.2,99.599
2130,3,1325.9,99.895
2131,3,1325.7,100.3
2132,3,1325.4,100.8
2133,3,1325.1,101.41
2134,3,1324.9,102.13
2135,3,1324.7,102.95
2136,3,1324.4,103.88
2137,3,1324.2,104.92
2138,3,1324,106.07
2139,3,1323.8,107.32
2140,3,1323.6,108.69
2141,3,1323.5,110.16
2142,3,1323.3,111.74
2143,3,1323.2,113.43
2144,3,1323,115.23
2145,3,1322.9,117.14
2146,3,1322.8,119.16
2147,3,1322.7,121.28
2148,3,1322.6,123.52
2149,3,1322.6,125.86
2150,3,1322.5,128.31
2151,3,1322.5,130.87
2152,3,1322.5,133.54
2153,3,1322.5,136.31
2154,3,1322.5,139.19
2155,3,1322.5,142.17
2156,3,1322.6,145.26
2157,3,1322.6,148.45
2158,3,1322.7,151.73
2159,3,1322.8,155.12
2160,3,1322.9,158.61
2161,3,1323,162.19
2162,3,1323.2,165.87
2163,3,1323.4,169.64
2164,3,1323.5,173.49
2165,3,1323.7,177.44
2166,3,1323.9,181.47
2167,3,1324.2,185.58
2168,3,1324.4,189.77
2169,3,1324.7,194.04
2170,3,1325,198.38
2171,3,1325.3,202.78
2172,3,1325.6,207.26
2173,3,1325.9,211.79
2174,3,1326.3,216.38
2175,3,1326.6,221.02
2176,3,1327,225.71
2177,3,1327.4,230.45
2178,3,1327.8,235.22
2179,3,1328.3,240.03
2180,3,1328.7,244.86
2181,3,1329.2,249.72
2182,3,1329.7,254.61
2183,3,1330.2,259.5
2184,3,1330.7,264.41
2185,3,1331.3,269.32
2186,3,1331.9,274.24
2187,3,1332.4,279.15
2188,3,1333,284.06
2189,3,1333.7,288.95
2190,3,1334.3,293.83
2191,3,1335,298.69
2192,3,1335.7,303.52
2193,3,1336.4,308.33
2194,3,1337.1,313.1
2195,3,1337.9,317.84
2196,3,1338.7,322.54
2197,3,1339.5,327.19
2198,3,1340.3,331.8
2199,3,1341.1,336.36
2200,3,1342,340.86
2201,3,1342.9,345.31
2202,3,1343.8,349.7
2203,3,1344.7,354.02
2204,3,1345.7,358.27
2205,3,1346.7,362.46
2206,3,1347.7,366.57
2207,3,1348.8,370.6
2208,3,1349.8,374.56
2209,3,1350.9,378.43
2210,3,1352,382.22
2211,3,1353.2,385.92
2212,3,1354.4,389.54
2213,3,1355.5,393.06
2214,3,1356.8,396.48
2215,3,1358,399.81
2216,3,1359.3,403.04
2217,3,1360.6,406.17
2218,3,1361.9,409.2
2219,3,1363.2,412.12
2220,3,1364.6,414.93
2221,3,1366,417.63
2222,3,1367.4,420.23
2223,3,1368.9,422.71
2224,3,1370.3,425.07
2225,3,1371.8,427.32
2226,3,1373.3,429.45
2227,3,1374.9,431.46
2228,3,1376.4,433.36
2229,3,1378,435.13
2230,3,1379.6,436.77
2231,3,1381.2,438.29
2232,3,1382.9,439.69
2233,3,1384.5,440.96
2234,3,1386.2,442.1
2235,3,1387.9,443.1
2236,3,1389.6,443.98
2237,3,1391.3,444.73
2238,3,1393,445.34
2239,3,1394.7,445.81
2240,3,1396.5,446.15
2241,3,1398.2,446.35
2242,3,1400,446.42
2243,3,1401.8,446.34
2244,3,1403.6,446.12
2245,3,1405.3,445.77
2246,3,1407.1,445.27
2247,3,1408.9,444.63
2248,3,1410.7,443.85
2249,3,1412.5,442.93
2250,3,1414.3,441.86
2251,3,1416,440.65
2252,3,1417.8,439.3
2253,3,1419.6,437.81
2254,3,1421.4,436.18
2255,3,1423.1,434.4
2256,3,1424.9,432.48
2257,3,1426.6,430.43
2258,3,1428.3,428.23
2259,3,1430.1,425.9
2260,3,1431.8,423.43
2261,3,1433.5,420.82
2262,3,1435.1,418.08
2263,3,1436.8,415.21
2264,3,1438.5,412.21
2265,3,1440.1,409.08
2266,3,1441.7,405.82
2267,3,1443.3,402.44
2268,3,1444.9,398.94
2269,3,1446.5,395.31
2270,3,1448,391.57
2271,3,1449.6,387.72
2272,3,1451.1,383.75
2273,3,1452.6,379.68
2274,3,1454,375.5
2275,3,1455.5,371.21
2276,3,1456.9,366.83
2277,3,1458.3,362.35
2278,3,1459.6,357.77
2279,3,1461,353.11
2280,3,1462.3,348.37
2281,3,1463.6,343.54
2282,3,1464.8,338.63
2283,3,1466.1,333.65
2284,3,1467.3,328.6
2285,3,1468.5,323.49
2286,3,1469.6,318.32
2287,3,1470.8,313.09
2288,3,1471.9,307.81
2289,3,1472.9,302.48
2290,3,1474,297.11
2291,3,1475,291.7
2292,3,1475.9,286.25
2293,3,1476.9,280.78
2294,3,1477.8,275.28
2295,3,1478.7,269.77
2296,3,1479.6,264.24
2297,3,1480.4,258.7
2298,3,1481.2,253.16
2299,3,1482,247.61
2300,3,1482.7,242.07
2301,3,1483.4,236.55
2302,3,1484.1,231.03
2303,3,1484.7,225.54
2304,3,1485.4,220.07
2305,3,1486,214.64
2306,3,1486.5,209.24
2307,3,1487.1,203.88
2308,3,1487.6,198.56
2309,3,1488,193.3
2310,3,1488.5,188.09
2311,3,1488.9,182.94
2312,3,1489.3,177.85
2313,3,1489.7,172.84
2314,3,1490,167.9
2315,3,1490.4,163.04
2316,3,1490.7,158.26
2317,3,1490.9,153.57
2318,3,1491.2,148.98
2319,3,1491.4,144.48
2320,3,1491.6,140.09
2321,3,1491.8,135.8
2322,3,1492,131.63
2323,3,1492.1,127.57
2324,3,1492.3,123.63
2325,3,1492.4,119.82
2326,3,1492.5,116.13
2327,3,1492.5,112.58
2328,3,1492.6,109.16
2329,3,1492.6,105.88
2330,3,1492.6,102.75
2331,3,1492.6,99.762
2332,3,1492.6,96.924
2333,3,1492.6,94.238
2334,3,1492.6,91.707
2335,3,1492.5,89.334
2336,3,1492.5,87.122
2337,3,1492.4,85.072
2338,3,1492.3,83.186
2339,3,1492.2,81.468
2340,3,1492.1,79.918
2341,3,1492,78.538
2342,3,1491.9,77.33
2343,3,1491.8,76.295
2344,3,1491.7,75.434
2345,3,1491.5,74.75
2346,3,1491.4,74.242
2347,3,1491.2,73.912
2348,3,1491.1,73.759
2349,3,1490.9,73.786
2350,3,1490.8,73.992
2351,3,1490.6,74.377
2352,3,1490.5,74.943
2353,3,1490.3,75.687
2354,3,1490.1,76.611
2355,3,1490,77.715
2356,3,1489.8,78.996
2357,3,1489.7,80.456
2358,3,1489.5,82.093
2359,3,1489.3,83.905
2360,3,1489.2,85.892
2361,3,1489,88.053
2362,3,1488.9,90.385
2363,3,1488.7,92.887
2364,3,1488.6,95.557
2365,3,1488.5,98.393
2366,3,1488.4,101.39
2367,3,1488.2,104.55
2368,3,1488.1,107.87
2369,3,1488,111.34
2370,3,1487.9,114.96
2371,3,1487.8,118.73
2372,3,1487.7,122.65
2373,3,1487.7,126.7
2374,3,1487.6,130.89
2375,3,1487.6,135.21
2376,3,1487.5,139.66
2377,3,1487.5,144.23
2378,3,1487.5,148.91
2379,3,1487.5,153.7
2380,3,1487.5,158.59
2381,3,1487.5,163.59
2382,3,1487.6,168.67
2383,3,1487.6,173.83
2384,3,1487.7,179.08
2385,3,1487.8,184.39
2386,3,1487.9,189.78
2387,3,1488,195.22
2388,3,1488.1,200.71
2389,3,1488.3,206.25
2390,3,1488.4,211.83
2391,3,1488.6,217.44
2392,3,1488.8,223.08
2393,3,1489,228.73
2394,3,1489.2,234.4
2395,3,1489.5,240.08
2396,3,1489.7,245.76
2397,3,1490,251.43
2398,3,1490.3,257.09
2399,3,1490.6,262.73
2400,3,1491,268.35
2401,3,1491.3,273.94
2402,3,1491.7,279.49
2403,3,1492.1,285.01
2404,3,1492.5,290.47
2405,3,1492.9,295.88
2406,3,1493.3,301.24
2407,3,1493.8,306.53
2408,3,1494.3,311.76
2409,3,1494.8,316.91
2410,3,1495.3,321.99
2411,3,1495.8,326.98
2412,3,1496.4,331.9
2413,3,1497,336.72
2414,3,1497.6,341.45
2415,3,1498.2,346.08
2416,3,1498.9,350.62
2417,3,1499.5,355.05
2418,3,1500.2,359.37
2419,3,1501,363.59
2420,3,1501.7,367.69
2421,3,1502.5,371.68
2422,3,1503.3,375.55
2423,3,1504.1,379.31
2424,3,1504.9,382.94
2425,3,1505.8,386.44
2426,3,1506.7,389.82
2427,3,1507.7,393.08
2428,3,1508.6,396.2
2429,3,1509.6,399.19
2430,3,1510.6,402.05
2431,3,1511.7,404.78
2432,3,1512.8,407.37
2433,3,1513.9,409.83
2434,3,1515,412.14
2435,3,1516.2,414.32
2436,3,1517.4,416.36
2437,3,1518.6,418.26
2438,3,1519.8,420.02
2439,3,1521.1,421.64
2440,3,1522.4,423.11
2441,3,1523.8,424.45
2442,3,1525.1,425.64
2443,3,1526.5,426.69
2444,3,1528,427.6
2445,3,1529.4,428.37
2446,3,1530.9,429
2447,3,1532.4,429.49
2448,3,1533.9,429.84
2449,3,1535.5,430.04
2450,3,1537.1,430.11
2451,3,1538.7,430.05
2452,3,1540.3,429.84
2453,3,1542,429.5
2454,3,1543.7,429.03
2455,3,1545.4,428.42
2456,3,1547.1,427.68
2457,3,1548.8,426.81
2458,3,1550.6,425.81
2459,3,1552.4,424.68
2460,3,1554.2,423.43
2461,3,1556,422.06
2462,3,1557.8,420.57
2463,3,1559.6,418.96
2464,3,1561.4,417.23
2465,3,1563.3,415.39
2466,3,1565.1,413.44
2467,3,1567,411.38
2468,3,1568.8,409.21
2469,3,1570.7,406.95
2470,3,1572.5,404.58
2471,3,1574.4,402.13
2472,3,1576.2,399.58
2473,3,1578,396.94
2474,3,1579.8,394.22
2475,3,1581.6,391.42
2476,3,1583.4,388.54
2477,3,1585.2,385.59
2478,3,1587,382.57
2479,3,1588.7,379.49
2480,3,1590.5,376.35
2481,3,1592.2,373.15
2482,3,1593.9,369.9
2483,3,1595.5,366.61
2484,3,1597.2,363.27
2485,3,1598.8,359.9
2486,3,1600.4,356.49
2487,3,1601.9,353.06
2488,3,1603.5,349.61
2489,3,1605,346.14
2490,3,1606.4,342.66
2491,3,1607.9,339.17
2492,3,1609.3,335.68
2493,3,1610.7,332.19
2494,3,1612,328.72
2495,3,1613.3,325.25
2496,3,1614.6,321.81
2497,3,1615.8,318.39
2498,3,1617,314.99
2499,3,1618.2,311.63
2500,3,1619.3,308.31
2501,3,1620.4,305.03
2502,3,1621.4,301.79
2503,3,1622.4,298.61
2504,3,1623.4,295.48
2505,3,1624.3,292.4
2506,3,1625.2,289.39
2507,3,1626.1,286.44
2508,3,1626.9,283.56
2509,3,1627.7,280.74
2510,3,1628.5,278.01
2511,3,1629.2,275.35
2512,3,1629.9,272.77
2513,3,1630.5,270.27
2514,3,1631.1,267.85
2515,3,1631.7,265.53
2516,3,1632.2,263.29
2517,3,1632.7,261.14
2518,3,1633.2,259.08
2519,3,1633.7,257.11
2520,3,1634.1,255.24
2521,3,1634.5,253.47
2522,3,1634.8,251.79
2523,3,1635.2,250.21
2524,3,1635.5,248.72
2525,3,1635.8,247.33
2526,3,1636,246.04
2527,3,1636.3,244.84
2528,3,1636.5,243.74
2529,3,1636.7,242.72
2530,3,1636.8,241.8
2531,3,1637,240.96
2532,3,1637.1,240.21
2533,3,1637.3,239.55
2534,3,1637.4,238.96
2535,3,1637.5,238.44
2536,3,1637.5,238
2537,3,1637.6,237.63
2538,3,1637.6,237.32
2539,3,1637.7,237.06
2540,3,1637.7,236.86
2541,3,1637.7,236.71
