1,2,278.55,137.63
2,2,277.6,138.08
3,2,276.64,138.54
4,2,275.67,139
5,2,274.68,139.46
6,2,273.67,139.93
7,2,272.65,140.4
8,2,271.62,140.88
9,2,270.58,141.36
10,2,269.52,141.84
11,2,268.45,142.32
12,2,267.37,142.81
13,2,266.28,143.3
14,2,265.18,143.79
15,2,264.07,144.28
16,2,262.94,144.77
17,2,261.81,145.26
18,2,260.67,145.76
19,2,259.52,146.25
20,2,258.35,146.74
21,2,257.18,147.24
22,2,256,147.73
23,2,254.82,148.23
24,2,253.62,148.72
25,2,252.42,149.21
26,2,251.21,149.7
27,2,249.99,150.19
28,2,248.77,150.68
29,2,247.53,151.16
30,2,246.29,151.65
31,2,245.05,152.13
32,2,243.79,152.61
33,2,242.53,153.09
34,2,241.26,153.56
35,2,239.99,154.03
36,2,238.71,154.5
37,2,237.42,154.97
38,2,236.13,155.44
39,2,234.82,155.9
40,2,233.52,156.36
41,2,232.2,156.81
42,2,230.88,157.26
43,2,229.56,157.71
44,2,228.22,158.16
45,2,226.88,158.6
46,2,225.54,159.04
47,2,224.19,159.47
48,2,222.83,159.9
49,2,221.47,160.33
50,2,220.1,160.75
51,2,218.72,161.17
52,2,217.34,161.58
53,2,215.95,161.99
54,2,214.56,162.4
55,2,213.16,162.8
56,2,211.75,163.19
57,2,210.34,163.59
58,2,208.92,163.98
59,2,207.49,164.36
60,2,206.06,164.74
61,2,204.62,165.11
62,2,203.18,165.48
63,2,201.72,165.85
64,2,200.26,166.21
65,2,198.79,166.57
66,2,197.32,166.92
67,2,195.83,167.27
68,2,194.34,167.62
69,2,192.84,167.96
70,2,191.34,168.3
71,2,189.83,168.63
72,2,188.31,168.96
73,2,186.78,169.29
74,2,185.24,169.61
75,2,183.7,169.93
76,2,182.15,170.24
77,2,180.59,170.56
78,2,179.02,170.87
79,2,177.45,171.17
80,2,175.86,171.47
81,2,174.27,171.77
82,2,172.68,172.07
83,2,171.07,172.36
84,2,169.46,172.65
85,2,167.84,172.94
86,2,166.22,173.23
87,2,164.59,173.51
88,2,162.95,173.79
89,2,161.31,174.07
90,2,159.66,174.35
91,2,158,174.63
92,2,156.34,174.9
93,2,154.67,175.17
94,2,153,175.44
95,2,151.33,175.71
96,2,149.65,175.98
97,2,147.97,176.25
98,2,146.29,176.52
99,2,144.6,176.78
100,2,142.91,177.05
101,2,141.22,177.31
102,2,139.53,177.58
103,2,137.84,177.84
104,2,136.15,178.11
105,2,134.46,178.37
106,2,132.77,178.63
107,2,131.09,178.9
108,2,129.41,179.16
109,2,127.73,179.42
110,2,126.05,179.69
111,2,124.38,179.95
112,2,122.71,180.22
113,2,121.04,180.48
114,2,119.39,180.75
115,2,117.74,181.01
116,2,116.09,181.28
117,2,114.45,181.55
118,2,112.82,181.82
119,2,111.2,182.09
120,2,109.58,182.36
121,2,107.98,182.63
122,2,106.38,182.9
123,2,104.79,183.17
124,2,103.21,183.45
125,2,101.64,183.72
126,2,100.09,184
127,2,98.541,184.28
128,2,97.005,184.56
129,2,95.481,184.84
130,2,93.968,185.12
131,2,92.467,185.4
132,2,90.978,185.68
133,2,89.501,185.96
134,2,88.037,186.25
135,2,86.584,186.53
136,2,85.145,186.82
137,2,83.718,187.1
138,2,82.304,187.39
139,2,80.903,187.68
140,2,79.514,187.96
141,2,78.139,188.25
142,2,76.776,188.54
143,2,75.427,188.83
144,2,74.09,189.12
145,2,72.766,189.41
146,2,71.455,189.7
147,2,70.156,189.99
148,2,68.87,190.29
149,2,67.596,190.58
150,2,66.335,190.87
151,2,65.087,191.16
152,2,63.85,191.46
153,2,62.626,191.75
154,2,61.414,192.05
155,2,60.213,192.34
156,2,59.024,192.64
157,2,57.847,192.93
158,2,56.681,193.23
159,2,55.527,193.52
160,2,54.384,193.82
161,2,53.252,194.12
162,2,52.131,194.41
163,2,51.02,194.71
164,2,49.921,195.01
165,2,48.832,195.3
166,2,47.754,195.6
167,2,46.686,195.9
168,2,45.629,196.2
169,2,44.582,196.5
170,2,43.546,196.79
171,2,42.52,197.09
172,2,41.504,197.39
173,2,40.499,197.69
174,2,39.504,197.99
175,2,38.519,198.29
176,2,37.545,198.58
177,2,36.581,198.88
178,2,35.627,199.18
179,2,34.684,199.47
180,2,33.752,199.77
181,2,32.829,200.07
182,2,31.918,200.36
183,2,31.017,200.66
184,2,30.127,200.95
185,2,29.248,201.24
186,2,28.379,201.54
187,2,27.522,201.83
188,2,26.675,202.12
189,2,25.84,202.41
190,2,25.017,202.69
191,2,24.205,202.98
192,2,23.404,203.27
193,2,22.616,203.55
194,2,21.839,203.83
195,2,21.075,204.11
196,2,20.323,204.39
197,2,19.583,204.66
198,2,18.856,204.94
199,2,18.142,205.21
200,2,17.441,205.48
201,2,16.752,205.74
202,2,16.077,206.01
203,2,15.416,206.27
204,2,14.767,206.52
205,2,14.133,206.78
206,2,13.511,207.03
207,2,12.904,207.28
208,2,12.311,207.52
209,2,11.731,207.77
210,2,11.166,208
211,2,10.614,208.24
212,2,10.077,208.47
213,2,9.5532,208.69
214,2,9.0439,208.92
215,2,8.5485,209.13
216,2,8.0672,209.35
217,2,7.5998,209.56
218,2,7.1464,209.76
219,2,6.7067,209.96
220,2,6.2807,210.16
221,2,5.8683,210.35
222,2,5.4693,210.54
223,2,5.0836,210.72
224,2,4.7111,210.9
225,2,4.3514,211.07
226,2,4.0046,211.24
227,2,3.6702,211.4
228,2,3.3483,211.56
229,2,3.0384,211.72
230,2,2.7405,211.87
231,2,2.4542,212.01
232,2,2.1794,212.15
233,2,1.9157,212.29
234,2,1.663,212.42
235,2,1.421,212.55
236,2,1.1894,212.67
237,2,0.96796,212.79
238,2,0.75644,212.9
239,2,0.55455,213.01
240,2,0.36203,213.12
241,2,0.17861,213.22
242,2,0.0040102,213.32
243,2,-0.16203,213.41
244,2,-0.31978,213.5
245,2,-0.46952,213.58
246,2,-0.61152,213.66
247,2,-0.74604,213.74
248,2,-0.87335,213.81
249,2,-0.99372,213.88
250,2,-1.1074,213.95
251,2,-1.2147,214.01
252,2,-1.3158,214.07
253,2,-1.411,214.13
254,2,-1.5006,214.18
255,2,-1.5847,214.23
256,2,-1.6637,214.27
257,2,-1.7378,214.32
258,2,-1.8072,214.35
259,2,-1.8722,214.39
260,2,-1.9329,214.42
261,2,-1.9897,214.45
262,2,-2.0427,214.48
263,2,-2.0921,214.51
264,2,-2.1383,214.53
265,2,-2.1812,214.55
266,2,-2.2213,214.56
267,2,-2.2586,214.58
268,2,-2.2933,214.59
269,2,-2.3257,214.6
270,2,-2.3559,214.61
271,2,-2.3841,214.61
272,2,-2.4104,214.61
273,2,-2.4351,214.61
274,2,-2.4583,214.61
275,2,-2.4801,214.6
276,2,-2.5006,214.6
277,2,-2.5201,214.59
278,2,-2.5386,214.58
279,2,-2.5563,214.57
280,2,-2.5733,214.55
281,2,-2.5897,214.53
282,2,-2.6056,214.52
283,2,-2.6212,214.49
284,2,-2.6365,214.47
285,2,-2.6515,214.45
286,2,-2.6665,214.42
287,2,-2.6815,214.4
288,2,-2.6965,214.37
289,2,-2.7116,214.33
290,2,-2.7269,214.3
291,2,-2.7424,214.27
292,2,-2.7582,214.23
293,2,-2.7743,214.19
294,2,-2.7907,214.16
295,2,-2.8075,214.11
296,2,-2.8247,214.07
297,2,-2.8423,214.03
298,2,-2.8603,213.98
299,2,-2.8787,213.94
300,2,-2.8975,213.89
301,2,-2.9166,213.84
302,2,-2.9362,213.79
303,2,-2.9561,213.74
304,2,-2.9762,213.68
305,2,-2.9967,213.63
306,2,-3.0173,213.57
307,2,-3.0382,213.52
308,2,-3.0591,213.46
309,2,-3.08,213.4
310,2,-3.1008,213.34
311,2,-3.1215,213.27
312,2,-3.142,213.21
313,2,-3.1622,213.15
314,2,-3.1819,213.08
315,2,-3.201,213.01
316,2,-3.2195,212.95
317,2,-3.2371,212.88
318,2,-3.2538,212.81
319,2,-3.2694,212.74
320,2,-3.2838,212.67
321,2,-3.2967,212.6
322,2,-3.3081,212.53
323,2,-3.3177,212.45
324,2,-3.3254,212.38
325,2,-3.3309,212.31
326,2,-3.3341,212.23
327,2,-3.3348,212.16
328,2,-3.3327,212.08
329,2,-3.3276,212.01
330,2,-3.3194,211.93
331,2,-3.3076,211.86
332,2,-3.2922,211.78
333,2,-3.2728,211.71
334,2,-3.2492,211.63
335,2,-3.2211,211.56
336,2,-3.1882,211.48
337,2,-3.1502,211.41
338,2,-3.107,211.34
339,2,-3.058,211.27
340,2,-3.0031,211.2
341,2,-2.9419,211.13
342,2,-2.8741,211.06
343,2,-2.7994,211
344,2,-2.7174,210.93
345,2,-2.6278,210.87
346,2,-2.5302,210.81
347,2,-2.4243,210.75
348,2,-2.3097,210.7
349,2,-2.186,210.64
350,2,-2.0529,210.59
351,2,-1.9101,210.55
352,2,-1.757,210.5
353,2,-1.5933,210.46
354,2,-1.4187,210.43
355,2,-1.2327,210.4
356,2,-1.0349,210.37
357,2,-0.82494,210.35
358,2,-0.60241,210.33
359,2,-0.36689,210.32
360,2,-0.11798,210.31
361,2,0.14474,210.31
362,2,0.42167,210.31
363,2,0.71323,210.32
364,2,1.0198,210.34
365,2,1.3418,210.37
366,2,1.6797,210.4
367,2,2.0338,210.44
368,2,2.4046,210.49
369,2,2.7924,210.55
370,2,3.1976,210.61
371,2,3.6207,210.69
372,2,4.062,210.77
373,2,4.5219,210.87
374,2,5.0009,210.97
375,2,5.4993,211.09
376,2,6.0176,211.22
377,2,6.5561,211.36
378,2,7.1153,211.51
379,2,7.6955,211.68
380,2,8.2973,211.85
381,2,8.9209,212.04
382,2,9.5669,212.25
383,2,10.236,212.46
384,2,10.928,212.7
385,2,11.643,212.94
386,2,12.383,213.2
387,2,13.147,213.48
388,2,13.936,213.77
389,2,14.75,214.08
390,2,15.59,214.4
391,2,16.457,214.74
392,2,17.35,215.1
393,2,18.27,215.47
394,2,19.218,215.86
395,2,20.194,216.27
396,2,21.199,216.69
397,2,22.232,217.13
398,2,23.295,217.59
399,2,24.387,218.07
400,2,25.51,218.57
401,2,26.663,219.08
402,2,27.847,219.61
403,2,29.062,220.16
404,2,30.309,220.73
405,2,31.589,221.32
406,2,32.9,221.93
407,2,34.244,222.55
408,2,35.622,223.19
409,2,37.032,223.85
410,2,38.476,224.53
411,2,39.954,225.23
412,2,41.466,225.95
413,2,43.011,226.68
414,2,44.592,227.43
415,2,46.206,228.2
416,2,47.855,228.99
417,2,49.539,229.79
418,2,51.257,230.61
419,2,53.01,231.45
420,2,54.797,232.3
421,2,56.618,233.18
422,2,58.474,234.06
423,2,60.364,234.97
424,2,62.287,235.88
425,2,64.244,236.82
426,2,66.235,237.77
427,2,68.258,238.73
428,2,70.313,239.71
429,2,72.401,240.7
430,2,74.52,241.7
431,2,76.669,242.72
432,2,78.85,243.75
433,2,81.059,244.79
434,2,83.298,245.84
435,2,85.565,246.91
436,2,87.86,247.98
437,2,90.181,249.07
438,2,92.528,250.16
439,2,94.9,251.27
440,2,97.297,252.38
441,2,99.716,253.5
442,2,102.16,254.63
443,2,104.62,255.76
444,2,107.1,256.9
445,2,109.6,258.05
446,2,112.12,259.2
447,2,114.65,260.36
448,2,117.2,261.52
449,2,119.77,262.68
450,2,122.35,263.85
451,2,124.94,265.02
452,2,127.54,266.19
453,2,130.14,267.36
454,2,132.76,268.53
455,2,135.39,269.7
456,2,138.02,270.86
457,2,140.65,272.03
458,2,143.29,273.19
459,2,145.93,274.34
460,2,148.57,275.5
461,2,151.21,276.64
462,2,153.85,277.78
463,2,156.48,278.91
464,2,159.12,280.04
465,2,161.74,281.15
466,2,164.36,282.26
467,2,166.97,283.35
468,2,169.57,284.44
469,2,172.17,285.51
470,2,174.75,286.56
471,2,177.31,287.6
472,2,179.87,288.63
473,2,182.41,289.64
474,2,184.93,290.64
475,2,187.44,291.61
476,2,189.93,292.57
477,2,192.4,293.51
478,2,194.85,294.43
479,2,197.28,295.33
480,2,199.69,296.2
481,2,202.08,297.05
482,2,204.45,297.88
483,2,206.79,298.69
484,2,209.11,299.47
485,2,211.41,300.22
486,2,213.68,300.95
487,2,215.93,301.66
488,2,218.15,302.33
489,2,220.35,302.98
490,2,222.52,303.6
491,2,224.67,304.19
492,2,226.79,304.75
493,2,228.89,305.29
494,2,230.96,305.79
495,2,233.01,306.26
496,2,235.04,306.71
497,2,237.04,307.12
498,2,239.01,307.5
499,2,240.97,307.85
500,2,242.9,308.17
501,2,244.81,308.45
502,2,246.7,308.71
503,2,248.56,308.93
504,2,250.41,309.12
505,2,252.24,309.28
506,2,254.04,309.4
507,2,255.83,309.5
508,2,257.61,309.56
509,2,259.36,309.59
510,2,261.1,309.58
511,2,262.83,309.55
512,2,264.54,309.48
513,2,266.23,309.37
514,2,267.92,309.24
515,2,269.59,309.07
516,2,271.25,308.87
517,2,272.9,308.64
518,2,274.54,308.37
519,2,276.18,308.08
520,2,277.8,307.75
521,2,279.42,307.39
522,2,281.03,306.99
523,2,282.64,306.57
524,2,284.24,306.12
525,2,285.84,305.63
526,2,287.43,305.11
527,2,289.02,304.57
528,2,290.61,303.99
529,2,292.19,303.38
530,2,293.78,302.75
531,2,295.36,302.08
532,2,296.94,301.39
533,2,298.52,300.67
534,2,300.09,299.92
535,2,301.67,299.15
536,2,303.25,298.34
537,2,304.82,297.52
538,2,306.4,296.66
539,2,307.97,295.78
540,2,309.55,294.88
541,2,311.12,293.95
542,2,312.69,293
543,2,314.26,292.03
544,2,315.83,291.04
545,2,317.4,290.02
546,2,318.96,288.99
547,2,320.52,287.93
548,2,322.08,286.86
549,2,323.63,285.76
550,2,325.18,284.65
551,2,326.73,283.52
552,2,328.26,282.38
553,2,329.8,281.22
554,2,331.32,280.05
555,2,332.84,278.86
556,2,334.35,277.66
557,2,335.85,276.44
558,2,337.35,275.22
559,2,338.83,273.98
560,2,340.3,272.73
561,2,341.77,271.48
562,2,343.22,270.21
563,2,344.66,268.94
564,2,346.08,267.66
565,2,347.49,266.37
566,2,348.89,265.08
567,2,350.28,263.79
568,2,351.65,262.49
569,2,353,261.18
570,2,354.34,259.87
571,2,355.67,258.57
572,2,356.97,257.26
573,2,358.26,255.95
574,2,359.54,254.64
575,2,360.8,253.33
576,2,362.03,252.02
577,2,363.26,250.71
578,2,364.46,249.41
579,2,365.64,248.11
580,2,366.81,246.81
581,2,367.96,245.52
582,2,369.09,244.23
583,2,370.2,242.94
584,2,371.29,241.67
585,2,372.37,240.39
586,2,373.42,239.13
587,2,374.46,237.87
588,2,375.47,236.62
589,2,376.47,235.38
590,2,377.45,234.14
591,2,378.41,232.92
592,2,379.35,231.7
593,2,380.27,230.49
594,2,381.18,229.29
595,2,382.06,228.1
596,2,382.93,226.92
597,2,383.77,225.75
598,2,384.6,224.59
599,2,385.41,223.44
600,2,386.21,222.29
601,2,386.98,221.16
602,2,387.74,220.04
603,2,388.48,218.93
604,2,389.2,217.83
605,2,389.91,216.75
606,2,390.59,215.67
607,2,391.27,214.6
608,2,391.92,213.54
609,2,392.56,212.49
610,2,393.18,211.46
611,2,393.79,210.43
612,2,394.38,209.42
613,2,394.96,208.41
614,2,395.52,207.41
615,2,396.07,206.43
616,2,396.6,205.45
617,2,397.12,204.49
618,2,397.63,203.53
619,2,398.12,202.59
620,2,398.6,201.65
621,2,399.07,200.73
622,2,399.52,199.81
623,2,399.97,198.9
624,2,400.4,198.01
625,2,400.82,197.12
626,2,401.23,196.24
627,2,401.62,195.37
628,2,402.01,194.51
629,2,402.39,193.66
630,2,402.76,192.82
631,2,403.11,191.99
632,2,403.46,191.16
633,2,403.8,190.35
634,2,404.13,189.54
635,2,404.46,188.74
636,2,404.77,187.95
637,2,405.08,187.17
638,2,405.38,186.4
639,2,405.67,185.63
640,2,405.95,184.88
641,2,406.23,184.12
642,2,406.5,183.38
643,2,406.77,182.64
644,2,407.03,181.91
645,2,407.28,181.19
646,2,407.53,180.47
647,2,407.77,179.76
648,2,408.01,179.05
649,2,408.24,178.35
650,2,408.47,177.65
651,2,408.7,176.96
652,2,408.92,176.27
653,2,409.13,175.59
654,2,409.34,174.91
655,2,409.55,174.23
656,2,409.76,173.55
657,2,409.96,172.87
658,2,410.16,172.2
659,2,410.36,171.52
660,2,410.55,170.85
661,2,410.75,170.17
662,2,410.94,169.5
663,2,411.13,168.82
664,2,411.31,168.14
665,2,411.5,167.46
666,2,411.69,166.78
667,2,411.87,166.09
668,2,412.05,165.4
669,2,412.23,164.7
670,2,412.42,164
671,2,412.6,163.3
672,2,412.78,162.59
673,2,412.96,161.87
674,2,413.14,161.15
675,2,413.32,160.42
676,2,413.49,159.68
677,2,413.67,158.93
678,2,413.85,158.18
679,2,414.03,157.41
680,2,414.21,156.64
681,2,414.39,155.86
682,2,414.57,155.07
683,2,414.75,154.27
684,2,414.93,153.46
685,2,415.1,152.64
686,2,415.28,151.81
687,2,415.46,150.97
688,2,415.64,150.12
689,2,415.81,149.27
690,2,415.99,148.4
691,2,416.17,147.52
692,2,416.34,146.63
693,2,416.52,145.73
694,2,416.69,144.82
695,2,416.86,143.9
696,2,417.03,142.97
697,2,417.2,142.03
698,2,417.37,141.08
699,2,417.53,140.12
700,2,417.7,139.16
701,2,417.86,138.18
702,2,418.02,137.2
703,2,418.18,136.21
704,2,418.34,135.21
705,2,418.49,134.2
706,2,418.65,133.19
707,2,418.8,132.17
708,2,418.94,131.14
709,2,419.09,130.11
710,2,419.24,129.08
711,2,419.38,128.03
712,2,419.52,126.99
713,2,419.66,125.94
714,2,419.79,124.88
715,2,419.92,123.82
716,2,420.05,122.76
717,2,420.18,121.7
718,2,420.31,120.63
719,2,420.43,119.57
720,2,420.56,118.5
721,2,420.68,117.43
722,2,420.79,116.37
723,2,420.91,115.3
724,2,421.03,114.24
725,2,421.14,113.18
726,2,421.25,112.12
727,2,421.36,111.06
728,2,421.47,110.01
729,2,421.57,108.96
730,2,421.68,107.92
731,2,421.78,106.89
732,2,421.88,105.86
733,2,421.98,104.84
734,2,422.09,103.83
735,2,422.19,102.83
736,2,422.28,101.84
737,2,422.38,100.85
738,2,422.48,99.884
739,2,422.58,98.926
740,2,422.68,97.981
741,2,422.77,97.049
742,2,422.87,96.132
743,2,422.97,95.23
744,2,423.07,94.344
745,2,423.17,93.475
746,2,423.27,92.624
747,2,423.37,91.791
748,2,423.48,90.978
749,2,423.58,90.184
750,2,423.69,89.412
751,2,423.8,88.661
752,2,423.91,87.933
753,2,424.02,87.229
754,2,424.13,86.548
755,2,424.25,85.892
756,2,424.37,85.263
757,2,424.5,84.66
758,2,424.62,84.085
759,2,424.75,83.538
760,2,424.89,83.02
761,2,425.03,82.532
762,2,425.17,82.076
763,2,425.32,81.651
764,2,425.47,81.259
765,2,425.63,80.901
766,2,425.79,80.577
767,2,425.96,80.289
768,2,426.13,80.037
769,2,426.31,79.823
770,2,426.5,79.646
771,2,426.7,79.508
772,2,426.9,79.411
773,2,427.11,79.354
774,2,427.32,79.339
775,2,427.55,79.367
776,2,427.78,79.439
777,2,428.02,79.554
778,2,428.27,79.716
779,2,428.53,79.923
780,2,428.81,80.178
781,2,429.09,80.48
782,2,429.38,80.831
783,2,429.68,81.232
784,2,429.99,81.683
785,2,430.32,82.185
786,2,430.65,82.739
787,2,431,83.345
788,2,431.37,84.004
789,2,431.74,84.717
790,2,432.13,85.485
791,2,432.54,86.307
792,2,432.96,87.184
793,2,433.39,88.118
794,2,433.84,89.107
795,2,434.31,90.153
796,2,434.79,91.257
797,2,435.29,92.417
798,2,435.81,93.635
799,2,436.35,94.91
800,2,436.9,96.243
801,2,437.48,97.633
802,2,438.07,99.082
803,2,438.68,100.59
804,2,439.31,102.15
805,2,439.97,103.77
806,2,440.64,105.45
807,2,441.34,107.18
808,2,442.06,108.97
809,2,442.8,110.81
810,2,443.56,112.71
811,2,444.35,114.66
812,2,445.16,116.67
813,2,445.99,118.72
814,2,446.85,120.83
815,2,447.73,122.98
816,2,448.63,125.18
817,2,449.56,127.43
818,2,450.52,129.73
819,2,451.5,132.06
820,2,452.5,134.44
821,2,453.53,136.86
822,2,454.59,139.31
823,2,455.67,141.8
824,2,456.77,144.32
825,2,457.91,146.87
826,2,459.06,149.45
827,2,460.24,152.05
828,2,461.45,154.68
829,2,462.68,157.33
830,2,463.94,160
831,2,465.22,162.69
832,2,466.52,165.38
833,2,467.85,168.09
834,2,469.2,170.81
835,2,470.58,173.54
836,2,471.98,176.27
837,2,473.4,178.99
838,2,474.84,181.72
839,2,476.31,184.44
840,2,477.79,187.16
841,2,479.3,189.87
842,2,480.82,192.56
843,2,482.37,195.25
844,2,483.93,197.91
845,2,485.52,200.56
846,2,487.12,203.18
847,2,488.74,205.79
848,2,490.37,208.36
849,2,492.02,210.91
850,2,493.69,213.43
851,2,495.37,215.92
852,2,497.07,218.38
853,2,498.78,220.8
854,2,500.5,223.18
855,2,502.23,225.53
856,2,503.98,227.83
857,2,505.73,230.09
858,2,507.5,232.31
859,2,509.28,234.49
860,2,511.07,236.61
861,2,512.86,238.69
862,2,514.66,240.73
863,2,516.47,242.71
864,2,518.29,244.64
865,2,520.11,246.51
866,2,521.94,248.34
867,2,523.78,250.11
868,2,525.61,251.82
869,2,527.45,253.47
870,2,529.3,255.07
871,2,531.14,256.61
872,2,532.99,258.09
873,2,534.83,259.51
874,2,536.68,260.87
875,2,538.53,262.17
876,2,540.37,263.4
877,2,542.21,264.58
878,2,544.05,265.68
879,2,545.89,266.73
880,2,547.72,267.7
881,2,549.55,268.62
882,2,551.37,269.46
883,2,553.18,270.24
884,2,554.99,270.95
885,2,556.79,271.59
886,2,558.58,272.17
887,2,560.36,272.68
888,2,562.13,273.11
889,2,563.89,273.48
890,2,565.64,273.78
891,2,567.38,274.01
892,2,569.1,274.17
893,2,570.81,274.26
894,2,572.51,274.28
895,2,574.19,274.22
896,2,575.86,274.1
897,2,577.51,273.91
898,2,579.15,273.65
899,2,580.77,273.31
900,2,582.37,272.91
901,2,583.96,272.44
902,2,585.53,271.9
903,2,587.08,271.28
904,2,588.61,270.6
905,2,590.12,269.86
906,2,591.62,269.04
907,2,593.09,268.16
908,2,594.54,267.21
909,2,595.98,266.19
910,2,597.39,265.11
911,2,598.79,263.97
912,2,600.16,262.76
913,2,601.51,261.49
914,2,602.84,260.15
915,2,604.15,258.76
916,2,605.44,257.31
917,2,606.7,255.79
918,2,607.95,254.23
919,2,609.17,252.6
920,2,610.37,250.92
921,2,611.55,249.18
922,2,612.7,247.4
923,2,613.83,245.56
924,2,614.94,243.67
925,2,616.03,241.74
926,2,617.09,239.75
927,2,618.13,237.72
928,2,619.15,235.65
929,2,620.15,233.54
930,2,621.12,231.39
931,2,622.07,229.19
932,2,622.99,226.96
933,2,623.89,224.7
934,2,624.77,222.4
935,2,625.63,220.06
936,2,626.46,217.7
937,2,627.27,215.31
938,2,628.06,212.89
939,2,628.82,210.44
940,2,629.56,207.97
941,2,630.28,205.48
942,2,630.98,202.97
943,2,631.65,200.44
944,2,632.31,197.9
945,2,632.94,195.34
946,2,633.55,192.76
947,2,634.14,190.18
948,2,634.7,187.59
949,2,635.25,184.98
950,2,635.77,182.38
951,2,636.28,179.77
952,2,636.76,177.16
953,2,637.23,174.55
954,2,637.67,171.94
955,2,638.1,169.33
956,2,638.51,166.73
957,2,638.9,164.14
958,2,639.27,161.56
959,2,639.62,158.99
960,2,639.96,156.44
961,2,640.28,153.9
962,2,640.58,151.37
963,2,640.87,148.87
964,2,641.14,146.39
965,2,641.4,143.93
966,2,641.64,141.49
967,2,641.87,139.08
968,2,642.08,136.7
969,2,642.28,134.35
970,2,642.46,132.03
971,2,642.64,129.74
972,2,642.8,127.49
973,2,642.95,125.27
974,2,643.09,123.08
975,2,643.21,120.94
976,2,643.33,118.83
977,2,643.44,116.77
978,2,643.53,114.74
979,2,643.62,112.76
980,2,643.7,110.82
981,2,643.77,108.93
982,2,643.83,107.08
983,2,643.88,105.28
984,2,643.93,103.52
985,2,643.97,101.82
986,2,644,100.16
987,2,644.03,98.55
988,2,644.05,96.993
989,2,644.07,95.488
990,2,644.08,94.034
991,2,644.09,92.634
992,2,644.09,91.288
993,2,644.09,89.995
994,2,644.08,88.758
995,2,644.08,87.577
996,2,644.07,86.452
997,2,644.05,85.384
998,2,644.04,84.374
999,2,644.02,83.422
1000,2,644.01,82.529
1001,2,643.99,81.695
1002,2,643.97,80.92
1003,2,643.95,80.207
1004,2,643.94,79.554
1005,2,643.92,78.962
1006,2,643.9,78.432
1007,2,643.89,77.964
1008,2,643.88,77.558
1009,2,643.87,77.215
1010,2,643.87,76.936
1011,2,643.86,76.72
1012,2,643.87,76.568
1013,2,643.87,76.48
1014,2,643.88,76.456
1015,2,643.9,76.497
1016,2,643.92,76.602
1017,2,643.95,76.772
1018,2,643.98,77.008
1019,2,644.03,77.309
1020,2,644.07,77.675
1021,2,644.13,78.106
1022,2,644.2,78.603
1023,2,644.27,79.165
1024,2,644.35,79.793
1025,2,644.44,80.486
1026,2,644.55,81.245
1027,2,644.66,82.069
1028,2,644.78,82.958
1029,2,644.92,83.912
1030,2,645.07,84.931
1031,2,645.23,86.015
1032,2,645.4,87.163
1033,2,645.59,88.375
1034,2,645.79,89.651
1035,2,646,90.99
1036,2,646.23,92.392
1037,2,646.48,93.855
1038,2,646.74,95.381
1039,2,647.01,96.967
1040,2,647.31,98.614
1041,2,647.62,100.32
1042,2,647.94,102.08
1043,2,648.29,103.91
1044,2,648.65,105.79
1045,2,649.03,107.72
1046,2,649.44,109.71
1047,2,649.86,111.75
1048,2,650.3,113.84
1049,2,650.76,115.99
1050,2,651.24,118.18
1051,2,651.74,120.41
1052,2,652.27,122.7
1053,2,652.81,125.02
1054,2,653.38,127.39
1055,2,653.97,129.79
1056,2,654.58,132.23
1057,2,655.21,134.71
1058,2,655.87,137.21
1059,2,656.55,139.75
1060,2,657.26,142.31
1061,2,657.98,144.89
1062,2,658.74,147.5
1063,2,659.51,150.12
1064,2,660.31,152.76
1065,2,661.13,155.41
1066,2,661.98,158.07
1067,2,662.84,160.73
1068,2,663.74,163.4
1069,2,664.65,166.06
1070,2,665.59,168.73
1071,2,666.56,171.38
1072,2,667.54,174.03
1073,2,668.55,176.66
1074,2,669.58,179.28
1075,2,670.64,181.88
1076,2,671.71,184.46
1077,2,672.81,187.01
1078,2,673.93,189.53
1079,2,675.07,192.03
1080,2,676.23,194.49
1081,2,677.42,196.92
1082,2,678.62,199.3
1083,2,679.84,201.65
1084,2,681.08,203.96
1085,2,682.35,206.21
1086,2,683.63,208.42
1087,2,684.92,210.59
1088,2,686.24,212.7
1089,2,687.57,214.75
1090,2,688.92,216.75
1091,2,690.29,218.7
1092,2,691.67,220.58
1093,2,693.07,222.41
1094,2,694.49,224.17
1095,2,695.92,225.87
1096,2,697.36,227.51
1097,2,698.82,229.08
1098,2,700.29,230.59
1099,2,701.77,232.03
1100,2,703.26,233.4
1101,2,704.77,234.71
1102,2,706.29,235.95
1103,2,707.82,237.12
1104,2,709.36,238.22
1105,2,710.91,239.25
1106,2,712.47,240.21
1107,2,714.03,241.1
1108,2,715.61,241.92
1109,2,717.19,242.67
1110,2,718.78,243.35
1111,2,720.38,243.96
1112,2,721.98,244.5
1113,2,723.58,244.98
1114,2,725.19,245.38
1115,2,726.81,245.72
1116,2,728.42,245.99
1117,2,730.04,246.19
1118,2,731.65,246.32
1119,2,733.27,246.39
1120,2,734.89,246.39
1121,2,736.5,246.33
1122,2,738.11,246.2
1123,2,739.71,246.02
1124,2,741.32,245.77
1125,2,742.91,245.45
1126,2,744.5,245.08
1127,2,746.08,244.65
1128,2,747.65,244.16
1129,2,749.21,243.62
1130,2,750.76,243.01
1131,2,752.3,242.35
1132,2,753.83,241.64
1133,2,755.34,240.88
1134,2,756.84,240.06
1135,2,758.33,239.19
1136,2,759.8,238.27
1137,2,761.25,237.3
1138,2,762.69,236.28
1139,2,764.1,235.22
1140,2,765.5,234.11
1141,2,766.88,232.95
1142,2,768.24,231.75
1143,2,769.58,230.5
1144,2,770.91,229.22
1145,2,772.21,227.89
1146,2,773.49,226.52
1147,2,774.74,225.11
1148,2,775.98,223.66
1149,2,777.2,222.18
1150,2,778.39,220.66
1151,2,779.56,219.1
1152,2,780.71,217.51
1153,2,781.83,215.88
1154,2,782.94,214.22
1155,2,784.02,212.53
1156,2,785.08,210.81
1157,2,786.11,209.06
1158,2,787.13,207.28
1159,2,788.12,205.48
1160,2,789.09,203.64
1161,2,790.03,201.78
1162,2,790.96,199.9
1163,2,791.86,198
1164,2,792.74,196.07
1165,2,793.6,194.13
1166,2,794.43,192.17
1167,2,795.25,190.19
1168,2,796.04,188.19
1169,2,796.81,186.18
1170,2,797.56,184.16
1171,2,798.29,182.13
1172,2,799,180.09
1173,2,799.69,178.04
1174,2,800.36,175.98
1175,2,801.01,173.92
1176,2,801.63,171.86
1177,2,802.24,169.8
1178,2,802.83,167.74
1179,2,803.4,165.69
1180,2,803.96,163.63
1181,2,804.49,161.59
1182,2,805,159.55
1183,2,805.5,157.53
1184,2,805.98,155.51
1185,2,806.44,153.51
1186,2,806.89,151.53
1187,2,807.32,149.56
1188,2,807.73,147.62
1189,2,808.13,145.69
1190,2,808.51,143.79
1191,2,808.87,141.91
1192,2,809.23,140.06
1193,2,809.56,138.23
1194,2,809.88,136.44
1195,2,810.19,134.67
1196,2,810.48,132.94
1197,2,810.76,131.24
1198,2,811.03,129.58
1199,2,811.29,127.95
1200,2,811.53,126.36
1201,2,811.76,124.81
1202,2,811.98,123.3
1203,2,812.19,121.83
1204,2,812.39,120.41
1205,2,812.58,119.03
1206,2,812.75,117.69
1207,2,812.92,116.4
1208,2,813.08,115.16
1209,2,813.24,113.97
1210,2,813.38,112.83
1211,2,813.52,111.74
1212,2,813.65,110.7
1213,2,813.77,109.71
1214,2,813.89,108.77
1215,2,814,107.89
1216,2,814.11,107.07
1217,2,814.21,106.3
1218,2,814.31,105.59
1219,2,814.4,104.93
1220,2,814.49,104.34
1221,2,814.58,103.8
1222,2,814.67,103.32
1223,2,814.75,102.9
1224,2,814.83,102.54
1225,2,814.91,102.24
1226,2,815,102
1227,2,815.08,101.83
1228,2,815.16,101.71
1229,2,815.24,101.66
1230,2,815.33,101.67
1231,2,815.41,101.74
1232,2,815.5,101.88
1233,2,815.59,102.07
1234,2,815.69,102.34
1235,2,815.79,102.66
1236,2,815.89,103.05
1237,2,816,103.5
1238,2,816.11,104.02
1239,2,816.23,104.6
1240,2,816.36,105.24
1241,2,816.49,105.95
1242,2,816.63,106.72
1243,2,816.78,107.55
1244,2,816.93,108.44
1245,2,817.1,109.4
1246,2,817.27,110.42
1247,2,817.45,111.5
1248,2,817.64,112.65
1249,2,817.85,113.85
1250,2,818.06,115.12
1251,2,818.28,116.44
1252,2,818.52,117.83
1253,2,818.77,119.27
1254,2,819.03,120.77
1255,2,819.3,122.33
1256,2,819.58,123.95
1257,2,819.88,125.62
1258,2,820.19,127.34
1259,2,820.52,129.11
1260,2,820.86,130.94
1261,2,821.21,132.82
1262,2,821.58,134.75
1263,2,821.97,136.72
1264,2,822.37,138.74
1265,2,822.78,140.8
1266,2,823.21,142.91
1267,2,823.66,145.05
1268,2,824.12,147.24
1269,2,824.6,149.46
1270,2,825.09,151.72
1271,2,825.6,154.01
1272,2,826.12,156.32
1273,2,826.66,158.67
1274,2,827.22,161.04
1275,2,827.79,163.44
1276,2,828.38,165.86
1277,2,828.98,168.29
1278,2,829.6,170.74
1279,2,830.24,173.2
1280,2,830.88,175.68
1281,2,831.55,178.16
1282,2,832.22,180.65
1283,2,832.91,183.14
1284,2,833.62,185.64
1285,2,834.34,188.13
1286,2,835.07,190.61
1287,2,835.81,193.09
1288,2,836.57,195.56
1289,2,837.34,198.02
1290,2,838.12,200.47
1291,2,838.92,202.9
1292,2,839.72,205.31
1293,2,840.54,207.7
1294,2,841.37,210.06
1295,2,842.21,212.41
1296,2,843.06,214.72
1297,2,843.92,217.01
1298,2,844.79,219.27
1299,2,845.67,221.49
1300,2,846.56,223.68
1301,2,847.47,225.84
1302,2,848.38,227.95
1303,2,849.3,230.03
1304,2,850.22,232.06
1305,2,851.16,234.06
1306,2,852.11,236
1307,2,853.06,237.91
1308,2,854.02,239.76
1309,2,854.99,241.56
1310,2,855.96,243.32
1311,2,856.95,245.02
1312,2,857.93,246.67
1313,2,858.93,248.26
1314,2,859.93,249.8
1315,2,860.93,251.27
1316,2,861.94,252.69
1317,2,862.95,254.04
1318,2,863.97,255.34
1319,2,864.99,256.57
1320,2,866.01,257.73
1321,2,867.03,258.83
1322,2,868.06,259.86
1323,2,869.09,260.82
1324,2,870.12,261.72
1325,2,871.15,262.54
1326,2,872.18,263.29
1327,2,873.21,263.97
1328,2,874.24,264.58
1329,2,875.27,265.11
1330,2,876.3,265.57
1331,2,877.33,265.95
1332,2,878.36,266.26
1333,2,879.38,266.49
1334,2,880.41,266.64
1335,2,881.44,266.72
1336,2,882.46,266.72
1337,2,883.48,266.65
1338,2,884.51,266.49
1339,2,885.53,266.26
1340,2,886.55,265.95
1341,2,887.57,265.56
1342,2,888.58,265.09
1343,2,889.6,264.55
1344,2,890.62,263.93
1345,2,891.63,263.22
1346,2,892.64,262.45
1347,2,893.65,261.59
1348,2,894.66,260.66
1349,2,895.67,259.65
1350,2,896.68,258.56
1351,2,897.69,257.4
1352,2,898.7,256.17
1353,2,899.7,254.86
1354,2,900.71,253.48
1355,2,901.71,252.02
1356,2,902.72,250.5
1357,2,903.72,248.9
1358,2,904.72,247.24
1359,2,905.73,245.51
1360,2,906.73,243.71
1361,2,907.73,241.85
1362,2,908.73,239.93
1363,2,909.73,237.95
1364,2,910.73,235.9
1365,2,911.73,233.8
1366,2,912.73,231.65
1367,2,913.73,229.44
1368,2,914.73,227.18
1369,2,915.72,224.87
1370,2,916.72,222.52
1371,2,917.71,220.13
1372,2,918.71,217.69
1373,2,919.7,215.22
1374,2,920.69,212.71
1375,2,921.67,210.17
1376,2,922.66,207.61
1377,2,923.64,205.02
1378,2,924.62,202.4
1379,2,925.6,199.77
1380,2,926.57,197.13
1381,2,927.54,194.47
1382,2,928.51,191.8
1383,2,929.47,189.13
1384,2,930.43,186.46
1385,2,931.39,183.79
1386,2,932.34,181.13
1387,2,933.28,178.48
1388,2,934.22,175.84
1389,2,935.16,173.23
1390,2,936.09,170.63
1391,2,937.02,168.06
1392,2,937.94,165.51
1393,2,938.86,163
1394,2,939.77,160.53
1395,2,940.68,158.09
1396,2,941.58,155.7
1397,2,942.47,153.35
1398,2,943.36,151.06
1399,2,944.25,148.81
1400,2,945.13,146.63
1401,2,946.01,144.5
1402,2,946.88,142.43
1403,2,947.75,140.42
1404,2,948.61,138.49
1405,2,949.47,136.62
1406,2,950.32,134.82
1407,2,951.18,133.1
1408,2,952.02,131.45
1409,2,952.87,129.88
1410,2,953.71,128.39
1411,2,954.56,126.98
1412,2,955.4,125.65
1413,2,956.24,124.41
1414,2,957.08,123.25
1415,2,957.92,122.19
1416,2,958.76,121.2
1417,2,959.6,120.31
1418,2,960.45,119.51
1419,2,961.29,118.8
1420,2,962.14,118.18
1421,2,963,117.65
1422,2,963.86,117.22
1423,2,964.72,116.88
1424,2,965.59,116.63
1425,2,966.47,116.48
1426,2,967.35,116.42
1427,2,968.24,116.46
1428,2,969.14,116.59
1429,2,970.05,116.82
1430,2,970.97,117.14
1431,2,971.9,117.55
1432,2,972.84,118.06
1433,2,973.79,118.66
1434,2,974.75,119.36
1435,2,975.73,120.15
1436,2,976.72,121.02
1437,2,977.73,121.99
1438,2,978.75,123.05
1439,2,979.78,124.19
1440,2,980.83,125.43
1441,2,981.9,126.74
1442,2,982.98,128.14
1443,2,984.08,129.63
1444,2,985.2,131.19
1445,2,986.34,132.84
1446,2,987.49,134.56
1447,2,988.66,136.35
1448,2,989.85,138.22
1449,2,991.06,140.15
1450,2,992.28,142.16
1451,2,993.53,144.23
1452,2,994.79,146.36
1453,2,996.07,148.55
1454,2,997.37,150.79
1455,2,998.69,153.09
1456,2,1000,155.44
1457,2,1001.4,157.83
1458,2,1002.7,160.26
1459,2,1004.1,162.73
1460,2,1005.5,165.24
1461,2,1006.9,167.77
1462,2,1008.4,170.33
1463,2,1009.8,172.91
1464,2,1011.3,175.51
1465,2,1012.7,178.12
1466,2,1014.2,180.74
1467,2,1015.7,183.37
1468,2,1017.2,186
1469,2,1018.7,188.63
1470,2,1020.3,191.26
1471,2,1021.8,193.87
1472,2,1023.3,196.47
1473,2,1024.9,199.06
1474,2,1026.4,201.63
1475,2,1028,204.18
1476,2,1029.6,206.7
1477,2,1031.1,209.19
1478,2,1032.7,211.65
1479,2,1034.3,214.07
1480,2,1035.9,216.46
1481,2,1037.5,218.81
1482,2,1039,221.12
1483,2,1040.6,223.38
1484,2,1042.2,225.6
1485,2,1043.8,227.77
1486,2,1045.4,229.88
1487,2,1047,231.95
1488,2,1048.5,233.95
1489,2,1050.1,235.91
1490,2,1051.7,237.8
1491,2,1053.3,239.63
1492,2,1054.8,241.41
1493,2,1056.4,243.12
1494,2,1058,244.77
1495,2,1059.5,246.35
1496,2,1061.1,247.87
1497,2,1062.7,249.32
1498,2,1064.2,250.7
1499,2,1065.7,252.02
1500,2,1067.3,253.26
1501,2,1068.8,254.44
1502,2,1070.3,255.54
1503,2,1071.9,256.58
1504,2,1073.4,257.54
1505,2,1074.9,258.43
1506,2,1076.4,259.25
1507,2,1077.9,260
1508,2,1079.4,260.67
1509,2,1080.9,261.28
1510,2,1082.3,261.81
1511,2,1083.8,262.26
1512,2,1085.3,262.65
1513,2,1086.7,262.96
1514,2,1088.2,263.21
1515,2,1089.7,263.38
1516,2,1091.1,263.48
1517,2,1092.5,263.51
1518,2,1094,263.46
1519,2,1095.4,263.35
1520,2,1096.8,263.17
1521,2,1098.2,262.92
1522,2,1099.6,262.6
1523,2,1101,262.22
1524,2,1102.5,261.77
1525,2,1103.8,261.25
1526,2,1105.2,260.67
1527,2,1106.6,260.02
1528,2,1108,259.3
1529,2,1109.4,258.53
1530,2,1110.8,257.69
1531,2,1112.1,256.79
1532,2,1113.5,255.83
1533,2,1114.8,254.81
1534,2,1116.2,253.74
1535,2,1117.5,252.6
1536,2,1118.9,251.41
1537,2,1120.2,250.17
1538,2,1121.6,248.87
1539,2,1122.9,247.52
1540,2,1124.2,246.12
1541,2,1125.5,244.67
1542,2,1126.8,243.17
1543,2,1128.1,241.62
1544,2,1129.4,240.03
1545,2,1130.7,238.4
1546,2,1131.9,236.72
1547,2,1133.2,235.01
1548,2,1134.4,233.26
1549,2,1135.7,231.47
1550,2,1136.9,229.64
1551,2,1138.1,227.78
1552,2,1139.3,225.89
1553,2,1140.5,223.98
1554,2,1141.7,222.03
1555,2,1142.9,220.07
1556,2,1144,218.08
1557,2,1145.2,216.07
1558,2,1146.3,214.04
1559,2,1147.4,211.99
1560,2,1148.5,209.94
1561,2,1149.6,207.87
1562,2,1150.7,205.79
1563,2,1151.7,203.71
1564,2,1152.7,201.63
1565,2,1153.8,199.54
1566,2,1154.7,197.46
1567,2,1155.7,195.38
1568,2,1156.7,193.31
1569,2,1157.6,191.25
1570,2,1158.6,189.21
1571,2,1159.5,187.17
1572,2,1160.3,185.16
1573,2,1161.2,183.16
1574,2,1162.1,181.19
1575,2,1162.9,179.25
1576,2,1163.7,177.33
1577,2,1164.5,175.44
1578,2,1165.3,173.59
1579,2,1166,171.77
1580,2,1166.7,169.98
1581,2,1167.5,168.24
1582,2,1168.2,166.54
1583,2,1168.8,164.88
1584,2,1169.5,163.27
1585,2,1170.1,161.71
1586,2,1170.7,160.2
1587,2,1171.3,158.74
1588,2,1171.9,157.33
1589,2,1172.5,155.98
1590,2,1173,154.68
1591,2,1173.6,153.44
1592,2,1174.1,152.27
1593,2,1174.6,151.15
1594,2,1175.1,150.1
1595,2,1175.6,149.11
1596,2,1176,148.18
1597,2,1176.5,147.32
1598,2,1176.9,146.53
1599,2,1177.3,145.81
1600,2,1177.7,145.15
1601,2,1178.1,144.56
1602,2,1178.5,144.04
1603,2,1178.9,143.6
1604,2,1179.2,143.22
1605,2,1179.6,142.92
1606,2,1179.9,142.68
1607,2,1180.3,142.52
1608,2,1180.6,142.43
1609,2,1181,142.42
1610,2,1181.3,142.47
1611,2,1181.6,142.6
1612,2,1181.9,142.8
1613,2,1182.2,143.07
1614,2,1182.5,143.42
1615,2,1182.9,143.83
1616,2,1183.2,144.32
1617,2,1183.5,144.88
1618,2,1183.8,145.51
1619,2,1184.1,146.21
1620,2,1184.4,146.98
1621,2,1184.7,147.81
1622,2,1185.1,148.72
1623,2,1185.4,149.69
1624,2,1185.7,150.73
1625,2,1186.1,151.83
1626,2,1186.4,152.99
1627,2,1186.8,154.21
1628,2,1187.1,155.5
1629,2,1187.5,156.84
1630,2,1187.9,158.24
1631,2,1188.3,159.69
1632,2,1188.7,161.2
1633,2,1189.1,162.76
1634,2,1189.6,164.36
1635,2,1190,166.01
1636,2,1190.5,167.7
1637,2,1191,169.44
1638,2,1191.5,171.21
1639,2,1192,173.01
1640,2,1192.5,174.85
1641,2,1193.1,176.71
1642,2,1193.7,178.6
1643,2,1194.3,180.5
1644,2,1194.9,182.43
1645,2,1195.5,184.37
1646,2,1196.2,186.31
1647,2,1196.9,188.27
1648,2,1197.6,190.22
1649,2,1198.3,192.17
1650,2,1199,194.11
1651,2,1199.8,196.04
1652,2,1200.6,197.95
1653,2,1201.4,199.85
1654,2,1202.3,201.72
1655,2,1203.2,203.56
1656,2,1204.1,205.37
1657,2,1205,207.15
1658,2,1206,208.88
1659,2,1206.9,210.57
1660,2,1207.9,212.21
1661,2,1209,213.81
1662,2,1210,215.34
1663,2,1211.1,216.83
1664,2,1212.2,218.25
1665,2,1213.4,219.6
1666,2,1214.5,220.9
1667,2,1215.7,222.12
1668,2,1217,223.27
1669,2,1218.2,224.35
1670,2,1219.5,225.36
1671,2,1220.8,226.29
1672,2,1222.1,227.13
1673,2,1223.4,227.9
1674,2,1224.8,228.59
1675,2,1226.2,229.2
1676,2,1227.6,229.72
1677,2,1229.1,230.16
1678,2,1230.5,230.51
1679,2,1232,230.77
1680,2,1233.5,230.96
1681,2,1235,231.05
1682,2,1236.6,231.06
1683,2,1238.1,230.98
1684,2,1239.7,230.82
1685,2,1241.3,230.57
1686,2,1242.9,230.23
1687,2,1244.5,229.82
1688,2,1246.1,229.32
1689,2,1247.8,228.73
1690,2,1249.4,228.07
1691,2,1251.1,227.33
1692,2,1252.8,226.51
1693,2,1254.4,225.62
1694,2,1256.1,224.65
1695,2,1257.8,223.61
1696,2,1259.5,222.49
1697,2,1261.2,221.32
1698,2,1262.8,220.07
1699,2,1264.5,218.77
1700,2,1266.2,217.4
1701,2,1267.9,215.98
1702,2,1269.5,214.5
1703,2,1271.2,212.97
1704,2,1272.8,211.39
1705,2,1274.4,209.76
1706,2,1276,208.09
1707,2,1277.6,206.38
1708,2,1279.2,204.64
1709,2,1280.8,202.86
1710,2,1282.3,201.05
1711,2,1283.8,199.21
1712,2,1285.3,197.35
1713,2,1286.8,195.47
1714,2,1288.3,193.56
1715,2,1289.7,191.64
1716,2,1291.1,189.71
1717,2,1292.5,187.77
1718,2,1293.9,185.82
1719,2,1295.2,183.86
1720,2,1296.5,181.91
1721,2,1297.8,179.95
1722,2,1299,178
1723,2,1300.2,176.05
1724,2,1301.4,174.11
1725,2,1302.6,172.19
1726,2,1303.7,170.28
1727,2,1304.8,168.38
1728,2,1305.9,166.5
1729,2,1306.9,164.64
1730,2,1307.9,162.81
1731,2,1308.9,161
1732,2,1309.8,159.22
1733,2,1310.8,157.47
1734,2,1311.7,155.75
1735,2,1312.5,154.06
1736,2,1313.4,152.41
1737,2,1314.2,150.8
1738,2,1314.9,149.23
1739,2,1315.7,147.69
1740,2,1316.4,146.21
1741,2,1317.1,144.77
1742,2,1317.8,143.37
1743,2,1318.5,142.03
1744,2,1319.1,140.73
1745,2,1319.7,139.49
1746,2,1320.3,138.31
1747,2,1320.8,137.18
1748,2,1321.4,136.1
1749,2,1321.9,135.09
1750,2,1322.4,134.14
1751,2,1322.9,133.25
1752,2,1323.3,132.43
1753,2,1323.8,131.67
1754,2,1324.2,130.98
1755,2,1324.6,130.36
1756,2,1325,129.81
1757,2,1325.4,129.33
1758,2,1325.8,128.92
1759,2,1326.1,128.59
1760,2,1326.5,128.33
1761,2,1326.8,128.15
1762,2,1327.2,128.04
1763,2,1327.5,128.01
1764,2,1327.8,128.07
1765,2,1328.1,128.2
1766,2,1328.5,128.41
1767,2,1328.8,128.7
1768,2,1329.1,129.07
1769,2,1329.4,129.52
1770,2,1329.7,130.06
1771,2,1330,130.67
1772,2,1330.3,131.37
1773,2,1330.7,132.16
1774,2,1331,133.02
1775,2,1331.3,133.96
1776,2,1331.7,134.99
1777,2,1332,136.1
1778,2,1332.4,137.29
1779,2,1332.7,138.56
1780,2,1333.1,139.91
1781,2,1333.5,141.34
1782,2,1333.9,142.84
1783,2,1334.3,144.43
1784,2,1334.8,146.09
1785,2,1335.2,147.82
1786,2,1335.7,149.63
1787,2,1336.2,151.51
1788,2,1336.7,153.45
1789,2,1337.3,155.47
1790,2,1337.8,157.55
1791,2,1338.4,159.7
1792,2,1339,161.91
1793,2,1339.7,164.17
1794,2,1340.3,166.5
1795,2,1341,168.87
1796,2,1341.7,171.3
1797,2,1342.5,173.77
1798,2,1343.3,176.29
1799,2,1344.1,178.85
1800,2,1344.9,181.45
1801,2,1345.8,184.08
1802,2,1346.7,186.74
1803,2,1347.7,189.43
1804,2,1348.6,192.14
1805,2,1349.6,194.87
1806,2,1350.7,197.61
1807,2,1351.8,200.36
1808,2,1352.9,203.12
1809,2,1354.1,205.88
1810,2,1355.3,208.64
1811,2,1356.5,211.39
1812,2,1357.8,214.13
1813,2,1359.1,216.86
1814,2,1360.5,219.57
1815,2,1361.8,222.25
1816,2,1363.3,224.91
1817,2,1364.8,227.54
1818,2,1366.3,230.14
1819,2,1367.8,232.7
1820,2,1369.4,235.23
1821,2,1371,237.71
1822,2,1372.7,240.14
1823,2,1374.4,242.53
1824,2,1376.1,244.86
1825,2,1377.9,247.14
1826,2,1379.7,249.37
1827,2,1381.6,251.53
1828,2,1383.5,253.64
1829,2,1385.4,255.68
1830,2,1387.4,257.65
1831,2,1389.3,259.56
1832,2,1391.4,261.41
1833,2,1393.4,263.18
1834,2,1395.5,264.87
1835,2,1397.6,266.5
1836,2,1399.7,268.05
1837,2,1401.9,269.52
1838,2,1404.1,270.92
1839,2,1406.3,272.24
1840,2,1408.5,273.48
1841,2,1410.8,274.63
1842,2,1413,275.71
1843,2,1415.3,276.7
1844,2,1417.6,277.61
1845,2,1419.9,278.44
1846,2,1422.2,279.19
1847,2,1424.5,279.84
1848,2,1426.9,280.42
1849,2,1429.2,280.91
1850,2,1431.5,281.31
1851,2,1433.9,281.62
1852,2,1436.2,281.86
1853,2,1438.5,282
1854,2,1440.8,282.06
1855,2,1443.1,282.03
1856,2,1445.4,281.92
1857,2,1447.7,281.72
1858,2,1449.9,281.43
1859,2,1452.2,281.07
1860,2,1454.4,280.61
1861,2,1456.6,280.08
1862,2,1458.8,279.46
1863,2,1460.9,278.76
1864,2,1463,277.97
1865,2,1465.1,277.11
1866,2,1467.2,276.17
1867,2,1469.2,275.15
1868,2,1471.2,274.05
1869,2,1473.2,272.88
1870,2,1475.1,271.64
1871,2,1477,270.32
1872,2,1478.9,268.93
1873,2,1480.7,267.48
1874,2,1482.4,265.95
1875,2,1484.2,264.37
1876,2,1485.9,262.72
1877,2,1487.5,261.01
1878,2,1489.1,259.24
1879,2,1490.7,257.41
1880,2,1492.2,255.54
1881,2,1493.7,253.61
1882,2,1495.1,251.63
1883,2,1496.5,249.6
1884,2,1497.9,247.54
1885,2,1499.2,245.43
1886,2,1500.4,243.28
1887,2,1501.6,241.1
1888,2,1502.8,238.89
1889,2,1503.9,236.65
1890,2,1505,234.38
1891,2,1506,232.09
1892,2,1507,229.78
1893,2,1507.9,227.45
1894,2,1508.8,225.1
1895,2,1509.7,222.75
1896,2,1510.5,220.38
1897,2,1511.2,218.01
1898,2,1512,215.64
1899,2,1512.6,213.27
1900,2,1513.3,210.9
1901,2,1513.9,208.54
1902,2,1514.5,206.19
1903,2,1515,203.85
1904,2,1515.5,201.52
1905,2,1515.9,199.21
1906,2,1516.3,196.92
1907,2,1516.7,194.65
1908,2,1517.1,192.4
1909,2,1517.4,190.18
1910,2,1517.7,187.99
1911,2,1518,185.84
1912,2,1518.2,183.71
1913,2,1518.4,181.62
1914,2,1518.6,179.57
1915,2,1518.7,177.56
1916,2,1518.8,175.59
1917,2,1518.9,173.67
1918,2,1519,171.79
1919,2,1519,169.96
1920,2,1519.1,168.17
1921,2,1519.1,166.44
1922,2,1519.1,164.76
1923,2,1519,163.13
1924,2,1519,161.56
1925,2,1518.9,160.05
1926,2,1518.8,158.59
1927,2,1518.8,157.2
1928,2,1518.7,155.86
1929,2,1518.5,154.59
1930,2,1518.4,153.38
1931,2,1518.3,152.24
1932,2,1518.1,151.16
1933,2,1518,150.15
1934,2,1517.8,149.2
1935,2,1517.7,148.33
1936,2,1517.5,147.52
1937,2,1517.3,146.78
1938,2,1517.1,146.12
1939,2,1517,145.53
1940,2,1516.8,145.01
1941,2,1516.6,144.56
1942,2,1516.5,144.19
1943,2,1516.3,143.89
1944,2,1516.1,143.67
1945,2,1516,143.52
1946,2,1515.8,143.45
1947,2,1515.7,143.46
1948,2,1515.5,143.54
1949,2,1515.4,143.69
1950,2,1515.3,143.92
1951,2,1515.1,144.23
1952,2,1515,144.61
1953,2,1515,145.07
1954,2,1514.9,145.6
1955,2,1514.8,146.2
1956,2,1514.8,146.88
1957,2,1514.7,147.64
1958,2,1514.7,148.46
1959,2,1514.7,149.36
1960,2,1514.7,150.32
1961,2,1514.7,151.36
1962,2,1514.8,152.46
1963,2,1514.9,153.63
1964,2,1514.9,154.87
1965,2,1515,156.17
1966,2,1515.2,157.54
1967,2,1515.3,158.96
1968,2,1515.5,160.45
1969,2,1515.7,161.99
1970,2,1515.9,163.59
1971,2,1516.2,165.24
1972,2,1516.4,166.94
1973,2,1516.7,168.7
1974,2,1517.1,170.5
1975,2,1517.4,172.34
1976,2,1517.8,174.22
1977,2,1518.2,176.14
1978,2,1518.6,178.1
1979,2,1519.1,180.08
1980,2,1519.6,182.1
1981,2,1520.1,184.14
1982,2,1520.6,186.21
1983,2,1521.2,188.29
1984,2,1521.8,190.38
1985,2,1522.5,192.49
1986,2,1523.1,194.6
1987,2,1523.8,196.72
1988,2,1524.6,198.84
1989,2,1525.3,200.95
1990,2,1526.1,203.05
1991,2,1527,205.14
1992,2,1527.8,207.22
1993,2,1528.7,209.27
1994,2,1529.6,211.3
1995,2,1530.6,213.31
1996,2,1531.6,215.28
1997,2,1532.6,217.22
1998,2,1533.7,219.12
1999,2,1534.7,220.98
2000,2,1535.9,222.79
2001,2,1537,224.56
2002,2,1538.2,226.27
2003,2,1539.4,227.94
2004,2,1540.6,229.54
2005,2,1541.9,231.09
2006,2,1543.2,232.58
2007,2,1544.5,234
2008,2,1545.9,235.36
2009,2,1547.3,236.65
2010,2,1548.7,237.87
2011,2,1550.2,239.02
2012,2,1551.6,240.09
2013,2,1553.1,241.09
2014,2,1554.7,242.01
2015,2,1556.2,242.85
2016,2,1557.8,243.62
2017,2,1559.4,244.3
2018,2,1561,244.9
2019,2,1562.7,245.43
2020,2,1564.3,245.86
2021,2,1566,246.22
2022,2,1567.7,246.49
2023,2,1569.4,246.68
2024,2,1571.2,246.78
2025,2,1572.9,246.8
2026,2,1574.7,246.73
2027,2,1576.5,246.58
2028,2,1578.3,246.35
2029,2,1580.1,246.03
2030,2,1581.9,245.63
2031,2,1583.7,245.15
2032,2,1585.5,244.59
2033,2,1587.3,243.95
2034,2,1589.2,243.23
2035,2,1591,242.43
2036,2,1592.8,241.55
2037,2,1594.6,240.6
2038,2,1596.4,239.58
2039,2,1598.3,238.49
2040,2,1600.1,237.33
2041,2,1601.9,236.1
2042,2,1603.6,234.8
2043,2,1605.4,233.44
2044,2,1607.2,232.02
2045,2,1608.9,230.54
2046,2,1610.6,229.01
2047,2,1612.3,227.42
2048,2,1614,225.78
2049,2,1615.7,224.09
2050,2,1617.3,222.35
2051,2,1618.9,220.57
2052,2,1620.5,218.75
2053,2,1622.1,216.89
2054,2,1623.6,215
2055,2,1625.1,213.08
2056,2,1626.6,211.12
2057,2,1628,209.14
2058,2,1629.5,207.14
2059,2,1630.9,205.11
2060,2,1632.2,203.08
2061,2,1633.6,201.02
2062,2,1634.9,198.96
2063,2,1636.1,196.9
2064,2,1637.4,194.83
2065,2,1638.6,192.76
2066,2,1639.8,190.69
2067,2,1640.9,188.63
2068,2,1642,186.58
2069,2,1643.1,184.54
2070,2,1644.1,182.52
2071,2,1645.1,180.51
2072,2,1646.1,178.53
2073,2,1647,176.57
2074,2,1648,174.64
2075,2,1648.8,172.73
2076,2,1649.7,170.86
2077,2,1650.5,169.02
2078,2,1651.3,167.22
2079,2,1652,165.45
2080,2,1652.8,163.73
2081,2,1653.4,162.05
2082,2,1654.1,160.4
2083,2,1654.7,158.81
2084,2,1655.3,157.26
2085,2,1655.9,155.76
2086,2,1656.5,154.3
2087,2,1657,152.9
2088,2,1657.5,151.54
2089,2,1657.9,150.24
2090,2,1658.4,148.99
2091,2,1658.8,147.79
2092,2,1659.2,146.65
2093,2,1659.5,145.56
2094,2,1659.9,144.52
2095,2,1660.2,143.53
2096,2,1660.5,142.6
2097,2,1660.8,141.71
2098,2,1661,140.89
2099,2,1661.3,140.11
2100,2,1661.5,139.38
2101,2,1661.7,138.71
2102,2,1661.9,138.08
2103,2,1662,137.5
2104,2,1662.2,136.97
2105,2,1662.3,136.48
2106,2,1662.4,136.04
2107,2,1662.6,135.65
2108,2,1662.7,135.29
2109,2,1662.7,134.98
2110,2,1662.8,134.7
2111,2,1662.9,134.46
2112,2,1662.9,134.25
2113,2,1663,134.08
2114,2,1663,133.94
2115,2,1663,133.82
2116,2,1663.1,133.73
2117,2,1663.1,133.66
