1,3,328,119
2,3,328,119
3,3,328,119
4,3,328,119
5,3,328,119
6,3,328,119
7,3,328,119
8,3,328,119
9,3,328,119
10,3,328,119
11,3,328,119
12,3,328,119
13,3,328,119
14,3,328,119
15,3,328,119
16,3,328,119
17,3,328,119
18,3,328,119
19,3,328,119
20,3,328,119
21,3,328,119
22,3,328,119
23,3,328,119
24,3,328,119
25,3,328,119
26,3,328,119
27,3,328,119
28,3,328,119
29,3,328,119
30,3,328,119
31,3,328,119
32,3,328,119
33,3,328,119
34,3,328,119
35,3,328,119
36,3,328,119
37,3,328,119
38,3,328,119
39,3,328,119
40,3,328,119
41,3,328,119
42,3,328,119
43,3,328,119
44,3,328,119
45,3,328,119
46,3,328,119
47,3,328,119
48,3,328,119
49,3,328,119
50,3,328,119
51,3,328,119
52,3,328,119
53,3,328,119
54,3,328,119
55,3,328,119
56,3,328,119
57,3,328,119
58,3,328,119
59,3,328,119
60,3,328,119
61,3,328,119
62,3,328,119
63,3,328,119
64,3,328,119
65,3,328,119
66,3,328,119
67,3,328,119
68,3,328,119
69,3,328,119
70,3,328,119
71,3,328,119
72,3,328,119
73,3,328,119
74,3,328,119
75,3,328,119
76,3,328,119
77,3,328,119
78,3,328,119
79,3,328,119
80,3,328,119
81,3,328,119
82,3,328,119
83,3,328,119
84,3,328,119
85,3,328,119
86,3,328,119
87,3,328,119
88,3,328,119
89,3,328,119
90,3,328,119
91,3,328,119
92,3,328,119
93,3,328,119
94,3,328,119
95,3,328,119
96,3,328,119
97,3,328,119
98,3,328,119
99,3,328,119
100,3,328,119
101,3,328,119
102,3,328,119
103,3,328,119
104,3,328,119
105,3,328,119
106,3,328,119
107,3,328,119
108,3,328,119
109,3,328,119
110,3,328,119
111,3,328,119
112,3,328,118.99
113,3,328,118.99
114,3,328,118.99
115,3,328,118.99
116,3,328,118.99
117,3,328,118.99
118,3,328,118.99
119,3,328,118.99
120,3,328,118.99
121,3,328,118.99
122,3,328,118.99
123,3,328,118.99
124,3,328,118.99
125,3,328,118.99
126,3,328,118.99
127,3,328,118.99
128,3,328,118.99
129,3,328,118.99
130,3,328,118.99
131,3,328,118.99
132,3,328,118.99
133,3,328,118.99
134,3,328,118.99
135,3,328,118.99
136,3,328,118.99
137,3,327.99,118.99
138,3,327.99,118.99
139,3,327.99,118.99
140,3,327.99,118.99
141,3,327.99,118.99
142,3,327.99,118.99
143,3,327.99,118.99
144,3,327.99,118.99
145,3,327.99,118.99
146,3,327.99,118.99
147,3,327.99,118.99
148,3,327.99,118.99
149,3,327.99,118.99
150,3,327.99,118.99
151,3,327.99,119
152,3,327.99,119
153,3,327.99,119
154,3,327.99,119
155,3,327.99,119
156,3,327.99,119
157,3,327.99,119
158,3,327.98,119
159,3,327.98,119
160,3,327.98,119
161,3,327.98,119
162,3,327.98,119
163,3,327.98,119
164,3,327.98,119
165,3,327.98,119
166,3,327.98,119
167,3,327.98,119
168,3,327.98,119
169,3,327.98,119
170,3,327.98,119.01
171,3,327.98,119.01
172,3,327.97,119.01
173,3,327.97,119.01
174,3,327.97,119.01
175,3,327.97,119.01
176,3,327.97,119.01
177,3,327.97,119.01
178,3,327.97,119.01
179,3,327.97,119.01
180,3,327.97,119.02
181,3,327.97,119.02
182,3,327.97,119.02
183,3,327.97,119.02
184,3,327.97,119.02
185,3,327.97,119.02
186,3,327.97,119.02
187,3,327.96,119.03
188,3,327.96,119.03
189,3,327.96,119.03
190,3,327.96,119.03
191,3,327.96,119.03
192,3,327.96,119.03
193,3,327.96,119.04
194,3,327.96,119.04
195,3,327.96,119.04
196,3,327.96,119.04
197,3,327.96,119.04
198,3,327.96,119.05
199,3,327.96,119.05
200,3,327.96,119.05
201,3,327.96,119.05
202,3,327.96,119.06
203,3,327.96,119.06
204,3,327.96,119.06
205,3,327.96,119.06
206,3,327.96,119.07
207,3,327.96,119.07
208,3,327.96,119.07
209,3,327.96,119.07
210,3,327.96,119.08
211,3,327.96,119.08
212,3,327.96,119.08
213,3,327.97,119.08
214,3,327.97,119.09
215,3,327.97,119.09
216,3,327.97,119.09
217,3,327.97,119.09
218,3,327.97,119.1
219,3,327.97,119.1
220,3,327.97,119.1
221,3,327.98,119.11
222,3,327.98,119.11
223,3,327.98,119.11
224,3,327.98,119.11
225,3,327.99,119.12
226,3,327.99,119.12
227,3,327.99,119.12
228,3,327.99,119.12
229,3,328,119.13
230,3,328,119.13
231,3,328,119.13
232,3,328.01,119.13
233,3,328.01,119.14
234,3,328.02,119.14
235,3,328.02,119.14
236,3,328.03,119.14
237,3,328.03,119.15
238,3,328.04,119.15
239,3,328.04,119.15
240,3,328.05,119.15
241,3,328.05,119.15
242,3,328.06,119.15
243,3,328.07,119.15
244,3,328.07,119.15
245,3,328.08,119.16
246,3,328.09,119.16
247,3,328.09,119.16
248,3,328.1,119.16
249,3,328.11,119.16
250,3,328.12,119.16
251,3,328.13,119.15
252,3,328.13,119.15
253,3,328.14,119.15
254,3,328.15,119.15
255,3,328.16,119.15
256,3,328.17,119.15
257,3,328.18,119.14
258,3,328.19,119.14
259,3,328.2,119.14
260,3,328.22,119.13
261,3,328.23,119.13
262,3,328.24,119.12
263,3,328.25,119.12
264,3,328.26,119.11
265,3,328.28,119.11
266,3,328.29,119.1
267,3,328.3,119.09
268,3,328.32,119.08
269,3,328.33,119.07
270,3,328.34,119.07
271,3,328.36,119.06
272,3,328.37,119.05
273,3,328.39,119.03
274,3,328.4,119.02
275,3,328.42,119.01
276,3,328.43,119
277,3,328.45,118.98
278,3,328.46,118.97
279,3,328.48,118.95
280,3,328.5,118.94
281,3,328.51,118.92
282,3,328.53,118.9
283,3,328.54,118.88
284,3,328.56,118.86
285,3,328.58,118.84
286,3,328.59,118.82
287,3,328.61,118.8
288,3,328.63,118.77
289,3,328.64,118.75
290,3,328.66,118.72
291,3,328.68,118.7
292,3,328.69,118.67
293,3,328.71,118.64
294,3,328.73,118.61
295,3,328.74,118.58
296,3,328.76,118.55
297,3,328.78,118.51
298,3,328.79,118.48
299,3,328.81,118.44
300,3,328.82,118.41
301,3,328.84,118.37
302,3,328.86,118.33
303,3,328.87,118.29
304,3,328.89,118.25
305,3,328.9,118.2
306,3,328.92,118.16
307,3,328.93,118.11
308,3,328.95,118.06
309,3,328.96,118.01
310,3,328.98,117.96
311,3,328.99,117.91
312,3,329.01,117.85
313,3,329.02,117.8
314,3,329.04,117.74
315,3,329.05,117.68
316,3,329.06,117.62
317,3,329.08,117.56
318,3,329.09,117.49
319,3,329.11,117.42
320,3,329.12,117.35
321,3,329.13,117.28
322,3,329.14,117.21
323,3,329.16,117.14
324,3,329.17,117.06
325,3,329.18,116.98
326,3,329.2,116.9
327,3,329.21,116.81
328,3,329.22,116.73
329,3,329.23,116.64
330,3,329.24,116.55
331,3,329.25,116.45
332,3,329.26,116.36
333,3,329.28,116.26
334,3,329.29,116.16
335,3,329.3,116.05
336,3,329.31,115.95
337,3,329.32,115.84
338,3,329.33,115.72
339,3,329.34,115.61
340,3,329.34,115.49
341,3,329.35,115.37
342,3,329.36,115.25
343,3,329.37,115.12
344,3,329.38,115
345,3,329.38,114.86
346,3,329.39,114.73
347,3,329.4,114.59
348,3,329.4,114.45
349,3,329.41,114.31
350,3,329.41,114.16
351,3,329.42,114.02
352,3,329.42,113.86
353,3,329.42,113.71
354,3,329.42,113.55
355,3,329.43,113.39
356,3,329.43,113.23
357,3,329.43,113.07
358,3,329.43,112.9
359,3,329.43,112.73
360,3,329.43,112.56
361,3,329.42,112.39
362,3,329.42,112.22
363,3,329.41,112.04
364,3,329.41,111.86
365,3,329.4,111.68
366,3,329.4,111.5
367,3,329.39,111.32
368,3,329.38,111.13
369,3,329.37,110.95
370,3,329.36,110.77
371,3,329.34,110.58
372,3,329.33,110.4
373,3,329.31,110.21
374,3,329.3,110.03
375,3,329.28,109.85
376,3,329.26,109.66
377,3,329.24,109.48
378,3,329.21,109.3
379,3,329.19,109.13
380,3,329.16,108.95
381,3,329.14,108.78
382,3,329.11,108.61
383,3,329.08,108.45
384,3,329.04,108.29
385,3,329.01,108.14
386,3,328.97,107.99
387,3,328.93,107.84
388,3,328.89,107.71
389,3,328.85,107.58
390,3,328.8,107.45
391,3,328.76,107.34
392,3,328.71,107.23
393,3,328.66,107.14
394,3,328.6,107.05
395,3,328.54,106.97
396,3,328.49,106.91
397,3,328.42,106.86
398,3,328.36,106.82
399,3,328.29,106.79
400,3,328.22,106.78
401,3,328.15,106.79
402,3,328.08,106.81
403,3,328,106.85
404,3,327.92,106.91
405,3,327.84,106.98
406,3,327.75,107.08
407,3,327.66,107.2
408,3,327.57,107.34
409,3,327.48,107.5
410,3,327.38,107.69
411,3,327.28,107.9
412,3,327.18,108.14
413,3,327.07,108.41
414,3,326.96,108.7
415,3,326.85,109.03
416,3,326.74,109.39
417,3,326.62,109.77
418,3,326.5,110.2
419,3,326.37,110.65
420,3,326.25,111.15
421,3,326.12,111.68
422,3,325.99,112.25
423,3,325.85,112.86
424,3,325.72,113.51
425,3,325.58,114.2
426,3,325.43,114.94
427,3,325.29,115.72
428,3,325.14,116.55
429,3,324.99,117.43
430,3,324.84,118.35
431,3,324.69,119.33
432,3,324.53,120.36
433,3,324.37,121.44
434,3,324.22,122.58
435,3,324.06,123.77
436,3,323.89,125.02
437,3,323.73,126.33
438,3,323.57,127.69
439,3,323.4,129.12
440,3,323.24,130.61
441,3,323.07,132.17
442,3,322.91,133.79
443,3,322.75,135.47
444,3,322.58,137.23
445,3,322.42,139.05
446,3,322.26,140.94
447,3,322.1,142.9
448,3,321.94,144.92
449,3,321.78,147.03
450,3,321.63,149.2
451,3,321.47,151.45
452,3,321.33,153.77
453,3,321.18,156.16
454,3,321.04,158.63
455,3,320.91,161.17
456,3,320.78,163.79
457,3,320.65,166.49
458,3,320.53,169.26
459,3,320.42,172.1
460,3,320.32,175.02
461,3,320.22,178.02
462,3,320.13,181.09
463,3,320.05,184.24
464,3,319.98,187.46
465,3,319.92,190.76
466,3,319.88,194.12
467,3,319.84,197.57
468,3,319.81,201.08
469,3,319.8,204.66
470,3,319.81,208.32
471,3,319.82,212.04
472,3,319.86,215.83
473,3,319.91,219.68
474,3,319.97,223.6
475,3,320.06,227.59
476,3,320.16,231.63
477,3,320.28,235.73
478,3,320.42,239.9
479,3,320.58,244.11
480,3,320.77,248.38
481,3,320.97,252.7
482,3,321.2,257.07
483,3,321.46,261.49
484,3,321.73,265.95
485,3,322.04,270.46
486,3,322.36,275
487,3,322.72,279.57
488,3,323.1,284.18
489,3,323.51,288.82
490,3,323.94,293.49
491,3,324.4,298.18
492,3,324.89,302.89
493,3,325.41,307.63
494,3,325.96,312.37
495,3,326.54,317.13
496,3,327.15,321.89
497,3,327.78,326.66
498,3,328.45,331.43
499,3,329.14,336.2
500,3,329.87,340.97
501,3,330.62,345.73
502,3,331.4,350.47
503,3,332.21,355.2
504,3,333.05,359.92
505,3,333.92,364.61
506,3,334.82,369.28
507,3,335.74,373.92
508,3,336.69,378.53
509,3,337.67,383.11
510,3,338.68,387.65
511,3,339.71,392.16
512,3,340.77,396.62
513,3,341.85,401.04
514,3,342.96,405.42
515,3,344.09,409.75
516,3,345.25,414.02
517,3,346.43,418.25
518,3,347.63,422.42
519,3,348.86,426.54
520,3,350.1,430.59
521,3,351.37,434.59
522,3,352.66,438.53
523,3,353.97,442.41
524,3,355.3,446.22
525,3,356.65,449.96
526,3,358.01,453.64
527,3,359.39,457.26
528,3,360.79,460.8
529,3,362.21,464.27
530,3,363.64,467.67
531,3,365.09,471
532,3,366.55,474.26
533,3,368.02,477.44
534,3,369.5,480.55
535,3,371,483.58
536,3,372.51,486.54
537,3,374.02,489.42
538,3,375.55,492.22
539,3,377.08,494.94
540,3,378.62,497.59
541,3,380.17,500.16
542,3,381.73,502.65
543,3,383.29,505.05
544,3,384.85,507.38
545,3,386.42,509.63
546,3,387.99,511.8
547,3,389.56,513.89
548,3,391.13,515.9
549,3,392.7,517.83
550,3,394.27,519.68
551,3,395.84,521.45
552,3,397.41,523.14
553,3,398.97,524.75
554,3,400.53,526.28
555,3,402.09,527.74
556,3,403.64,529.11
557,3,405.19,530.41
558,3,406.72,531.63
559,3,408.25,532.77
560,3,409.78,533.83
561,3,411.29,534.83
562,3,412.79,535.74
563,3,414.28,536.58
564,3,415.77,537.35
565,3,417.24,538.04
566,3,418.7,538.67
567,3,420.14,539.22
568,3,421.57,539.7
569,3,422.99,540.11
570,3,424.4,540.45
571,3,425.79,540.73
572,3,427.17,540.93
573,3,428.53,541.08
574,3,429.88,541.15
575,3,431.21,541.16
576,3,432.52,541.11
577,3,433.82,541
578,3,435.1,540.82
579,3,436.37,540.59
580,3,437.62,540.29
581,3,438.85,539.94
582,3,440.07,539.52
583,3,441.27,539.05
584,3,442.45,538.53
585,3,443.62,537.94
586,3,444.77,537.31
587,3,445.9,536.61
588,3,447.01,535.87
589,3,448.11,535.07
590,3,449.2,534.22
591,3,450.26,533.32
592,3,451.31,532.37
593,3,452.34,531.37
594,3,453.36,530.33
595,3,454.36,529.23
596,3,455.34,528.09
597,3,456.31,526.9
598,3,457.26,525.66
599,3,458.2,524.38
600,3,459.12,523.05
601,3,460.02,521.68
602,3,460.91,520.27
603,3,461.78,518.82
604,3,462.64,517.32
605,3,463.49,515.78
606,3,464.32,514.2
607,3,465.13,512.58
608,3,465.93,510.92
609,3,466.72,509.23
610,3,467.49,507.49
611,3,468.25,505.72
612,3,468.99,503.91
613,3,469.72,502.06
614,3,470.43,500.18
615,3,471.13,498.27
616,3,471.82,496.32
617,3,472.49,494.33
618,3,473.15,492.32
619,3,473.79,490.27
620,3,474.42,488.19
621,3,475.03,486.08
622,3,475.64,483.93
623,3,476.22,481.76
624,3,476.8,479.56
625,3,477.36,477.33
626,3,477.9,475.07
627,3,478.43,472.79
628,3,478.95,470.48
629,3,479.45,468.14
630,3,479.94,465.78
631,3,480.41,463.39
632,3,480.87,460.98
633,3,481.31,458.55
634,3,481.75,456.09
635,3,482.16,453.61
636,3,482.56,451.1
637,3,482.95,448.58
638,3,483.32,446.03
639,3,483.68,443.47
640,3,484.02,440.88
641,3,484.35,438.28
642,3,484.67,435.65
643,3,484.97,433.01
644,3,485.25,430.35
645,3,485.52,427.67
646,3,485.78,424.97
647,3,486.03,422.26
648,3,486.26,419.53
649,3,486.47,416.78
650,3,486.68,414.02
651,3,486.87,411.24
652,3,487.04,408.45
653,3,487.21,405.64
654,3,487.36,402.82
655,3,487.5,399.98
656,3,487.63,397.13
657,3,487.74,394.26
658,3,487.85,391.38
659,3,487.94,388.49
660,3,488.02,385.59
661,3,488.09,382.67
662,3,488.15,379.75
663,3,488.2,376.81
664,3,488.24,373.86
665,3,488.27,370.9
666,3,488.29,367.93
667,3,488.3,364.95
668,3,488.31,361.96
669,3,488.3,358.97
670,3,488.29,355.96
671,3,488.27,352.95
672,3,488.24,349.94
673,3,488.21,346.91
674,3,488.17,343.89
675,3,488.12,340.86
676,3,488.07,337.82
677,3,488.02,334.79
678,3,487.96,331.75
679,3,487.89,328.71
680,3,487.83,325.67
681,3,487.76,322.63
682,3,487.68,319.59
683,3,487.61,316.56
684,3,487.53,313.53
685,3,487.45,310.5
686,3,487.37,307.48
687,3,487.29,304.47
688,3,487.21,301.46
689,3,487.13,298.46
690,3,487.06,295.46
691,3,486.98,292.48
692,3,486.9,289.51
693,3,486.83,286.55
694,3,486.76,283.59
695,3,486.7,280.66
696,3,486.64,277.73
697,3,486.58,274.82
698,3,486.52,271.92
699,3,486.47,269.04
700,3,486.43,266.18
701,3,486.39,263.33
702,3,486.36,260.5
703,3,486.33,257.68
704,3,486.31,254.89
705,3,486.3,252.11
706,3,486.29,249.36
707,3,486.29,246.62
708,3,486.3,243.91
709,3,486.32,241.22
710,3,486.34,238.55
711,3,486.37,235.91
712,3,486.41,233.29
713,3,486.45,230.69
714,3,486.51,228.12
715,3,486.57,225.58
716,3,486.64,223.06
717,3,486.72,220.57
718,3,486.8,218.11
719,3,486.89,215.67
720,3,486.99,213.27
721,3,487.1,210.89
722,3,487.21,208.54
723,3,487.34,206.23
724,3,487.46,203.94
725,3,487.6,201.69
726,3,487.74,199.47
727,3,487.89,197.28
728,3,488.04,195.13
729,3,488.2,193
730,3,488.37,190.92
731,3,488.54,188.86
732,3,488.71,186.84
733,3,488.89,184.85
734,3,489.07,182.9
735,3,489.26,180.98
736,3,489.45,179.1
737,3,489.65,177.25
738,3,489.85,175.44
739,3,490.05,173.66
740,3,490.25,171.91
741,3,490.46,170.2
742,3,490.66,168.52
743,3,490.87,166.88
744,3,491.08,165.27
745,3,491.3,163.69
746,3,491.51,162.15
747,3,491.72,160.64
748,3,491.94,159.17
749,3,492.15,157.73
750,3,492.36,156.32
751,3,492.58,154.94
752,3,492.79,153.6
753,3,493,152.28
754,3,493.21,151
755,3,493.42,149.75
756,3,493.62,148.54
757,3,493.83,147.35
758,3,494.03,146.19
759,3,494.23,145.07
760,3,494.43,143.97
761,3,494.62,142.91
762,3,494.81,141.87
763,3,495,140.86
764,3,495.19,139.88
765,3,495.37,138.93
766,3,495.54,138.01
767,3,495.72,137.11
768,3,495.89,136.25
769,3,496.05,135.41
770,3,496.21,134.59
771,3,496.37,133.81
772,3,496.52,133.05
773,3,496.67,132.31
774,3,496.81,131.61
775,3,496.95,130.92
776,3,497.08,130.27
777,3,497.21,129.64
778,3,497.33,129.03
779,3,497.45,128.45
780,3,497.56,127.89
781,3,497.67,127.35
782,3,497.77,126.85
783,3,497.87,126.36
784,3,497.96,125.9
785,3,498.05,125.46
786,3,498.13,125.05
787,3,498.2,124.65
788,3,498.27,124.29
789,3,498.34,123.94
790,3,498.4,123.62
791,3,498.45,123.32
792,3,498.5,123.04
793,3,498.54,122.78
794,3,498.57,122.55
795,3,498.61,122.34
796,3,498.63,122.15
797,3,498.65,121.98
798,3,498.67,121.84
799,3,498.67,121.72
800,3,498.68,121.62
801,3,498.68,121.54
802,3,498.67,121.48
803,3,498.66,121.44
804,3,498.64,121.43
805,3,498.62,121.44
806,3,498.59,121.46
807,3,498.55,121.52
808,3,498.51,121.59
809,3,498.47,121.68
810,3,498.42,121.8
811,3,498.37,121.94
812,3,498.31,122.1
813,3,498.25,122.28
814,3,498.18,122.49
815,3,498.11,122.72
816,3,498.03,122.97
817,3,497.95,123.25
818,3,497.86,123.54
819,3,497.77,123.87
820,3,497.67,124.21
821,3,497.57,124.58
822,3,497.47,124.97
823,3,497.36,125.39
824,3,497.25,125.83
825,3,497.14,126.29
826,3,497.02,126.78
827,3,496.9,127.3
828,3,496.77,127.84
829,3,496.65,128.41
830,3,496.52,129
831,3,496.38,129.61
832,3,496.25,130.26
833,3,496.11,130.93
834,3,495.97,131.63
835,3,495.82,132.35
836,3,495.68,133.1
837,3,495.53,133.88
838,3,495.39,134.69
839,3,495.24,135.53
840,3,495.09,136.39
841,3,494.94,137.29
842,3,494.79,138.21
843,3,494.64,139.16
844,3,494.49,140.15
845,3,494.34,141.17
846,3,494.19,142.21
847,3,494.04,143.29
848,3,493.89,144.41
849,3,493.74,145.55
850,3,493.6,146.73
851,3,493.45,147.94
852,3,493.31,149.19
853,3,493.17,150.48
854,3,493.04,151.79
855,3,492.91,153.15
856,3,492.78,154.54
857,3,492.65,155.97
858,3,492.53,157.44
859,3,492.41,158.94
860,3,492.3,160.49
861,3,492.19,162.07
862,3,492.09,163.69
863,3,492,165.35
864,3,491.91,167.06
865,3,491.83,168.8
866,3,491.75,170.58
867,3,491.68,172.41
868,3,491.62,174.28
869,3,491.57,176.18
870,3,491.53,178.13
871,3,491.49,180.13
872,3,491.47,182.16
873,3,491.45,184.23
874,3,491.45,186.35
875,3,491.45,188.51
876,3,491.47,190.71
877,3,491.5,192.95
878,3,491.54,195.24
879,3,491.6,197.56
880,3,491.66,199.92
881,3,491.74,202.32
882,3,491.83,204.77
883,3,491.94,207.24
884,3,492.06,209.76
885,3,492.2,212.32
886,3,492.35,214.91
887,3,492.52,217.53
888,3,492.7,220.19
889,3,492.9,222.88
890,3,493.12,225.61
891,3,493.35,228.36
892,3,493.6,231.15
893,3,493.87,233.96
894,3,494.15,236.81
895,3,494.46,239.68
896,3,494.78,242.57
897,3,495.12,245.49
898,3,495.47,248.44
899,3,495.85,251.4
900,3,496.25,254.39
901,3,496.66,257.4
902,3,497.09,260.44
903,3,497.54,263.49
904,3,498.01,266.56
905,3,498.5,269.64
906,3,499.01,272.74
907,3,499.53,275.86
908,3,500.08,279
909,3,500.64,282.14
910,3,501.22,285.31
911,3,501.82,288.48
912,3,502.44,291.66
913,3,503.07,294.86
914,3,503.72,298.06
915,3,504.39,301.28
916,3,505.08,304.5
917,3,505.78,307.73
918,3,506.5,310.96
919,3,507.24,314.2
920,3,507.99,317.45
921,3,508.76,320.7
922,3,509.54,323.95
923,3,510.34,327.2
924,3,511.15,330.45
925,3,511.98,333.7
926,3,512.82,336.95
927,3,513.68,340.2
928,3,514.55,343.44
929,3,515.43,346.68
930,3,516.32,349.91
931,3,517.22,353.13
932,3,518.14,356.34
933,3,519.06,359.55
934,3,520,362.74
935,3,520.95,365.92
936,3,521.9,369.08
937,3,522.87,372.24
938,3,523.84,375.37
939,3,524.82,378.49
940,3,525.81,381.59
941,3,526.8,384.66
942,3,527.8,387.72
943,3,528.81,390.75
944,3,529.82,393.75
945,3,530.84,396.73
946,3,531.86,399.68
947,3,532.89,402.6
948,3,533.91,405.5
949,3,534.95,408.35
950,3,535.98,411.18
951,3,537.01,413.96
952,3,538.05,416.71
953,3,539.09,419.43
954,3,540.12,422.1
955,3,541.16,424.73
956,3,542.2,427.31
957,3,543.23,429.85
958,3,544.27,432.35
959,3,545.3,434.8
960,3,546.33,437.2
961,3,547.36,439.55
962,3,548.38,441.85
963,3,549.41,444.09
964,3,550.42,446.29
965,3,551.44,448.42
966,3,552.45,450.51
967,3,553.46,452.53
968,3,554.47,454.5
969,3,555.47,456.41
970,3,556.46,458.26
971,3,557.46,460.06
972,3,558.45,461.79
973,3,559.43,463.46
974,3,560.42,465.07
975,3,561.4,466.62
976,3,562.37,468.11
977,3,563.34,469.53
978,3,564.31,470.89
979,3,565.28,472.19
980,3,566.24,473.42
981,3,567.2,474.59
982,3,568.16,475.69
983,3,569.11,476.73
984,3,570.07,477.71
985,3,571.02,478.61
986,3,571.97,479.46
987,3,572.92,480.23
988,3,573.87,480.94
989,3,574.81,481.58
990,3,575.76,482.16
991,3,576.71,482.67
992,3,577.65,483.11
993,3,578.6,483.48
994,3,579.55,483.79
995,3,580.49,484.03
996,3,581.44,484.2
997,3,582.39,484.3
998,3,583.35,484.33
999,3,584.3,484.29
1000,3,585.26,484.18
1001,3,586.21,484.01
1002,3,587.17,483.76
1003,3,588.13,483.44
1004,3,589.1,483.06
1005,3,590.07,482.6
1006,3,591.04,482.07
1007,3,592.01,481.47
1008,3,592.99,480.8
1009,3,593.97,480.06
1010,3,594.95,479.25
1011,3,595.94,478.37
1012,3,596.93,477.42
1013,3,597.92,476.39
1014,3,598.92,475.29
1015,3,599.92,474.12
1016,3,600.92,472.88
1017,3,601.92,471.57
1018,3,602.93,470.19
1019,3,603.94,468.74
1020,3,604.96,467.21
1021,3,605.97,465.62
1022,3,606.99,463.95
1023,3,608,462.21
1024,3,609.02,460.41
1025,3,610.04,458.53
1026,3,611.06,456.59
1027,3,612.08,454.57
1028,3,613.1,452.49
1029,3,614.12,450.34
1030,3,615.14,448.12
1031,3,616.16,445.84
1032,3,617.17,443.49
1033,3,618.18,441.07
1034,3,619.19,438.59
1035,3,620.2,436.05
1036,3,621.2,433.45
1037,3,622.19,430.78
1038,3,623.18,428.05
1039,3,624.17,425.26
1040,3,625.14,422.42
1041,3,626.12,419.52
1042,3,627.08,416.56
1043,3,628.03,413.55
1044,3,628.98,410.48
1045,3,629.92,407.36
1046,3,630.85,404.19
1047,3,631.77,400.98
1048,3,632.68,397.71
1049,3,633.58,394.4
1050,3,634.46,391.05
1051,3,635.34,387.65
1052,3,636.2,384.22
1053,3,637.05,380.74
1054,3,637.89,377.23
1055,3,638.72,373.68
1056,3,639.53,370.1
1057,3,640.33,366.49
1058,3,641.11,362.84
1059,3,641.89,359.17
1060,3,642.64,355.48
1061,3,643.39,351.76
1062,3,644.11,348.02
1063,3,644.83,344.26
1064,3,645.53,340.48
1065,3,646.21,336.68
1066,3,646.88,332.87
1067,3,647.53,329.05
1068,3,648.17,325.22
1069,3,648.79,321.38
1070,3,649.4,317.53
1071,3,649.99,313.68
1072,3,650.57,309.83
1073,3,651.13,305.98
1074,3,651.67,302.14
1075,3,652.2,298.29
1076,3,652.72,294.46
1077,3,653.22,290.63
1078,3,653.7,286.82
1079,3,654.17,283.01
1080,3,654.62,279.23
1081,3,655.06,275.46
1082,3,655.49,271.7
1083,3,655.89,267.97
1084,3,656.29,264.27
1085,3,656.67,260.59
1086,3,657.03,256.93
1087,3,657.38,253.31
1088,3,657.72,249.71
1089,3,658.04,246.15
1090,3,658.35,242.62
1091,3,658.65,239.13
1092,3,658.93,235.68
1093,3,659.2,232.26
1094,3,659.45,228.89
1095,3,659.7,225.56
1096,3,659.93,222.28
1097,3,660.14,219.04
1098,3,660.35,215.85
1099,3,660.54,212.71
1100,3,660.73,209.61
1101,3,660.9,206.57
1102,3,661.06,203.58
1103,3,661.2,200.64
1104,3,661.34,197.76
1105,3,661.47,194.93
1106,3,661.59,192.16
1107,3,661.69,189.45
1108,3,661.79,186.79
1109,3,661.88,184.19
1110,3,661.96,181.64
1111,3,662.03,179.16
1112,3,662.09,176.73
1113,3,662.14,174.37
1114,3,662.18,172.06
1115,3,662.22,169.82
1116,3,662.25,167.63
1117,3,662.27,165.51
1118,3,662.28,163.44
1119,3,662.29,161.44
1120,3,662.29,159.5
1121,3,662.29,157.62
1122,3,662.28,155.8
1123,3,662.26,154.04
1124,3,662.24,152.35
1125,3,662.21,150.72
1126,3,662.18,149.15
1127,3,662.14,147.64
1128,3,662.1,146.2
1129,3,662.05,144.81
1130,3,662,143.5
1131,3,661.95,142.24
1132,3,661.9,141.05
1133,3,661.84,139.92
1134,3,661.78,138.85
1135,3,661.72,137.84
1136,3,661.65,136.9
1137,3,661.59,136.03
1138,3,661.52,135.21
1139,3,661.45,134.46
1140,3,661.38,133.78
1141,3,661.31,133.15
1142,3,661.24,132.59
1143,3,661.18,132.1
1144,3,661.11,131.67
1145,3,661.04,131.3
1146,3,660.98,131
1147,3,660.91,130.76
1148,3,660.85,130.58
1149,3,660.79,130.48
1150,3,660.74,130.43
1151,3,660.68,130.45
1152,3,660.63,130.54
1153,3,660.58,130.69
1154,3,660.54,130.9
1155,3,660.5,131.19
1156,3,660.47,131.54
1157,3,660.44,131.95
1158,3,660.42,132.43
1159,3,660.4,132.98
1160,3,660.39,133.6
1161,3,660.39,134.28
1162,3,660.39,135.03
1163,3,660.4,135.85
1164,3,660.42,136.74
1165,3,660.44,137.69
1166,3,660.48,138.72
1167,3,660.52,139.81
1168,3,660.57,140.98
1169,3,660.64,142.21
1170,3,660.71,143.52
1171,3,660.79,144.89
1172,3,660.89,146.34
1173,3,660.99,147.85
1174,3,661.11,149.44
1175,3,661.24,151.1
1176,3,661.38,152.83
1177,3,661.53,154.63
1178,3,661.7,156.51
1179,3,661.88,158.45
1180,3,662.08,160.47
1181,3,662.29,162.56
1182,3,662.51,164.72
1183,3,662.76,166.95
1184,3,663.01,169.25
1185,3,663.28,171.63
1186,3,663.57,174.08
1187,3,663.88,176.6
1188,3,664.2,179.19
1189,3,664.54,181.85
1190,3,664.9,184.58
1191,3,665.28,187.39
1192,3,665.67,190.26
1193,3,666.08,193.2
1194,3,666.52,196.21
1195,3,666.97,199.29
1196,3,667.44,202.44
1197,3,667.93,205.66
1198,3,668.44,208.94
1199,3,668.97,212.29
1200,3,669.51,215.7
1201,3,670.08,219.18
1202,3,670.67,222.72
1203,3,671.28,226.32
1204,3,671.91,229.98
1205,3,672.56,233.7
1206,3,673.23,237.47
1207,3,673.92,241.3
1208,3,674.63,245.19
1209,3,675.37,249.12
1210,3,676.12,253.11
1211,3,676.89,257.14
1212,3,677.68,261.22
1213,3,678.49,265.34
1214,3,679.32,269.5
1215,3,680.17,273.7
1216,3,681.04,277.93
1217,3,681.93,282.2
1218,3,682.84,286.49
1219,3,683.77,290.81
1220,3,684.71,295.15
1221,3,685.67,299.5
1222,3,686.65,303.88
1223,3,687.65,308.26
1224,3,688.66,312.66
1225,3,689.69,317.06
1226,3,690.73,321.46
1227,3,691.79,325.86
1228,3,692.86,330.25
1229,3,693.95,334.64
1230,3,695.05,339.01
1231,3,696.17,343.37
1232,3,697.3,347.71
1233,3,698.44,352.03
1234,3,699.59,356.33
1235,3,700.76,360.6
1236,3,701.93,364.83
1237,3,703.12,369.04
1238,3,704.32,373.2
1239,3,705.53,377.33
1240,3,706.74,381.42
1241,3,707.97,385.46
1242,3,709.2,389.45
1243,3,710.45,393.39
1244,3,711.7,397.28
1245,3,712.95,401.11
1246,3,714.22,404.88
1247,3,715.48,408.6
1248,3,716.76,412.25
1249,3,718.04,415.84
1250,3,719.32,419.35
1251,3,720.61,422.8
1252,3,721.9,426.18
1253,3,723.2,429.48
1254,3,724.49,432.7
1255,3,725.79,435.85
1256,3,727.09,438.92
1257,3,728.39,441.9
1258,3,729.7,444.8
1259,3,731,447.62
1260,3,732.3,450.35
1261,3,733.6,452.99
1262,3,734.9,455.54
1263,3,736.2,457.99
1264,3,737.5,460.36
1265,3,738.8,462.62
1266,3,740.09,464.79
1267,3,741.38,466.87
1268,3,742.67,468.84
1269,3,743.95,470.72
1270,3,745.23,472.49
1271,3,746.51,474.16
1272,3,747.78,475.73
1273,3,749.05,477.19
1274,3,750.31,478.55
1275,3,751.57,479.8
1276,3,752.83,480.94
1277,3,754.08,481.98
1278,3,755.32,482.9
1279,3,756.57,483.72
1280,3,757.8,484.43
1281,3,759.03,485.02
1282,3,760.26,485.51
1283,3,761.48,485.88
1284,3,762.7,486.14
1285,3,763.91,486.28
1286,3,765.12,486.32
1287,3,766.32,486.24
1288,3,767.52,486.04
1289,3,768.71,485.73
1290,3,769.9,485.31
1291,3,771.08,484.77
1292,3,772.26,484.12
1293,3,773.43,483.35
1294,3,774.6,482.47
1295,3,775.77,481.47
1296,3,776.93,480.36
1297,3,778.08,479.14
1298,3,779.24,477.8
1299,3,780.39,476.35
1300,3,781.53,474.78
1301,3,782.67,473.11
1302,3,783.81,471.32
1303,3,784.94,469.43
1304,3,786.07,467.42
1305,3,787.19,465.31
1306,3,788.31,463.09
1307,3,789.43,460.76
1308,3,790.54,458.33
1309,3,791.64,455.79
1310,3,792.74,453.15
1311,3,793.84,450.41
1312,3,794.93,447.58
1313,3,796.01,444.64
1314,3,797.09,441.61
1315,3,798.15,438.49
1316,3,799.22,435.28
1317,3,800.27,431.98
1318,3,801.31,428.59
1319,3,802.35,425.12
1320,3,803.38,421.57
1321,3,804.39,417.94
1322,3,805.4,414.23
1323,3,806.39,410.45
1324,3,807.38,406.6
1325,3,808.35,402.69
1326,3,809.31,398.71
1327,3,810.26,394.67
1328,3,811.19,390.57
1329,3,812.11,386.42
1330,3,813.02,382.21
1331,3,813.91,377.96
1332,3,814.78,373.65
1333,3,815.65,369.31
1334,3,816.49,364.93
1335,3,817.32,360.51
1336,3,818.14,356.06
1337,3,818.94,351.58
1338,3,819.72,347.08
1339,3,820.49,342.55
1340,3,821.24,338
1341,3,821.97,333.43
1342,3,822.69,328.86
1343,3,823.38,324.27
1344,3,824.07,319.67
1345,3,824.73,315.08
1346,3,825.38,310.48
1347,3,826.01,305.89
1348,3,826.62,301.3
1349,3,827.22,296.73
1350,3,827.8,292.16
1351,3,828.36,287.62
1352,3,828.91,283.09
1353,3,829.43,278.59
1354,3,829.95,274.11
1355,3,830.44,269.66
1356,3,830.92,265.24
1357,3,831.38,260.86
1358,3,831.83,256.51
1359,3,832.26,252.21
1360,3,832.68,247.95
1361,3,833.08,243.74
1362,3,833.47,239.58
1363,3,833.84,235.46
1364,3,834.19,231.41
1365,3,834.53,227.41
1366,3,834.86,223.47
1367,3,835.17,219.6
1368,3,835.47,215.79
1369,3,835.76,212.05
1370,3,836.03,208.38
1371,3,836.29,204.79
1372,3,836.54,201.26
1373,3,836.77,197.82
1374,3,837,194.46
1375,3,837.21,191.17
1376,3,837.41,187.97
1377,3,837.6,184.86
1378,3,837.77,181.84
1379,3,837.94,178.9
1380,3,838.1,176.06
1381,3,838.25,173.3
1382,3,838.38,170.65
1383,3,838.51,168.09
1384,3,838.63,165.63
1385,3,838.74,163.26
1386,3,838.85,161
1387,3,838.94,158.84
1388,3,839.03,156.79
1389,3,839.11,154.84
1390,3,839.19,152.99
1391,3,839.26,151.26
1392,3,839.32,149.63
1393,3,839.38,148.11
1394,3,839.43,146.7
1395,3,839.48,145.4
1396,3,839.52,144.22
1397,3,839.56,143.15
1398,3,839.6,142.19
1399,3,839.63,141.35
1400,3,839.66,140.62
1401,3,839.69,140.01
1402,3,839.71,139.51
1403,3,839.74,139.13
1404,3,839.76,138.87
1405,3,839.78,138.73
1406,3,839.8,138.71
1407,3,839.82,138.81
1408,3,839.84,139.02
1409,3,839.86,139.36
1410,3,839.89,139.82
1411,3,839.91,140.4
1412,3,839.94,141.1
1413,3,839.96,141.92
1414,3,839.99,142.86
1415,3,840.03,143.92
1416,3,840.06,145.11
1417,3,840.1,146.42
1418,3,840.15,147.85
1419,3,840.2,149.4
1420,3,840.25,151.07
1421,3,840.31,152.87
1422,3,840.38,154.78
1423,3,840.45,156.82
1424,3,840.53,158.98
1425,3,840.61,161.26
1426,3,840.7,163.66
1427,3,840.8,166.18
1428,3,840.91,168.82
1429,3,841.02,171.58
1430,3,841.15,174.45
1431,3,841.28,177.44
1432,3,841.42,180.55
1433,3,841.58,183.77
1434,3,841.74,187.1
1435,3,841.91,190.55
1436,3,842.1,194.1
1437,3,842.29,197.76
1438,3,842.5,201.53
1439,3,842.72,205.4
1440,3,842.95,209.37
1441,3,843.19,213.44
1442,3,843.45,217.61
1443,3,843.72,221.87
1444,3,844,226.22
1445,3,844.3,230.66
1446,3,844.61,235.18
1447,3,844.94,239.78
1448,3,845.28,244.46
1449,3,845.63,249.21
1450,3,846,254.02
1451,3,846.39,258.9
1452,3,846.79,263.84
1453,3,847.21,268.83
1454,3,847.64,273.87
1455,3,848.09,278.95
1456,3,848.55,284.07
1457,3,849.03,289.22
1458,3,849.53,294.4
1459,3,850.04,299.61
1460,3,850.56,304.82
1461,3,851.11,310.05
1462,3,851.66,315.29
1463,3,852.24,320.52
1464,3,852.82,325.74
1465,3,853.43,330.95
1466,3,854.05,336.15
1467,3,854.68,341.31
1468,3,855.33,346.45
1469,3,855.99,351.55
1470,3,856.68,356.6
1471,3,857.37,361.61
1472,3,858.08,366.56
1473,3,858.81,371.46
1474,3,859.56,376.28
1475,3,860.32,381.04
1476,3,861.09,385.71
1477,3,861.89,390.31
1478,3,862.7,394.81
1479,3,863.53,399.23
1480,3,864.38,403.54
1481,3,865.24,407.75
1482,3,866.13,411.85
1483,3,867.03,415.85
1484,3,867.95,419.72
1485,3,868.89,423.47
1486,3,869.86,427.1
1487,3,870.84,430.6
1488,3,871.84,433.97
1489,3,872.87,437.2
1490,3,873.92,440.29
1491,3,874.99,443.24
1492,3,876.08,446.05
1493,3,877.19,448.71
1494,3,878.33,451.22
1495,3,879.5,453.57
1496,3,880.68,455.78
1497,3,881.89,457.82
1498,3,883.13,459.71
1499,3,884.39,461.44
1500,3,885.68,463.01
1501,3,886.99,464.42
1502,3,888.32,465.66
1503,3,889.69,466.74
1504,3,891.08,467.65
1505,3,892.49,468.4
1506,3,893.93,468.99
1507,3,895.4,469.4
1508,3,896.89,469.66
1509,3,898.41,469.74
1510,3,899.96,469.66
1511,3,901.53,469.41
1512,3,903.13,469
1513,3,904.76,468.42
1514,3,906.41,467.68
1515,3,908.08,466.77
1516,3,909.78,465.7
1517,3,911.5,464.47
1518,3,913.25,463.08
1519,3,915.02,461.53
1520,3,916.81,459.82
1521,3,918.62,457.96
1522,3,920.46,455.94
1523,3,922.31,453.78
1524,3,924.18,451.46
1525,3,926.07,448.99
1526,3,927.98,446.39
1527,3,929.9,443.63
1528,3,931.84,440.74
1529,3,933.79,437.72
1530,3,935.75,434.56
1531,3,937.72,431.27
1532,3,939.7,427.85
1533,3,941.69,424.31
1534,3,943.68,420.65
1535,3,945.68,416.87
1536,3,947.68,412.98
1537,3,949.69,408.98
1538,3,951.69,404.88
1539,3,953.69,400.68
1540,3,955.68,396.38
1541,3,957.67,391.99
1542,3,959.66,387.51
1543,3,961.63,382.94
1544,3,963.6,378.3
1545,3,965.55,373.58
1546,3,967.49,368.79
1547,3,969.42,363.93
1548,3,971.33,359.01
1549,3,973.22,354.03
1550,3,975.09,349
1551,3,976.94,343.92
1552,3,978.77,338.8
1553,3,980.57,333.64
1554,3,982.35,328.43
1555,3,984.1,323.2
1556,3,985.83,317.94
1557,3,987.53,312.66
1558,3,989.19,307.36
1559,3,990.83,302.05
1560,3,992.44,296.72
1561,3,994.01,291.39
1562,3,995.55,286.07
1563,3,997.06,280.74
1564,3,998.54,275.42
1565,3,999.98,270.12
1566,3,1001.4,264.83
1567,3,1002.7,259.57
1568,3,1004.1,254.33
1569,3,1005.4,249.12
1570,3,1006.6,243.95
1571,3,1007.9,238.82
1572,3,1009,233.73
1573,3,1010.2,228.69
1574,3,1011.3,223.7
1575,3,1012.4,218.77
1576,3,1013.4,213.9
1577,3,1014.4,209.09
1578,3,1015.4,204.35
1579,3,1016.3,199.69
1580,3,1017.2,195.1
1581,3,1018,190.58
1582,3,1018.8,186.16
1583,3,1019.6,181.81
1584,3,1020.3,177.56
1585,3,1021,173.4
1586,3,1021.7,169.34
1587,3,1022.4,165.37
1588,3,1023,161.51
1589,3,1023.5,157.75
1590,3,1024.1,154.1
1591,3,1024.6,150.56
1592,3,1025,147.13
1593,3,1025.5,143.82
1594,3,1025.9,140.62
1595,3,1026.3,137.54
1596,3,1026.6,134.59
1597,3,1027,131.75
1598,3,1027.3,129.05
1599,3,1027.6,126.47
1600,3,1027.8,124.03
1601,3,1028,121.71
1602,3,1028.2,119.54
1603,3,1028.4,117.49
1604,3,1028.6,115.59
1605,3,1028.7,113.82
1606,3,1028.9,112.19
1607,3,1029,110.71
1608,3,1029,109.37
1609,3,1029.1,108.18
1610,3,1029.2,107.13
1611,3,1029.2,106.23
1612,3,1029.2,105.47
1613,3,1029.2,104.87
1614,3,1029.2,104.41
1615,3,1029.2,104.1
1616,3,1029.2,103.94
1617,3,1029.1,103.94
1618,3,1029.1,104.08
1619,3,1029,104.38
1620,3,1029,104.82
1621,3,1028.9,105.42
1622,3,1028.8,106.17
1623,3,1028.7,107.06
1624,3,1028.6,108.11
1625,3,1028.5,109.31
1626,3,1028.4,110.65
1627,3,1028.3,112.15
1628,3,1028.2,113.79
1629,3,1028.1,115.58
1630,3,1028,117.51
1631,3,1027.9,119.59
1632,3,1027.8,121.81
1633,3,1027.7,124.17
1634,3,1027.6,126.67
1635,3,1027.5,129.31
1636,3,1027.4,132.08
1637,3,1027.4,134.99
1638,3,1027.3,138.03
1639,3,1027.2,141.19
1640,3,1027.1,144.49
1641,3,1027.1,147.91
1642,3,1027,151.45
1643,3,1027,155.1
1644,3,1026.9,158.87
1645,3,1026.9,162.75
1646,3,1026.9,166.74
1647,3,1026.9,170.83
1648,3,1026.9,175.01
1649,3,1026.9,179.29
1650,3,1026.9,183.66
1651,3,1027,188.11
1652,3,1027.1,192.65
1653,3,1027.1,197.25
1654,3,1027.2,201.93
1655,3,1027.3,206.66
1656,3,1027.5,211.45
1657,3,1027.6,216.3
1658,3,1027.8,221.19
1659,3,1028,226.11
1660,3,1028.2,231.07
1661,3,1028.4,236.06
1662,3,1028.6,241.06
1663,3,1028.9,246.08
1664,3,1029.2,251.11
1665,3,1029.5,256.14
1666,3,1029.8,261.16
1667,3,1030.1,266.17
1668,3,1030.5,271.16
1669,3,1030.9,276.13
1670,3,1031.3,281.08
1671,3,1031.7,285.99
1672,3,1032.2,290.85
1673,3,1032.7,295.68
1674,3,1033.2,300.45
1675,3,1033.7,305.17
1676,3,1034.2,309.82
1677,3,1034.8,314.42
1678,3,1035.4,318.94
1679,3,1036,323.39
1680,3,1036.7,327.76
1681,3,1037.3,332.05
1682,3,1038,336.26
1683,3,1038.7,340.38
1684,3,1039.4,344.41
1685,3,1040.2,348.34
1686,3,1041,352.18
1687,3,1041.8,355.92
1688,3,1042.6,359.55
1689,3,1043.4,363.09
1690,3,1044.3,366.51
1691,3,1045.2,369.83
1692,3,1046.1,373.04
1693,3,1047,376.14
1694,3,1048,379.12
1695,3,1049,381.99
1696,3,1049.9,384.75
1697,3,1051,387.39
1698,3,1052,389.91
1699,3,1053,392.31
1700,3,1054.1,394.6
1701,3,1055.2,396.76
1702,3,1056.3,398.81
1703,3,1057.4,400.73
1704,3,1058.6,402.54
1705,3,1059.8,404.22
1706,3,1060.9,405.78
1707,3,1062.1,407.23
1708,3,1063.4,408.55
1709,3,1064.6,409.75
1710,3,1065.8,410.83
1711,3,1067.1,411.79
1712,3,1068.4,412.63
1713,3,1069.7,413.35
1714,3,1071,413.96
1715,3,1072.3,414.44
1716,3,1073.7,414.81
1717,3,1075,415.06
1718,3,1076.4,415.2
1719,3,1077.7,415.22
1720,3,1079.1,415.12
1721,3,1080.5,414.92
1722,3,1081.9,414.6
1723,3,1083.3,414.17
1724,3,1084.8,413.63
1725,3,1086.2,412.98
1726,3,1087.6,412.23
1727,3,1089.1,411.37
1728,3,1090.5,410.41
1729,3,1092,409.34
1730,3,1093.5,408.18
1731,3,1094.9,406.91
1732,3,1096.4,405.55
1733,3,1097.9,404.09
1734,3,1099.3,402.54
1735,3,1100.8,400.9
1736,3,1102.3,399.17
1737,3,1103.8,397.35
1738,3,1105.2,395.44
1739,3,1106.7,393.46
1740,3,1108.2,391.39
1741,3,1109.6,389.24
1742,3,1111.1,387.02
1743,3,1112.5,384.72
1744,3,1113.9,382.35
1745,3,1115.4,379.92
1746,3,1116.8,377.41
1747,3,1118.2,374.85
1748,3,1119.5,372.22
1749,3,1120.9,369.53
1750,3,1122.3,366.79
1751,3,1123.6,363.99
1752,3,1124.9,361.14
1753,3,1126.2,358.24
1754,3,1127.5,355.3
1755,3,1128.8,352.31
1756,3,1130,349.28
1757,3,1131.3,346.22
1758,3,1132.5,343.11
1759,3,1133.6,339.97
1760,3,1134.8,336.81
1761,3,1135.9,333.61
1762,3,1137,330.39
1763,3,1138.1,327.14
1764,3,1139.2,323.87
1765,3,1140.2,320.58
1766,3,1141.2,317.28
1767,3,1142.2,313.96
1768,3,1143.2,310.64
1769,3,1144.1,307.3
1770,3,1145,303.96
1771,3,1145.9,300.61
1772,3,1146.7,297.26
1773,3,1147.5,293.91
1774,3,1148.3,290.56
1775,3,1149.1,287.21
1776,3,1149.8,283.87
1777,3,1150.5,280.54
1778,3,1151.2,277.22
1779,3,1151.8,273.9
1780,3,1152.4,270.6
1781,3,1153,267.32
1782,3,1153.6,264.04
1783,3,1154.1,260.79
1784,3,1154.6,257.55
1785,3,1155.1,254.33
1786,3,1155.6,251.13
1787,3,1156,247.95
1788,3,1156.4,244.8
1789,3,1156.8,241.67
1790,3,1157.1,238.56
1791,3,1157.4,235.48
1792,3,1157.7,232.43
1793,3,1158,229.4
1794,3,1158.2,226.4
1795,3,1158.5,223.44
1796,3,1158.7,220.5
1797,3,1158.8,217.6
1798,3,1159,214.73
1799,3,1159.1,211.89
1800,3,1159.2,209.09
1801,3,1159.3,206.33
1802,3,1159.4,203.6
1803,3,1159.4,200.91
1804,3,1159.4,198.25
1805,3,1159.4,195.64
1806,3,1159.4,193.06
1807,3,1159.4,190.52
1808,3,1159.3,188.03
1809,3,1159.2,185.58
1810,3,1159.1,183.17
1811,3,1159,180.8
1812,3,1158.9,178.48
1813,3,1158.8,176.21
1814,3,1158.6,173.98
1815,3,1158.4,171.8
1816,3,1158.3,169.66
1817,3,1158.1,167.58
1818,3,1157.9,165.54
1819,3,1157.6,163.56
1820,3,1157.4,161.63
1821,3,1157.2,159.75
1822,3,1156.9,157.92
1823,3,1156.7,156.15
1824,3,1156.4,154.43
1825,3,1156.1,152.77
1826,3,1155.8,151.17
1827,3,1155.5,149.63
1828,3,1155.2,148.14
1829,3,1154.9,146.72
1830,3,1154.6,145.36
1831,3,1154.3,144.06
1832,3,1154,142.83
1833,3,1153.7,141.66
1834,3,1153.4,140.56
1835,3,1153.1,139.53
1836,3,1152.8,138.57
1837,3,1152.4,137.67
1838,3,1152.1,136.85
1839,3,1151.8,136.1
1840,3,1151.5,135.42
1841,3,1151.2,134.82
1842,3,1150.9,134.29
1843,3,1150.6,133.84
1844,3,1150.3,133.47
1845,3,1150,133.17
1846,3,1149.7,132.96
1847,3,1149.4,132.82
1848,3,1149.1,132.76
1849,3,1148.9,132.79
1850,3,1148.6,132.9
1851,3,1148.3,133.1
1852,3,1148.1,133.38
1853,3,1147.9,133.74
1854,3,1147.6,134.2
1855,3,1147.4,134.74
1856,3,1147.2,135.37
1857,3,1147,136.09
1858,3,1146.8,136.9
1859,3,1146.7,137.8
1860,3,1146.5,138.8
1861,3,1146.4,139.89
1862,3,1146.3,141.07
1863,3,1146.1,142.34
1864,3,1146,143.72
1865,3,1146,145.18
1866,3,1145.9,146.75
1867,3,1145.9,148.41
1868,3,1145.8,150.17
1869,3,1145.8,152.02
1870,3,1145.8,153.98
1871,3,1145.9,156.03
1872,3,1145.9,158.18
1873,3,1146,160.43
1874,3,1146.1,162.77
1875,3,1146.2,165.22
1876,3,1146.3,167.76
1877,3,1146.5,170.39
1878,3,1146.7,173.13
1879,3,1146.9,175.95
1880,3,1147.1,178.88
1881,3,1147.4,181.89
1882,3,1147.6,185
1883,3,1147.9,188.2
1884,3,1148.3,191.49
1885,3,1148.6,194.86
1886,3,1149,198.32
1887,3,1149.4,201.86
1888,3,1149.9,205.49
1889,3,1150.3,209.19
1890,3,1150.8,212.96
1891,3,1151.4,216.81
1892,3,1151.9,220.72
1893,3,1152.5,224.7
1894,3,1153.1,228.74
1895,3,1153.8,232.84
1896,3,1154.5,236.98
1897,3,1155.2,241.18
1898,3,1155.9,245.41
1899,3,1156.7,249.69
1900,3,1157.4,253.99
1901,3,1158.3,258.32
1902,3,1159.1,262.66
1903,3,1160,267.03
1904,3,1160.9,271.39
1905,3,1161.9,275.76
1906,3,1162.8,280.13
1907,3,1163.8,284.48
1908,3,1164.9,288.82
1909,3,1165.9,293.13
1910,3,1167,297.42
1911,3,1168.1,301.67
1912,3,1169.3,305.88
1913,3,1170.5,310.04
1914,3,1171.7,314.15
1915,3,1172.9,318.21
1916,3,1174.1,322.2
1917,3,1175.4,326.13
1918,3,1176.7,329.98
1919,3,1178,333.76
1920,3,1179.4,337.46
1921,3,1180.8,341.06
1922,3,1182.2,344.58
1923,3,1183.6,348
1924,3,1185,351.32
1925,3,1186.5,354.53
1926,3,1188,357.64
1927,3,1189.5,360.63
1928,3,1191,363.5
1929,3,1192.5,366.25
1930,3,1194.1,368.88
1931,3,1195.7,371.37
1932,3,1197.3,373.73
1933,3,1198.9,375.96
1934,3,1200.5,378.04
1935,3,1202.1,379.99
1936,3,1203.7,381.78
1937,3,1205.4,383.43
1938,3,1207,384.93
1939,3,1208.7,386.27
1940,3,1210.4,387.46
1941,3,1212.1,388.49
1942,3,1213.8,389.35
1943,3,1215.5,390.06
1944,3,1217.2,390.61
1945,3,1218.9,390.99
1946,3,1220.6,391.2
1947,3,1222.3,391.25
1948,3,1224,391.13
1949,3,1225.7,390.84
1950,3,1227.5,390.39
1951,3,1229.2,389.76
1952,3,1230.9,388.97
1953,3,1232.6,388.01
1954,3,1234.3,386.88
1955,3,1236,385.59
1956,3,1237.7,384.13
1957,3,1239.4,382.5
1958,3,1241.1,380.71
1959,3,1242.8,378.75
1960,3,1244.5,376.64
1961,3,1246.2,374.36
1962,3,1247.9,371.93
1963,3,1249.5,369.34
1964,3,1251.2,366.6
1965,3,1252.8,363.7
1966,3,1254.5,360.67
1967,3,1256.1,357.49
1968,3,1257.7,354.17
1969,3,1259.3,350.71
1970,3,1260.9,347.13
1971,3,1262.4,343.41
1972,3,1264,339.58
1973,3,1265.5,335.63
1974,3,1267,331.56
1975,3,1268.5,327.39
1976,3,1270,323.12
1977,3,1271.5,318.76
1978,3,1272.9,314.31
1979,3,1274.3,309.78
1980,3,1275.7,305.18
1981,3,1277.1,300.5
1982,3,1278.5,295.77
1983,3,1279.8,290.99
1984,3,1281.1,286.17
1985,3,1282.4,281.31
1986,3,1283.7,276.42
1987,3,1285,271.51
1988,3,1286.2,266.6
1989,3,1287.4,261.68
1990,3,1288.6,256.77
1991,3,1289.7,251.88
1992,3,1290.9,247.01
1993,3,1292,242.17
1994,3,1293.1,237.38
1995,3,1294.1,232.64
1996,3,1295.2,227.96
1997,3,1296.2,223.35
1998,3,1297.2,218.81
1999,3,1298.2,214.36
2000,3,1299.1,210
2001,3,1300,205.74
2002,3,1301,201.6
2003,3,1301.8,197.56
2004,3,1302.7,193.65
2005,3,1303.6,189.88
2006,3,1304.4,186.23
2007,3,1305.2,182.73
2008,3,1306,179.38
2009,3,1306.8,176.18
2010,3,1307.6,173.14
2011,3,1308.3,170.27
2012,3,1309.1,167.57
2013,3,1309.8,165.03
2014,3,1310.5,162.68
2015,3,1311.2,160.51
2016,3,1311.9,158.52
2017,3,1312.6,156.73
2018,3,1313.3,155.12
2019,3,1314,153.71
2020,3,1314.7,152.49
2021,3,1315.3,151.47
2022,3,1316,150.65
2023,3,1316.7,150.03
2024,3,1317.3,149.62
2025,3,1318,149.4
2026,3,1318.6,149.39
2027,3,1319.3,149.59
2028,3,1320,149.98
2029,3,1320.6,150.58
2030,3,1321.3,151.38
2031,3,1322,152.37
2032,3,1322.7,153.57
2033,3,1323.4,154.96
2034,3,1324,156.55
2035,3,1324.8,158.33
2036,3,1325.5,160.3
2037,3,1326.2,162.46
2038,3,1326.9,164.79
2039,3,1327.7,167.31
2040,3,1328.5,170
2041,3,1329.2,172.86
2042,3,1330,175.89
2043,3,1330.9,179.07
2044,3,1331.7,182.41
2045,3,1332.5,185.9
2046,3,1333.4,189.53
2047,3,1334.3,193.3
2048,3,1335.2,197.19
2049,3,1336.1,201.21
2050,3,1337,205.33
2051,3,1338,209.57
2052,3,1339,213.9
2053,3,1340,218.32
2054,3,1341,222.83
2055,3,1342.1,227.4
2056,3,1343.1,232.05
2057,3,1344.2,236.74
2058,3,1345.4,241.49
2059,3,1346.5,246.28
2060,3,1347.7,251.09
2061,3,1348.9,255.93
2062,3,1350.1,260.78
2063,3,1351.3,265.64
2064,3,1352.6,270.5
2065,3,1353.9,275.34
2066,3,1355.2,280.17
2067,3,1356.5,284.96
2068,3,1357.9,289.73
2069,3,1359.2,294.45
2070,3,1360.6,299.12
2071,3,1362.1,303.73
2072,3,1363.5,308.28
2073,3,1365,312.76
2074,3,1366.5,317.16
2075,3,1368,321.47
2076,3,1369.5,325.69
2077,3,1371.1,329.82
2078,3,1372.7,333.84
2079,3,1374.3,337.76
2080,3,1375.9,341.56
2081,3,1377.5,345.24
2082,3,1379.2,348.8
2083,3,1380.8,352.22
2084,3,1382.5,355.52
2085,3,1384.2,358.68
2086,3,1385.9,361.69
2087,3,1387.7,364.56
2088,3,1389.4,367.28
2089,3,1391.2,369.86
2090,3,1392.9,372.27
2091,3,1394.7,374.53
2092,3,1396.5,376.63
2093,3,1398.3,378.56
2094,3,1400.2,380.34
2095,3,1402,381.95
2096,3,1403.8,383.39
2097,3,1405.7,384.66
2098,3,1407.6,385.77
2099,3,1409.4,386.7
2100,3,1411.3,387.47
2101,3,1413.2,388.06
2102,3,1415.1,388.49
2103,3,1417,388.74
2104,3,1418.9,388.83
2105,3,1420.8,388.74
2106,3,1422.8,388.49
2107,3,1424.7,388.07
2108,3,1426.6,387.49
2109,3,1428.6,386.74
2110,3,1430.5,385.82
2111,3,1432.4,384.75
2112,3,1434.4,383.52
2113,3,1436.3,382.13
2114,3,1438.2,380.59
2115,3,1440.2,378.9
2116,3,1442.1,377.06
2117,3,1444,375.08
2118,3,1445.9,372.95
2119,3,1447.8,370.69
2120,3,1449.7,368.29
2121,3,1451.6,365.76
2122,3,1453.5,363.11
2123,3,1455.3,360.34
2124,3,1457.1,357.45
2125,3,1459,354.44
2126,3,1460.8,351.33
2127,3,1462.5,348.12
2128,3,1464.3,344.81
2129,3,1466,341.4
2130,3,1467.7,337.91
2131,3,1469.4,334.33
2132,3,1471.1,330.68
2133,3,1472.7,326.96
2134,3,1474.3,323.17
2135,3,1475.9,319.32
2136,3,1477.4,315.41
2137,3,1479,311.45
2138,3,1480.4,307.46
2139,3,1481.9,303.42
2140,3,1483.3,299.35
2141,3,1484.7,295.25
2142,3,1486,291.14
2143,3,1487.3,287.01
2144,3,1488.6,282.86
2145,3,1489.8,278.72
2146,3,1491,274.58
2147,3,1492.1,270.44
2148,3,1493.2,266.32
2149,3,1494.3,262.21
2150,3,1495.3,258.13
2151,3,1496.3,254.07
2152,3,1497.3,250.05
2153,3,1498.2,246.07
2154,3,1499,242.13
2155,3,1499.9,238.24
2156,3,1500.7,234.4
2157,3,1501.4,230.63
2158,3,1502.1,226.92
2159,3,1502.8,223.28
2160,3,1503.4,219.71
2161,3,1504,216.23
2162,3,1504.6,212.83
2163,3,1505.1,209.51
2164,3,1505.6,206.3
2165,3,1506,203.18
2166,3,1506.5,200.17
2167,3,1506.8,197.26
2168,3,1507.2,194.47
2169,3,1507.5,191.8
2170,3,1507.8,189.25
2171,3,1508.1,186.82
2172,3,1508.3,184.52
2173,3,1508.6,182.36
2174,3,1508.7,180.33
2175,3,1508.9,178.45
2176,3,1509.1,176.7
2177,3,1509.2,175.1
2178,3,1509.3,173.66
2179,3,1509.4,172.36
2180,3,1509.4,171.22
2181,3,1509.5,170.23
2182,3,1509.5,169.4
2183,3,1509.5,168.74
2184,3,1509.5,168.23
2185,3,1509.5,167.9
2186,3,1509.5,167.72
2187,3,1509.5,167.72
2188,3,1509.5,167.89
2189,3,1509.4,168.22
2190,3,1509.4,168.73
2191,3,1509.3,169.4
2192,3,1509.2,170.26
2193,3,1509.2,171.28
2194,3,1509.1,172.48
2195,3,1509.1,173.85
2196,3,1509,175.39
2197,3,1508.9,177.11
2198,3,1508.9,179
2199,3,1508.8,181.06
2200,3,1508.8,183.29
2201,3,1508.7,185.69
2202,3,1508.7,188.26
2203,3,1508.6,191
2204,3,1508.6,193.9
2205,3,1508.6,196.96
2206,3,1508.6,200.18
2207,3,1508.6,203.56
2208,3,1508.6,207.1
2209,3,1508.7,210.78
2210,3,1508.7,214.62
2211,3,1508.8,218.59
2212,3,1508.9,222.71
2213,3,1509,226.97
2214,3,1509.1,231.35
2215,3,1509.2,235.87
2216,3,1509.4,240.5
2217,3,1509.6,245.25
2218,3,1509.8,250.11
2219,3,1510,255.08
2220,3,1510.2,260.14
2221,3,1510.5,265.29
2222,3,1510.8,270.53
2223,3,1511.1,275.85
2224,3,1511.4,281.23
2225,3,1511.8,286.68
2226,3,1512.2,292.18
2227,3,1512.6,297.73
2228,3,1513.1,303.32
2229,3,1513.6,308.93
2230,3,1514.1,314.57
2231,3,1514.6,320.22
2232,3,1515.2,325.87
2233,3,1515.8,331.52
2234,3,1516.4,337.15
2235,3,1517.1,342.76
2236,3,1517.8,348.33
2237,3,1518.5,353.86
2238,3,1519.2,359.34
2239,3,1520,364.75
2240,3,1520.8,370.09
2241,3,1521.7,375.36
2242,3,1522.6,380.53
2243,3,1523.5,385.61
2244,3,1524.4,390.59
2245,3,1525.4,395.45
2246,3,1526.4,400.18
2247,3,1527.5,404.8
2248,3,1528.6,409.27
2249,3,1529.7,413.6
2250,3,1530.8,417.79
2251,3,1532,421.82
2252,3,1533.2,425.68
2253,3,1534.4,429.39
2254,3,1535.7,432.92
2255,3,1537,436.27
2256,3,1538.4,439.45
2257,3,1539.7,442.44
2258,3,1541.1,445.25
2259,3,1542.6,447.87
2260,3,1544,450.29
2261,3,1545.5,452.52
2262,3,1547,454.55
2263,3,1548.6,456.39
2264,3,1550.2,458.02
2265,3,1551.8,459.46
2266,3,1553.4,460.69
2267,3,1555,461.72
2268,3,1556.7,462.55
2269,3,1558.4,463.18
2270,3,1560.1,463.61
2271,3,1561.9,463.84
2272,3,1563.6,463.87
2273,3,1565.4,463.71
2274,3,1567.2,463.36
2275,3,1569,462.82
2276,3,1570.8,462.08
2277,3,1572.6,461.17
2278,3,1574.5,460.07
2279,3,1576.3,458.8
2280,3,1578.2,457.36
2281,3,1580.1,455.75
2282,3,1581.9,453.97
2283,3,1583.8,452.04
2284,3,1585.7,449.96
2285,3,1587.5,447.73
2286,3,1589.4,445.37
2287,3,1591.2,442.87
2288,3,1593.1,440.25
2289,3,1594.9,437.51
2290,3,1596.7,434.66
2291,3,1598.5,431.71
2292,3,1600.3,428.66
2293,3,1602.1,425.53
2294,3,1603.8,422.32
2295,3,1605.6,419.05
2296,3,1607.2,415.71
2297,3,1608.9,412.32
2298,3,1610.6,408.9
2299,3,1612.2,405.43
2300,3,1613.7,401.95
2301,3,1615.3,398.44
2302,3,1616.8,394.93
2303,3,1618.2,391.43
2304,3,1619.7,387.93
2305,3,1621.1,384.45
2306,3,1622.4,381
2307,3,1623.7,377.58
2308,3,1625,374.21
2309,3,1626.2,370.89
2310,3,1627.3,367.62
2311,3,1628.5,364.42
2312,3,1629.6,361.28
2313,3,1630.6,358.23
2314,3,1631.6,355.25
2315,3,1632.5,352.37
2316,3,1633.4,349.57
2317,3,1634.3,346.87
2318,3,1635.1,344.27
2319,3,1635.9,341.78
2320,3,1636.6,339.39
2321,3,1637.3,337.11
2322,3,1637.9,334.95
2323,3,1638.5,332.89
2324,3,1639.1,330.95
2325,3,1639.6,329.13
2326,3,1640.1,327.42
2327,3,1640.5,325.82
2328,3,1640.9,324.34
2329,3,1641.3,322.97
2330,3,1641.7,321.72
2331,3,1642,320.57
2332,3,1642.2,319.53
2333,3,1642.5,318.6
2334,3,1642.7,317.77
2335,3,1642.9,317.03
2336,3,1643,316.39
2337,3,1643.2,315.84
2338,3,1643.3,315.37
2339,3,1643.4,314.98
2340,3,1643.5,314.66
2341,3,1643.5,314.41
2342,3,1643.6,314.22
