1,1,281.64,140.32
2,1,281.63,140.34
3,1,281.61,140.35
4,1,281.6,140.36
5,1,281.58,140.38
6,1,281.57,140.39
7,1,281.56,140.4
8,1,281.54,140.42
9,1,281.53,140.43
10,1,281.51,140.44
11,1,281.5,140.46
12,1,281.48,140.47
13,1,281.47,140.49
14,1,281.45,140.5
15,1,281.44,140.51
16,1,281.42,140.53
17,1,281.41,140.54
18,1,281.39,140.56
19,1,281.38,140.57
20,1,281.36,140.58
21,1,281.35,140.6
22,1,281.34,140.61
23,1,281.32,140.62
24,1,281.31,140.64
25,1,281.29,140.65
26,1,281.28,140.66
27,1,281.27,140.68
28,1,281.26,140.69
29,1,281.24,140.7
30,1,281.23,140.71
31,1,281.22,140.72
32,1,281.21,140.74
33,1,281.2,140.75
34,1,281.19,140.76
35,1,281.18,140.77
36,1,281.17,140.78
37,1,281.16,140.79
38,1,281.15,140.8
39,1,281.14,140.81
40,1,281.13,140.82
41,1,281.13,140.83
42,1,281.12,140.83
43,1,281.11,140.84
44,1,281.11,140.85
45,1,281.1,140.86
46,1,281.1,140.86
47,1,281.09,140.87
48,1,281.09,140.88
49,1,281.08,140.88
50,1,281.08,140.89
51,1,281.08,140.9
52,1,281.08,140.9
53,1,281.08,140.9
54,1,281.08,140.91
55,1,281.08,140.91
56,1,281.08,140.92
57,1,281.08,140.92
58,1,281.08,140.92
59,1,281.08,140.93
60,1,281.08,140.93
61,1,281.09,140.93
62,1,281.09,140.93
63,1,281.1,140.93
64,1,281.1,140.93
65,1,281.11,140.93
66,1,281.12,140.94
67,1,281.12,140.94
68,1,281.13,140.93
69,1,281.14,140.93
70,1,281.15,140.93
71,1,281.16,140.93
72,1,281.17,140.93
73,1,281.18,140.93
74,1,281.2,140.93
75,1,281.21,140.92
76,1,281.22,140.92
77,1,281.24,140.92
78,1,281.25,140.91
79,1,281.27,140.91
80,1,281.28,140.91
81,1,281.3,140.9
82,1,281.32,140.9
83,1,281.34,140.89
84,1,281.36,140.89
85,1,281.38,140.88
86,1,281.4,140.88
87,1,281.42,140.87
88,1,281.44,140.86
89,1,281.46,140.86
90,1,281.48,140.85
91,1,281.51,140.84
92,1,281.53,140.84
93,1,281.56,140.83
94,1,281.58,140.82
95,1,281.61,140.81
96,1,281.64,140.81
97,1,281.66,140.8
98,1,281.69,140.79
99,1,281.72,140.78
100,1,281.75,140.77
101,1,281.78,140.76
102,1,281.81,140.76
103,1,281.84,140.75
104,1,281.87,140.74
105,1,281.9,140.73
106,1,281.93,140.72
107,1,281.96,140.71
108,1,281.99,140.7
109,1,282.02,140.69
110,1,282.06,140.68
111,1,282.09,140.67
112,1,282.12,140.66
113,1,282.15,140.66
114,1,282.18,140.65
115,1,282.22,140.64
116,1,282.25,140.63
117,1,282.28,140.62
118,1,282.31,140.61
119,1,282.34,140.6
120,1,282.37,140.6
121,1,282.4,140.59
122,1,282.43,140.58
123,1,282.46,140.57
124,1,282.49,140.57
125,1,282.52,140.56
126,1,282.54,140.55
127,1,282.57,140.55
128,1,282.59,140.54
129,1,282.61,140.54
130,1,282.64,140.54
131,1,282.66,140.53
132,1,282.67,140.53
133,1,282.69,140.53
134,1,282.71,140.52
135,1,282.72,140.52
136,1,282.73,140.52
137,1,282.74,140.52
138,1,282.75,140.53
139,1,282.75,140.53
140,1,282.75,140.53
141,1,282.75,140.54
142,1,282.75,140.54
143,1,282.74,140.55
144,1,282.73,140.56
145,1,282.72,140.57
146,1,282.7,140.58
147,1,282.68,140.59
148,1,282.65,140.6
149,1,282.62,140.61
150,1,282.59,140.63
151,1,282.55,140.65
152,1,282.51,140.67
153,1,282.46,140.69
154,1,282.41,140.71
155,1,282.35,140.73
156,1,282.29,140.76
157,1,282.22,140.79
158,1,282.15,140.82
159,1,282.07,140.85
160,1,281.98,140.88
161,1,281.89,140.92
162,1,281.79,140.96
163,1,281.68,141
164,1,281.56,141.04
165,1,281.44,141.09
166,1,281.31,141.14
167,1,281.17,141.19
168,1,281.03,141.24
169,1,280.87,141.3
170,1,280.71,141.35
171,1,280.54,141.42
172,1,280.36,141.48
173,1,280.17,141.55
174,1,279.97,141.62
175,1,279.76,141.69
176,1,279.54,141.77
177,1,279.31,141.85
178,1,279.07,141.93
179,1,278.82,142.02
180,1,278.55,142.11
181,1,278.28,142.2
182,1,278,142.29
183,1,277.7,142.39
184,1,277.39,142.5
185,1,277.07,142.6
186,1,276.74,142.71
187,1,276.4,142.83
188,1,276.04,142.95
189,1,275.67,143.07
190,1,275.29,143.19
191,1,274.9,143.32
192,1,274.49,143.45
193,1,274.07,143.59
194,1,273.64,143.73
195,1,273.19,143.87
196,1,272.73,144.02
197,1,272.26,144.17
198,1,271.77,144.32
199,1,271.28,144.48
200,1,270.77,144.64
201,1,270.24,144.8
202,1,269.7,144.97
203,1,269.15,145.14
204,1,268.59,145.32
205,1,268.02,145.49
206,1,267.43,145.67
207,1,266.83,145.86
208,1,266.22,146.04
209,1,265.6,146.23
210,1,264.96,146.42
211,1,264.32,146.62
212,1,263.66,146.81
213,1,263,147.01
214,1,262.32,147.21
215,1,261.64,147.41
216,1,260.94,147.62
217,1,260.24,147.82
218,1,259.53,148.03
219,1,258.81,148.23
220,1,258.09,148.44
221,1,257.36,148.65
222,1,256.63,148.86
223,1,255.88,149.07
224,1,255.14,149.28
225,1,254.39,149.49
226,1,253.64,149.7
227,1,252.88,149.91
228,1,252.13,150.12
229,1,251.37,150.33
230,1,250.61,150.54
231,1,249.85,150.75
232,1,249.1,150.96
233,1,248.34,151.16
234,1,247.59,151.37
235,1,246.84,151.57
236,1,246.09,151.77
237,1,245.35,151.97
238,1,244.61,152.17
239,1,243.88,152.37
240,1,243.15,152.56
241,1,242.43,152.75
242,1,241.71,152.94
243,1,241.01,153.13
244,1,240.31,153.31
245,1,239.62,153.49
246,1,238.95,153.67
247,1,238.28,153.84
248,1,237.62,154.01
249,1,236.97,154.18
250,1,236.33,154.35
251,1,235.71,154.51
252,1,235.1,154.66
253,1,234.49,154.82
254,1,233.9,154.97
255,1,233.33,155.12
256,1,232.76,155.26
257,1,232.21,155.4
258,1,231.67,155.54
259,1,231.15,155.67
260,1,230.64,155.8
261,1,230.14,155.92
262,1,229.65,156.04
263,1,229.18,156.16
264,1,228.72,156.27
265,1,228.28,156.38
266,1,227.85,156.49
267,1,227.43,156.6
268,1,227.02,156.7
269,1,226.63,156.79
270,1,226.25,156.88
271,1,225.88,156.97
272,1,225.53,157.06
273,1,225.18,157.14
274,1,224.85,157.22
275,1,224.53,157.3
276,1,224.23,157.37
277,1,223.93,157.44
278,1,223.65,157.51
279,1,223.38,157.58
280,1,223.12,157.64
281,1,222.87,157.7
282,1,222.63,157.75
283,1,222.4,157.81
284,1,222.19,157.86
285,1,221.98,157.91
286,1,221.78,157.95
287,1,221.59,158
288,1,221.41,158.04
289,1,221.24,158.08
290,1,221.08,158.11
291,1,220.93,158.15
292,1,220.79,158.18
293,1,220.65,158.21
294,1,220.52,158.24
295,1,220.4,158.26
296,1,220.29,158.29
297,1,220.18,158.31
298,1,220.08,158.33
299,1,219.99,158.35
300,1,219.91,158.37
301,1,219.83,158.39
302,1,219.75,158.4
303,1,219.69,158.42
304,1,219.62,158.43
305,1,219.57,158.44
306,1,219.52,158.45
307,1,219.47,158.46
308,1,219.43,158.46
309,1,219.39,158.47
310,1,219.36,158.48
311,1,219.33,158.48
312,1,219.31,158.48
313,1,219.29,158.49
314,1,219.27,158.49
315,1,219.25,158.49
316,1,219.24,158.49
317,1,219.24,158.49
318,1,219.23,158.49
319,1,219.23,158.48
320,1,219.23,158.48
321,1,219.23,158.48
322,1,219.24,158.48
323,1,219.25,158.47
324,1,219.26,158.47
325,1,219.27,158.46
326,1,219.28,158.46
327,1,219.3,158.45
328,1,219.31,158.45
329,1,219.33,158.44
330,1,219.35,158.43
331,1,219.37,158.43
332,1,219.39,158.42
333,1,219.41,158.41
334,1,219.44,158.41
335,1,219.46,158.4
336,1,219.48,158.39
337,1,219.51,158.38
338,1,219.53,158.38
339,1,219.56,158.37
340,1,219.59,158.36
341,1,219.61,158.35
342,1,219.64,158.35
343,1,219.66,158.34
344,1,219.69,158.33
345,1,219.72,158.32
346,1,219.74,158.32
347,1,219.77,158.31
348,1,219.79,158.3
349,1,219.82,158.29
350,1,219.84,158.29
351,1,219.87,158.28
352,1,219.89,158.27
353,1,219.92,158.27
354,1,219.94,158.26
355,1,219.96,158.26
356,1,219.98,158.25
357,1,220.01,158.24
358,1,220.03,158.24
359,1,220.05,158.23
360,1,220.07,158.23
361,1,220.09,158.22
362,1,220.1,158.22
363,1,220.12,158.21
364,1,220.14,158.21
365,1,220.15,158.2
366,1,220.17,158.2
367,1,220.18,158.2
368,1,220.2,158.19
369,1,220.21,158.19
370,1,220.22,158.19
371,1,220.23,158.18
372,1,220.25,158.18
373,1,220.26,158.18
374,1,220.26,158.17
375,1,220.27,158.17
376,1,220.28,158.17
377,1,220.29,158.17
378,1,220.29,158.17
379,1,220.3,158.16
380,1,220.3,158.16
381,1,220.31,158.16
382,1,220.31,158.16
383,1,220.31,158.16
384,1,220.32,158.16
385,1,220.32,158.16
386,1,220.32,158.16
387,1,220.32,158.16
388,1,220.32,158.16
389,1,220.32,158.16
390,1,220.32,158.16
391,1,220.32,158.16
392,1,220.32,158.16
393,1,220.31,158.16
394,1,220.31,158.16
395,1,220.31,158.16
396,1,220.31,158.16
397,1,220.3,158.16
398,1,220.3,158.16
399,1,220.3,158.16
400,1,220.29,158.16
401,1,220.29,158.16
402,1,220.28,158.16
403,1,220.28,158.16
404,1,220.27,158.16
405,1,220.27,158.16
406,1,220.26,158.16
407,1,220.26,158.16
408,1,220.25,158.16
409,1,220.25,158.16
410,1,220.24,158.16
411,1,220.24,158.16
412,1,220.23,158.16
413,1,220.23,158.16
414,1,220.22,158.16
415,1,220.22,158.16
416,1,220.21,158.15
417,1,220.21,158.15
418,1,220.2,158.15
419,1,220.2,158.15
420,1,220.19,158.15
421,1,220.19,158.14
422,1,220.19,158.14
423,1,220.18,158.13
424,1,220.18,158.13
425,1,220.17,158.13
426,1,220.17,158.12
427,1,220.16,158.11
428,1,220.16,158.11
429,1,220.16,158.1
430,1,220.15,158.09
431,1,220.15,158.09
432,1,220.14,158.08
433,1,220.14,158.07
434,1,220.14,158.06
435,1,220.14,158.05
436,1,220.13,158.04
437,1,220.13,158.02
438,1,220.13,158.01
439,1,220.12,158
440,1,220.12,157.98
441,1,220.12,157.97
442,1,220.12,157.95
443,1,220.12,157.94
444,1,220.11,157.92
445,1,220.11,157.9
446,1,220.11,157.88
447,1,220.11,157.86
448,1,220.11,157.84
449,1,220.11,157.81
450,1,220.11,157.79
451,1,220.11,157.77
452,1,220.11,157.74
453,1,220.1,157.71
454,1,220.1,157.69
455,1,220.1,157.66
456,1,220.1,157.63
457,1,220.1,157.59
458,1,220.1,157.56
459,1,220.1,157.53
460,1,220.11,157.49
461,1,220.11,157.46
462,1,220.11,157.42
463,1,220.11,157.38
464,1,220.11,157.34
465,1,220.11,157.3
466,1,220.11,157.26
467,1,220.11,157.21
468,1,220.11,157.17
469,1,220.11,157.12
470,1,220.11,157.07
471,1,220.12,157.02
472,1,220.12,156.97
473,1,220.12,156.92
474,1,220.12,156.87
475,1,220.12,156.81
476,1,220.12,156.76
477,1,220.12,156.7
478,1,220.12,156.64
479,1,220.13,156.58
480,1,220.13,156.52
481,1,220.13,156.46
482,1,220.13,156.4
483,1,220.13,156.33
484,1,220.13,156.27
485,1,220.13,156.2
486,1,220.13,156.14
487,1,220.13,156.07
488,1,220.13,156
489,1,220.13,155.93
490,1,220.13,155.86
491,1,220.13,155.79
492,1,220.13,155.72
493,1,220.13,155.65
494,1,220.13,155.58
495,1,220.13,155.5
496,1,220.13,155.43
497,1,220.13,155.36
498,1,220.13,155.29
499,1,220.13,155.21
500,1,220.13,155.14
501,1,220.12,155.07
502,1,220.12,155
503,1,220.12,154.93
504,1,220.12,154.86
505,1,220.11,154.79
506,1,220.11,154.72
507,1,220.1,154.66
508,1,220.1,154.59
509,1,220.09,154.53
510,1,220.09,154.47
511,1,220.08,154.41
512,1,220.07,154.35
513,1,220.07,154.3
514,1,220.06,154.25
515,1,220.05,154.2
516,1,220.04,154.15
517,1,220.03,154.11
518,1,220.02,154.07
519,1,220.01,154.04
520,1,220,154.01
521,1,219.98,153.99
522,1,219.97,153.97
523,1,219.96,153.95
524,1,219.94,153.94
525,1,219.93,153.94
526,1,219.91,153.94
527,1,219.89,153.95
528,1,219.88,153.97
529,1,219.86,153.99
530,1,219.84,154.03
531,1,219.82,154.06
532,1,219.8,154.11
533,1,219.77,154.17
534,1,219.75,154.24
535,1,219.73,154.31
536,1,219.7,154.4
537,1,219.68,154.5
538,1,219.65,154.61
539,1,219.62,154.73
540,1,219.59,154.86
541,1,219.56,155
542,1,219.53,155.16
543,1,219.5,155.33
544,1,219.46,155.52
545,1,219.43,155.72
546,1,219.39,155.93
547,1,219.36,156.16
548,1,219.32,156.41
549,1,219.28,156.67
550,1,219.24,156.95
551,1,219.2,157.25
552,1,219.16,157.57
553,1,219.12,157.9
554,1,219.07,158.26
555,1,219.03,158.63
556,1,218.98,159.02
557,1,218.93,159.44
558,1,218.88,159.87
559,1,218.83,160.33
560,1,218.78,160.81
561,1,218.73,161.32
562,1,218.68,161.85
563,1,218.63,162.4
564,1,218.57,162.97
565,1,218.52,163.57
566,1,218.46,164.2
567,1,218.4,164.85
568,1,218.35,165.53
569,1,218.29,166.24
570,1,218.23,166.97
571,1,218.17,167.73
572,1,218.11,168.52
573,1,218.05,169.34
574,1,217.99,170.18
575,1,217.93,171.05
576,1,217.87,171.96
577,1,217.81,172.89
578,1,217.74,173.85
579,1,217.68,174.85
580,1,217.62,175.87
581,1,217.56,176.92
582,1,217.5,178.01
583,1,217.44,179.12
584,1,217.38,180.26
585,1,217.32,181.43
586,1,217.27,182.64
587,1,217.21,183.87
588,1,217.15,185.13
589,1,217.1,186.43
590,1,217.05,187.75
591,1,217,189.1
592,1,216.95,190.48
593,1,216.9,191.88
594,1,216.85,193.32
595,1,216.81,194.78
596,1,216.76,196.27
597,1,216.72,197.78
598,1,216.69,199.32
599,1,216.65,200.88
600,1,216.62,202.47
601,1,216.59,204.08
602,1,216.57,205.71
603,1,216.54,207.37
604,1,216.52,209.04
605,1,216.51,210.74
606,1,216.5,212.45
607,1,216.49,214.19
608,1,216.48,215.94
609,1,216.48,217.7
610,1,216.49,219.49
611,1,216.5,221.28
612,1,216.51,223.09
613,1,216.53,224.92
614,1,216.56,226.75
615,1,216.59,228.6
616,1,216.62,230.45
617,1,216.66,232.31
618,1,216.71,234.19
619,1,216.77,236.06
620,1,216.83,237.95
621,1,216.9,239.83
622,1,216.97,241.73
623,1,217.05,243.62
624,1,217.14,245.51
625,1,217.24,247.41
626,1,217.34,249.31
627,1,217.46,251.2
628,1,217.58,253.09
629,1,217.71,254.98
630,1,217.85,256.86
631,1,218,258.74
632,1,218.15,260.61
633,1,218.32,262.47
634,1,218.5,264.33
635,1,218.69,266.18
636,1,218.88,268.02
637,1,219.09,269.85
638,1,219.31,271.67
639,1,219.54,273.47
640,1,219.78,275.27
641,1,220.04,277.05
642,1,220.3,278.82
643,1,220.58,280.58
644,1,220.87,282.32
645,1,221.17,284.05
646,1,221.48,285.76
647,1,221.81,287.46
648,1,222.15,289.15
649,1,222.51,290.82
650,1,222.87,292.47
651,1,223.25,294.11
652,1,223.65,295.73
653,1,224.06,297.34
654,1,224.48,298.93
655,1,224.92,300.5
656,1,225.37,302.06
657,1,225.84,303.6
658,1,226.32,305.13
659,1,226.82,306.64
660,1,227.33,308.14
661,1,227.86,309.62
662,1,228.41,311.09
663,1,228.97,312.54
664,1,229.54,313.97
665,1,230.13,315.39
666,1,230.74,316.8
667,1,231.37,318.19
668,1,232.01,319.57
669,1,232.67,320.93
670,1,233.34,322.28
671,1,234.03,323.62
672,1,234.74,324.94
673,1,235.46,326.25
674,1,236.2,327.55
675,1,236.96,328.84
676,1,237.73,330.11
677,1,238.52,331.37
678,1,239.33,332.62
679,1,240.15,333.86
680,1,240.99,335.08
681,1,241.84,336.3
682,1,242.72,337.5
683,1,243.6,338.7
684,1,244.51,339.88
685,1,245.43,341.06
686,1,246.36,342.23
687,1,247.32,343.38
688,1,248.29,344.53
689,1,249.27,345.67
690,1,250.27,346.81
691,1,251.28,347.93
692,1,252.31,349.05
693,1,253.36,350.16
694,1,254.42,351.27
695,1,255.49,352.36
696,1,256.58,353.46
697,1,257.68,354.54
698,1,258.8,355.62
699,1,259.93,356.7
700,1,261.07,357.77
701,1,262.23,358.84
702,1,263.4,359.9
703,1,264.58,360.96
704,1,265.77,362.02
705,1,266.98,363.07
706,1,268.2,364.12
707,1,269.43,365.17
708,1,270.67,366.22
709,1,271.92,367.26
710,1,273.18,368.31
711,1,274.45,369.35
712,1,275.73,370.39
713,1,277.03,371.44
714,1,278.33,372.48
715,1,279.64,373.52
716,1,280.95,374.57
717,1,282.28,375.62
718,1,283.61,376.67
719,1,284.96,377.72
720,1,286.31,378.77
721,1,287.66,379.83
722,1,289.02,380.89
723,1,290.39,381.95
724,1,291.77,383.02
725,1,293.15,384.09
726,1,294.54,385.17
727,1,295.93,386.25
728,1,297.33,387.33
729,1,298.73,388.42
730,1,300.13,389.51
731,1,301.55,390.61
732,1,302.96,391.72
733,1,304.38,392.83
734,1,305.8,393.94
735,1,307.23,395.06
736,1,308.66,396.19
737,1,310.09,397.32
738,1,311.52,398.46
739,1,312.96,399.6
740,1,314.39,400.75
741,1,315.83,401.9
742,1,317.27,403.06
743,1,318.71,404.23
744,1,320.16,405.39
745,1,321.6,406.57
746,1,323.04,407.74
747,1,324.48,408.92
748,1,325.93,410.11
749,1,327.37,411.3
750,1,328.81,412.49
751,1,330.24,413.68
752,1,331.68,414.88
753,1,333.11,416.08
754,1,334.54,417.28
755,1,335.97,418.48
756,1,337.39,419.68
757,1,338.81,420.88
758,1,340.22,422.08
759,1,341.63,423.28
760,1,343.04,424.48
761,1,344.43,425.68
762,1,345.82,426.87
763,1,347.21,428.06
764,1,348.58,429.24
765,1,349.95,430.42
766,1,351.31,431.6
767,1,352.66,432.76
768,1,354,433.92
769,1,355.32,435.07
770,1,356.64,436.22
771,1,357.95,437.35
772,1,359.24,438.47
773,1,360.53,439.58
774,1,361.8,440.68
775,1,363.05,441.76
776,1,364.3,442.83
777,1,365.53,443.88
778,1,366.74,444.92
779,1,367.94,445.94
780,1,369.13,446.95
781,1,370.3,447.93
782,1,371.45,448.9
783,1,372.59,449.85
784,1,373.72,450.78
785,1,374.82,451.68
786,1,375.92,452.57
787,1,376.99,453.43
788,1,378.05,454.27
789,1,379.1,455.08
790,1,380.13,455.87
791,1,381.14,456.63
792,1,382.14,457.37
793,1,383.13,458.08
794,1,384.1,458.77
795,1,385.05,459.43
796,1,385.99,460.05
797,1,386.92,460.65
798,1,387.84,461.22
799,1,388.74,461.76
800,1,389.63,462.27
801,1,390.51,462.74
802,1,391.38,463.18
803,1,392.23,463.59
804,1,393.08,463.97
805,1,393.92,464.31
806,1,394.74,464.62
807,1,395.56,464.89
808,1,396.37,465.13
809,1,397.18,465.32
810,1,397.97,465.48
811,1,398.76,465.61
812,1,399.55,465.69
813,1,400.33,465.73
814,1,401.11,465.73
815,1,401.88,465.7
816,1,402.65,465.61
817,1,403.42,465.49
818,1,404.19,465.32
819,1,404.95,465.11
820,1,405.71,464.86
821,1,406.48,464.55
822,1,407.24,464.21
823,1,408.01,463.81
824,1,408.78,463.37
825,1,409.55,462.88
826,1,410.32,462.33
827,1,411.1,461.74
828,1,411.88,461.1
829,1,412.67,460.41
830,1,413.46,459.66
831,1,414.26,458.87
832,1,415.06,458.02
833,1,415.87,457.11
834,1,416.69,456.15
835,1,417.51,455.13
836,1,418.34,454.06
837,1,419.18,452.94
838,1,420.02,451.75
839,1,420.88,450.51
840,1,421.74,449.21
841,1,422.61,447.85
842,1,423.49,446.43
843,1,424.38,444.96
844,1,425.28,443.42
845,1,426.19,441.83
846,1,427.11,440.17
847,1,428.03,438.46
848,1,428.97,436.68
849,1,429.91,434.85
850,1,430.87,432.95
851,1,431.83,430.99
852,1,432.8,428.98
853,1,433.78,426.9
854,1,434.77,424.77
855,1,435.76,422.57
856,1,436.77,420.31
857,1,437.78,418
858,1,438.79,415.63
859,1,439.82,413.2
860,1,440.85,410.71
861,1,441.89,408.17
862,1,442.93,405.56
863,1,443.98,402.91
864,1,445.03,400.2
865,1,446.09,397.44
866,1,447.15,394.62
867,1,448.22,391.75
868,1,449.29,388.83
869,1,450.36,385.87
870,1,451.43,382.85
871,1,452.5,379.79
872,1,453.58,376.68
873,1,454.65,373.53
874,1,455.73,370.34
875,1,456.8,367.1
876,1,457.87,363.83
877,1,458.94,360.51
878,1,460.01,357.17
879,1,461.07,353.79
880,1,462.13,350.37
881,1,463.18,346.93
882,1,464.23,343.45
883,1,465.28,339.95
884,1,466.31,336.43
885,1,467.34,332.88
886,1,468.37,329.32
887,1,469.38,325.73
888,1,470.39,322.13
889,1,471.38,318.51
890,1,472.37,314.88
891,1,473.34,311.24
892,1,474.3,307.6
893,1,475.26,303.94
894,1,476.19,300.29
895,1,477.12,296.63
896,1,478.03,292.97
897,1,478.93,289.31
898,1,479.81,285.66
899,1,480.68,282.01
900,1,481.53,278.37
901,1,482.37,274.74
902,1,483.19,271.12
903,1,483.99,267.51
904,1,484.78,263.92
905,1,485.55,260.34
906,1,486.3,256.78
907,1,487.03,253.24
908,1,487.75,249.72
909,1,488.44,246.23
910,1,489.12,242.75
911,1,489.78,239.3
912,1,490.42,235.88
913,1,491.04,232.48
914,1,491.64,229.11
915,1,492.23,225.77
916,1,492.79,222.46
917,1,493.33,219.18
918,1,493.86,215.94
919,1,494.37,212.72
920,1,494.85,209.54
921,1,495.32,206.4
922,1,495.77,203.29
923,1,496.21,200.23
924,1,496.62,197.19
925,1,497.02,194.2
926,1,497.4,191.25
927,1,497.76,188.34
928,1,498.1,185.47
929,1,498.43,182.64
930,1,498.74,179.85
931,1,499.03,177.11
932,1,499.31,174.41
933,1,499.57,171.76
934,1,499.82,169.15
935,1,500.05,166.59
936,1,500.27,164.08
937,1,500.47,161.61
938,1,500.66,159.19
939,1,500.83,156.82
940,1,500.99,154.5
941,1,501.14,152.23
942,1,501.27,150.01
943,1,501.39,147.84
944,1,501.5,145.72
945,1,501.6,143.66
946,1,501.68,141.64
947,1,501.76,139.68
948,1,501.82,137.77
949,1,501.87,135.91
950,1,501.91,134.1
951,1,501.94,132.35
952,1,501.96,130.65
953,1,501.97,129.01
954,1,501.97,127.41
955,1,501.96,125.87
956,1,501.94,124.39
957,1,501.91,122.96
958,1,501.87,121.58
959,1,501.83,120.25
960,1,501.77,118.98
961,1,501.71,117.76
962,1,501.64,116.59
963,1,501.56,115.48
964,1,501.47,114.42
965,1,501.37,113.41
966,1,501.27,112.45
967,1,501.16,111.55
968,1,501.04,110.69
969,1,500.91,109.89
970,1,500.78,109.15
971,1,500.64,108.45
972,1,500.49,107.81
973,1,500.33,107.22
974,1,500.17,106.68
975,1,500.01,106.19
976,1,499.83,105.75
977,1,499.65,105.37
978,1,499.46,105.03
979,1,499.27,104.75
980,1,499.07,104.52
981,1,498.87,104.35
982,1,498.66,104.22
983,1,498.44,104.15
984,1,498.22,104.13
985,1,497.99,104.16
986,1,497.75,104.25
987,1,497.51,104.39
988,1,497.27,104.59
989,1,497.02,104.83
990,1,496.76,105.14
991,1,496.5,105.49
992,1,496.23,105.91
993,1,495.96,106.37
994,1,495.69,106.9
995,1,495.41,107.48
996,1,495.13,108.12
997,1,494.84,108.81
998,1,494.54,109.56
999,1,494.25,110.37
1000,1,493.95,111.24
1001,1,493.64,112.17
1002,1,493.34,113.16
1003,1,493.03,114.21
1004,1,492.71,115.32
1005,1,492.4,116.49
1006,1,492.08,117.73
1007,1,491.75,119.02
1008,1,491.43,120.38
1009,1,491.11,121.8
1010,1,490.78,123.29
1011,1,490.45,124.84
1012,1,490.12,126.45
1013,1,489.79,128.13
1014,1,489.46,129.87
1015,1,489.12,131.68
1016,1,488.79,133.56
1017,1,488.46,135.5
1018,1,488.13,137.5
1019,1,487.8,139.57
1020,1,487.47,141.71
1021,1,487.15,143.91
1022,1,486.83,146.18
1023,1,486.51,148.51
1024,1,486.19,150.91
1025,1,485.88,153.37
1026,1,485.58,155.89
1027,1,485.27,158.48
1028,1,484.98,161.13
1029,1,484.69,163.84
1030,1,484.41,166.62
1031,1,484.14,169.45
1032,1,483.88,172.34
1033,1,483.62,175.29
1034,1,483.38,178.3
1035,1,483.15,181.36
1036,1,482.93,184.47
1037,1,482.72,187.63
1038,1,482.52,190.85
1039,1,482.34,194.11
1040,1,482.18,197.41
1041,1,482.03,200.77
1042,1,481.9,204.16
1043,1,481.79,207.59
1044,1,481.69,211.07
1045,1,481.61,214.57
1046,1,481.55,218.11
1047,1,481.52,221.69
1048,1,481.5,225.29
1049,1,481.5,228.92
1050,1,481.53,232.58
1051,1,481.58,236.26
1052,1,481.65,239.96
1053,1,481.74,243.67
1054,1,481.86,247.41
1055,1,482,251.16
1056,1,482.17,254.92
1057,1,482.36,258.69
1058,1,482.57,262.47
1059,1,482.81,266.26
1060,1,483.08,270.04
1061,1,483.37,273.83
1062,1,483.68,277.62
1063,1,484.02,281.41
1064,1,484.39,285.19
1065,1,484.78,288.97
1066,1,485.2,292.73
1067,1,485.64,296.49
1068,1,486.1,300.23
1069,1,486.6,303.96
1070,1,487.11,307.67
1071,1,487.66,311.36
1072,1,488.23,315.03
1073,1,488.82,318.67
1074,1,489.44,322.3
1075,1,490.08,325.89
1076,1,490.75,329.45
1077,1,491.44,332.99
1078,1,492.16,336.49
1079,1,492.9,339.96
1080,1,493.67,343.38
1081,1,494.46,346.78
1082,1,495.27,350.13
1083,1,496.1,353.43
1084,1,496.96,356.7
1085,1,497.84,359.92
1086,1,498.74,363.09
1087,1,499.67,366.21
1088,1,500.61,369.28
1089,1,501.57,372.3
1090,1,502.56,375.26
1091,1,503.56,378.17
1092,1,504.58,381.03
1093,1,505.63,383.82
1094,1,506.69,386.56
1095,1,507.76,389.24
1096,1,508.86,391.86
1097,1,509.97,394.41
1098,1,511.1,396.9
1099,1,512.24,399.33
1100,1,513.4,401.7
1101,1,514.58,404
1102,1,515.77,406.24
1103,1,516.97,408.4
1104,1,518.19,410.51
1105,1,519.42,412.54
1106,1,520.66,414.51
1107,1,521.91,416.41
1108,1,523.18,418.24
1109,1,524.46,420
1110,1,525.75,421.7
1111,1,527.06,423.32
1112,1,528.37,424.88
1113,1,529.69,426.36
1114,1,531.03,427.78
1115,1,532.37,429.12
1116,1,533.73,430.39
1117,1,535.09,431.6
1118,1,536.46,432.73
1119,1,537.84,433.8
1120,1,539.23,434.79
1121,1,540.63,435.71
1122,1,542.03,436.56
1123,1,543.44,437.34
1124,1,544.86,438.05
1125,1,546.29,438.69
1126,1,547.72,439.26
1127,1,549.16,439.75
1128,1,550.61,440.18
1129,1,552.06,440.53
1130,1,553.52,440.82
1131,1,554.98,441.03
1132,1,556.45,441.17
1133,1,557.92,441.24
1134,1,559.4,441.24
1135,1,560.88,441.16
1136,1,562.37,441.02
1137,1,563.86,440.81
1138,1,565.35,440.52
1139,1,566.85,440.16
1140,1,568.35,439.73
1141,1,569.85,439.23
1142,1,571.36,438.66
1143,1,572.87,438.02
1144,1,574.37,437.31
1145,1,575.88,436.52
1146,1,577.39,435.67
1147,1,578.9,434.74
1148,1,580.42,433.74
1149,1,581.93,432.68
1150,1,583.44,431.54
1151,1,584.94,430.32
1152,1,586.45,429.04
1153,1,587.96,427.69
1154,1,589.46,426.26
1155,1,590.96,424.77
1156,1,592.46,423.2
1157,1,593.95,421.56
1158,1,595.44,419.85
1159,1,596.93,418.07
1160,1,598.41,416.22
1161,1,599.89,414.3
1162,1,601.36,412.3
1163,1,602.82,410.23
1164,1,604.28,408.1
1165,1,605.74,405.89
1166,1,607.18,403.61
1167,1,608.62,401.26
1168,1,610.05,398.84
1169,1,611.48,396.35
1170,1,612.89,393.79
1171,1,614.3,391.16
1172,1,615.69,388.46
1173,1,617.08,385.69
1174,1,618.45,382.86
1175,1,619.82,379.95
1176,1,621.17,376.98
1177,1,622.51,373.95
1178,1,623.84,370.85
1179,1,625.16,367.68
1180,1,626.46,364.45
1181,1,627.75,361.16
1182,1,629.02,357.81
1183,1,630.28,354.4
1184,1,631.52,350.93
1185,1,632.75,347.4
1186,1,633.96,343.82
1187,1,635.15,340.19
1188,1,636.33,336.5
1189,1,637.48,332.77
1190,1,638.62,328.99
1191,1,639.74,325.17
1192,1,640.84,321.3
1193,1,641.92,317.39
1194,1,642.98,313.45
1195,1,644.02,309.47
1196,1,645.03,305.46
1197,1,646.03,301.42
1198,1,647,297.35
1199,1,647.95,293.26
1200,1,648.88,289.15
1201,1,649.79,285.03
1202,1,650.67,280.89
1203,1,651.53,276.73
1204,1,652.37,272.58
1205,1,653.18,268.41
1206,1,653.97,264.25
1207,1,654.74,260.08
1208,1,655.48,255.93
1209,1,656.2,251.78
1210,1,656.89,247.64
1211,1,657.57,243.52
1212,1,658.21,239.42
1213,1,658.84,235.34
1214,1,659.44,231.29
1215,1,660.02,227.27
1216,1,660.58,223.28
1217,1,661.12,219.33
1218,1,661.63,215.41
1219,1,662.12,211.55
1220,1,662.59,207.72
1221,1,663.04,203.95
1222,1,663.47,200.23
1223,1,663.87,196.56
1224,1,664.26,192.96
1225,1,664.63,189.42
1226,1,664.97,185.94
1227,1,665.3,182.53
1228,1,665.61,179.2
1229,1,665.91,175.94
1230,1,666.18,172.75
1231,1,666.44,169.64
1232,1,666.68,166.62
1233,1,666.91,163.68
1234,1,667.12,160.83
1235,1,667.32,158.06
1236,1,667.5,155.39
1237,1,667.68,152.81
1238,1,667.83,150.32
1239,1,667.98,147.93
1240,1,668.11,145.64
1241,1,668.24,143.45
1242,1,668.35,141.37
1243,1,668.46,139.39
1244,1,668.55,137.51
1245,1,668.64,135.74
1246,1,668.73,134.09
1247,1,668.8,132.54
1248,1,668.87,131.1
1249,1,668.94,129.78
1250,1,669,128.58
1251,1,669.05,127.49
1252,1,669.11,126.52
1253,1,669.16,125.67
1254,1,669.21,124.94
1255,1,669.26,124.33
1256,1,669.31,123.84
1257,1,669.36,123.48
1258,1,669.41,123.25
1259,1,669.46,123.14
1260,1,669.51,123.15
1261,1,669.57,123.29
1262,1,669.63,123.57
1263,1,669.7,123.97
1264,1,669.77,124.5
1265,1,669.84,125.16
1266,1,669.93,125.96
1267,1,670.02,126.89
1268,1,670.11,127.94
1269,1,670.22,129.14
1270,1,670.33,130.46
1271,1,670.45,131.92
1272,1,670.58,133.52
1273,1,670.72,135.25
1274,1,670.87,137.11
1275,1,671.04,139.11
1276,1,671.21,141.24
1277,1,671.4,143.51
1278,1,671.6,145.91
1279,1,671.81,148.44
1280,1,672.03,151.11
1281,1,672.27,153.91
1282,1,672.52,156.84
1283,1,672.79,159.91
1284,1,673.07,163.1
1285,1,673.37,166.43
1286,1,673.69,169.88
1287,1,674.02,173.46
1288,1,674.36,177.17
1289,1,674.73,181
1290,1,675.11,184.95
1291,1,675.5,189.02
1292,1,675.92,193.21
1293,1,676.35,197.52
1294,1,676.8,201.94
1295,1,677.27,206.46
1296,1,677.76,211.1
1297,1,678.26,215.84
1298,1,678.79,220.67
1299,1,679.33,225.61
1300,1,679.89,230.64
1301,1,680.47,235.75
1302,1,681.06,240.95
1303,1,681.68,246.23
1304,1,682.31,251.58
1305,1,682.97,257
1306,1,683.64,262.48
1307,1,684.32,268.02
1308,1,685.03,273.61
1309,1,685.75,279.25
1310,1,686.49,284.93
1311,1,687.25,290.64
1312,1,688.03,296.37
1313,1,688.82,302.13
1314,1,689.63,307.9
1315,1,690.45,313.67
1316,1,691.29,319.45
1317,1,692.15,325.21
1318,1,693.02,330.96
1319,1,693.91,336.69
1320,1,694.81,342.38
1321,1,695.73,348.04
1322,1,696.66,353.66
1323,1,697.6,359.22
1324,1,698.56,364.72
1325,1,699.53,370.16
1326,1,700.51,375.53
1327,1,701.51,380.81
1328,1,702.52,386.01
1329,1,703.54,391.12
1330,1,704.57,396.14
1331,1,705.62,401.05
1332,1,706.67,405.85
1333,1,707.74,410.53
1334,1,708.82,415.1
1335,1,709.9,419.54
1336,1,711,423.86
1337,1,712.11,428.04
1338,1,713.23,432.09
1339,1,714.36,435.99
1340,1,715.5,439.76
1341,1,716.65,443.37
1342,1,717.81,446.84
1343,1,718.98,450.15
1344,1,720.15,453.32
1345,1,721.34,456.32
1346,1,722.54,459.17
1347,1,723.75,461.85
1348,1,724.96,464.38
1349,1,726.19,466.75
1350,1,727.42,468.95
1351,1,728.67,470.99
1352,1,729.92,472.86
1353,1,731.18,474.57
1354,1,732.45,476.11
1355,1,733.73,477.49
1356,1,735.01,478.7
1357,1,736.31,479.75
1358,1,737.61,480.64
1359,1,738.92,481.36
1360,1,740.23,481.92
1361,1,741.56,482.32
1362,1,742.89,482.56
1363,1,744.22,482.64
1364,1,745.56,482.56
1365,1,746.9,482.33
1366,1,748.25,481.94
1367,1,749.59,481.41
1368,1,750.95,480.72
1369,1,752.3,479.88
1370,1,753.65,478.9
1371,1,755,477.78
1372,1,756.35,476.52
1373,1,757.7,475.12
1374,1,759.05,473.59
1375,1,760.39,471.92
1376,1,761.72,470.13
1377,1,763.05,468.21
1378,1,764.37,466.18
1379,1,765.69,464.02
1380,1,766.99,461.74
1381,1,768.28,459.36
1382,1,769.56,456.87
1383,1,770.83,454.27
1384,1,772.08,451.57
1385,1,773.32,448.77
1386,1,774.54,445.88
1387,1,775.75,442.9
1388,1,776.93,439.83
1389,1,778.1,436.68
1390,1,779.25,433.45
1391,1,780.38,430.14
1392,1,781.48,426.76
1393,1,782.57,423.31
1394,1,783.63,419.8
1395,1,784.67,416.22
1396,1,785.68,412.59
1397,1,786.67,408.9
1398,1,787.63,405.17
1399,1,788.57,401.38
1400,1,789.48,397.55
1401,1,790.37,393.69
1402,1,791.23,389.78
1403,1,792.06,385.85
1404,1,792.86,381.88
1405,1,793.64,377.89
1406,1,794.38,373.87
1407,1,795.1,369.84
1408,1,795.79,365.79
1409,1,796.46,361.73
1410,1,797.09,357.65
1411,1,797.7,353.57
1412,1,798.27,349.49
1413,1,798.82,345.41
1414,1,799.34,341.32
1415,1,799.83,337.25
1416,1,800.29,333.18
1417,1,800.73,329.11
1418,1,801.14,325.06
1419,1,801.52,321.03
1420,1,801.87,317.01
1421,1,802.2,313.01
1422,1,802.49,309.03
1423,1,802.77,305.06
1424,1,803.01,301.13
1425,1,803.23,297.21
1426,1,803.43,293.33
1427,1,803.6,289.47
1428,1,803.75,285.63
1429,1,803.87,281.83
1430,1,803.97,278.06
1431,1,804.05,274.32
1432,1,804.11,270.62
1433,1,804.14,266.95
1434,1,804.16,263.31
1435,1,804.15,259.71
1436,1,804.13,256.15
1437,1,804.08,252.62
1438,1,804.02,249.13
1439,1,803.94,245.69
1440,1,803.84,242.28
1441,1,803.72,238.91
1442,1,803.59,235.59
1443,1,803.45,232.31
1444,1,803.29,229.07
1445,1,803.11,225.88
1446,1,802.92,222.73
1447,1,802.72,219.63
1448,1,802.51,216.57
1449,1,802.29,213.56
1450,1,802.05,210.6
1451,1,801.81,207.68
1452,1,801.56,204.82
1453,1,801.29,202
1454,1,801.02,199.23
1455,1,800.74,196.51
1456,1,800.46,193.85
1457,1,800.16,191.23
1458,1,799.86,188.66
1459,1,799.56,186.14
1460,1,799.25,183.67
1461,1,798.93,181.26
1462,1,798.61,178.9
1463,1,798.29,176.58
1464,1,797.96,174.32
1465,1,797.64,172.11
1466,1,797.3,169.96
1467,1,796.97,167.86
1468,1,796.63,165.81
1469,1,796.3,163.81
1470,1,795.96,161.86
1471,1,795.62,159.97
1472,1,795.28,158.14
1473,1,794.94,156.36
1474,1,794.6,154.63
1475,1,794.26,152.96
1476,1,793.92,151.35
1477,1,793.58,149.79
1478,1,793.25,148.29
1479,1,792.91,146.85
1480,1,792.58,145.46
1481,1,792.25,144.14
1482,1,791.92,142.87
1483,1,791.59,141.66
1484,1,791.27,140.52
1485,1,790.95,139.44
1486,1,790.64,138.42
1487,1,790.32,137.47
1488,1,790.02,136.58
1489,1,789.71,135.75
1490,1,789.41,135
1491,1,789.12,134.31
1492,1,788.83,133.69
1493,1,788.54,133.14
1494,1,788.26,132.67
1495,1,787.99,132.27
1496,1,787.72,131.94
1497,1,787.46,131.69
1498,1,787.21,131.52
1499,1,786.96,131.43
1500,1,786.72,131.42
1501,1,786.48,131.49
1502,1,786.26,131.64
1503,1,786.04,131.89
1504,1,785.83,132.21
1505,1,785.63,132.63
1506,1,785.44,133.14
1507,1,785.25,133.74
1508,1,785.08,134.43
1509,1,784.91,135.22
1510,1,784.76,136.11
1511,1,784.61,137.09
1512,1,784.48,138.18
1513,1,784.35,139.36
1514,1,784.24,140.64
1515,1,784.13,142.03
1516,1,784.04,143.52
1517,1,783.96,145.12
1518,1,783.89,146.82
1519,1,783.83,148.63
1520,1,783.78,150.55
1521,1,783.75,152.57
1522,1,783.73,154.71
1523,1,783.72,156.95
1524,1,783.72,159.3
1525,1,783.74,161.76
1526,1,783.77,164.33
1527,1,783.82,167.01
1528,1,783.88,169.8
1529,1,783.96,172.69
1530,1,784.05,175.7
1531,1,784.16,178.81
1532,1,784.28,182.02
1533,1,784.42,185.35
1534,1,784.58,188.77
1535,1,784.75,192.3
1536,1,784.95,195.93
1537,1,785.16,199.66
1538,1,785.39,203.49
1539,1,785.64,207.41
1540,1,785.9,211.43
1541,1,786.19,215.53
1542,1,786.5,219.72
1543,1,786.83,224
1544,1,787.18,228.35
1545,1,787.55,232.78
1546,1,787.95,237.28
1547,1,788.37,241.85
1548,1,788.81,246.49
1549,1,789.27,251.18
1550,1,789.76,255.92
1551,1,790.27,260.72
1552,1,790.81,265.56
1553,1,791.38,270.43
1554,1,791.97,275.34
1555,1,792.59,280.27
1556,1,793.23,285.23
1557,1,793.9,290.19
1558,1,794.6,295.17
1559,1,795.33,300.15
1560,1,796.08,305.12
1561,1,796.86,310.08
1562,1,797.67,315.02
1563,1,798.51,319.93
1564,1,799.38,324.82
1565,1,800.28,329.66
1566,1,801.2,334.46
1567,1,802.16,339.21
1568,1,803.14,343.9
1569,1,804.16,348.52
1570,1,805.2,353.08
1571,1,806.28,357.56
1572,1,807.38,361.95
1573,1,808.51,366.26
1574,1,809.67,370.47
1575,1,810.86,374.59
1576,1,812.08,378.6
1577,1,813.32,382.5
1578,1,814.6,386.29
1579,1,815.9,389.96
1580,1,817.23,393.51
1581,1,818.58,396.93
1582,1,819.97,400.22
1583,1,821.37,403.38
1584,1,822.81,406.39
1585,1,824.27,409.27
1586,1,825.75,412
1587,1,827.26,414.58
1588,1,828.79,417.01
1589,1,830.34,419.28
1590,1,831.92,421.4
1591,1,833.52,423.35
1592,1,835.13,425.14
1593,1,836.77,426.77
1594,1,838.43,428.23
1595,1,840.1,429.52
1596,1,841.79,430.65
1597,1,843.5,431.6
1598,1,845.23,432.38
1599,1,846.97,432.98
1600,1,848.73,433.41
1601,1,850.5,433.67
1602,1,852.28,433.75
1603,1,854.08,433.66
1604,1,855.89,433.39
1605,1,857.71,432.94
1606,1,859.54,432.33
1607,1,861.38,431.53
1608,1,863.23,430.57
1609,1,865.08,429.43
1610,1,866.95,428.12
1611,1,868.82,426.65
1612,1,870.7,425
1613,1,872.58,423.2
1614,1,874.47,421.22
1615,1,876.36,419.09
1616,1,878.25,416.8
1617,1,880.14,414.35
1618,1,882.03,411.75
1619,1,883.92,409
1620,1,885.81,406.11
1621,1,887.69,403.07
1622,1,889.57,399.9
1623,1,891.44,396.59
1624,1,893.3,393.15
1625,1,895.15,389.59
1626,1,896.99,385.9
1627,1,898.82,382.11
1628,1,900.64,378.2
1629,1,902.44,374.19
1630,1,904.23,370.08
1631,1,905.99,365.88
1632,1,907.74,361.6
1633,1,909.47,357.23
1634,1,911.17,352.79
1635,1,912.85,348.29
1636,1,914.5,343.72
1637,1,916.13,339.11
1638,1,917.74,334.44
1639,1,919.31,329.74
1640,1,920.85,325
1641,1,922.37,320.24
1642,1,923.85,315.46
1643,1,925.3,310.67
1644,1,926.72,305.87
1645,1,928.11,301.07
1646,1,929.46,296.28
1647,1,930.78,291.51
1648,1,932.07,286.76
1649,1,933.32,282.04
1650,1,934.54,277.36
1651,1,935.73,272.71
1652,1,936.89,268.11
1653,1,938.02,263.57
1654,1,939.11,259.09
1655,1,940.17,254.67
1656,1,941.2,250.33
1657,1,942.2,246.07
1658,1,943.18,241.89
1659,1,944.12,237.8
1660,1,945.04,233.8
1661,1,945.93,229.91
1662,1,946.8,226.12
1663,1,947.64,222.44
1664,1,948.46,218.88
1665,1,949.25,215.44
1666,1,950.02,212.12
1667,1,950.78,208.94
1668,1,951.51,205.89
1669,1,952.22,202.97
1670,1,952.92,200.2
1671,1,953.6,197.57
1672,1,954.27,195.09
1673,1,954.93,192.76
1674,1,955.57,190.59
1675,1,956.2,188.57
1676,1,956.82,186.71
1677,1,957.43,185.01
1678,1,958.03,183.48
1679,1,958.63,182.11
1680,1,959.23,180.91
1681,1,959.82,179.88
1682,1,960.4,179.02
1683,1,960.99,178.33
1684,1,961.58,177.81
1685,1,962.17,177.46
1686,1,962.77,177.29
1687,1,963.37,177.29
1688,1,963.97,177.47
1689,1,964.59,177.82
1690,1,965.21,178.34
1691,1,965.84,179.04
1692,1,966.49,179.91
1693,1,967.14,180.96
1694,1,967.81,182.17
1695,1,968.5,183.56
1696,1,969.21,185.11
1697,1,969.93,186.84
1698,1,970.67,188.73
1699,1,971.43,190.78
1700,1,972.22,193
1701,1,973.03,195.38
1702,1,973.86,197.91
1703,1,974.72,200.6
1704,1,975.6,203.43
1705,1,976.51,206.42
1706,1,977.45,209.55
1707,1,978.42,212.82
1708,1,979.42,216.23
1709,1,980.46,219.77
1710,1,981.52,223.43
1711,1,982.62,227.22
1712,1,983.75,231.12
1713,1,984.92,235.14
1714,1,986.12,239.26
1715,1,987.36,243.48
1716,1,988.64,247.79
1717,1,989.95,252.19
1718,1,991.3,256.67
1719,1,992.69,261.22
1720,1,994.11,265.83
1721,1,995.58,270.5
1722,1,997.08,275.21
1723,1,998.62,279.97
1724,1,1000.2,284.76
1725,1,1001.8,289.57
1726,1,1003.5,294.4
1727,1,1005.2,299.23
1728,1,1006.9,304.06
1729,1,1008.7,308.88
1730,1,1010.5,313.68
1731,1,1012.3,318.46
1732,1,1014.2,323.2
1733,1,1016.1,327.89
1734,1,1018,332.52
1735,1,1020,337.1
1736,1,1022,341.6
1737,1,1024,346.03
1738,1,1026.1,350.37
1739,1,1028.2,354.61
1740,1,1030.3,358.75
1741,1,1032.5,362.79
1742,1,1034.7,366.71
1743,1,1036.9,370.5
1744,1,1039.1,374.17
1745,1,1041.4,377.71
1746,1,1043.7,381.1
1747,1,1046,384.35
1748,1,1048.3,387.45
1749,1,1050.6,390.39
1750,1,1053,393.17
1751,1,1055.4,395.78
1752,1,1057.7,398.23
1753,1,1060.2,400.51
1754,1,1062.6,402.61
1755,1,1065,404.53
1756,1,1067.4,406.26
1757,1,1069.9,407.81
1758,1,1072.3,409.18
1759,1,1074.8,410.35
1760,1,1077.3,411.34
1761,1,1079.8,412.13
1762,1,1082.2,412.72
1763,1,1084.7,413.12
1764,1,1087.2,413.32
1765,1,1089.7,413.33
1766,1,1092.1,413.14
1767,1,1094.6,412.76
1768,1,1097.1,412.17
1769,1,1099.5,411.4
1770,1,1102,410.42
1771,1,1104.4,409.26
1772,1,1106.8,407.9
1773,1,1109.2,406.36
1774,1,1111.6,404.62
1775,1,1114,402.7
1776,1,1116.3,400.6
1777,1,1118.7,398.33
1778,1,1121,395.87
1779,1,1123.3,393.24
1780,1,1125.5,390.45
1781,1,1127.8,387.49
1782,1,1130,384.38
1783,1,1132.1,381.11
1784,1,1134.3,377.69
1785,1,1136.4,374.12
1786,1,1138.4,370.42
1787,1,1140.5,366.59
1788,1,1142.5,362.63
1789,1,1144.4,358.56
1790,1,1146.4,354.37
1791,1,1148.2,350.07
1792,1,1150.1,345.68
1793,1,1151.9,341.19
1794,1,1153.6,336.62
1795,1,1155.3,331.97
1796,1,1157,327.25
1797,1,1158.6,322.48
1798,1,1160.1,317.64
1799,1,1161.6,312.77
1800,1,1163.1,307.85
1801,1,1164.5,302.91
1802,1,1165.9,297.95
1803,1,1167.2,292.97
1804,1,1168.5,287.99
1805,1,1169.7,283.01
1806,1,1170.9,278.04
1807,1,1172.1,273.1
1808,1,1173.2,268.18
1809,1,1174.2,263.3
1810,1,1175.2,258.46
1811,1,1176.2,253.67
1812,1,1177.1,248.94
1813,1,1178,244.28
1814,1,1178.8,239.7
1815,1,1179.6,235.19
1816,1,1180.3,230.78
1817,1,1181,226.46
1818,1,1181.7,222.23
1819,1,1182.3,218.12
1820,1,1182.9,214.12
1821,1,1183.5,210.24
1822,1,1184,206.49
1823,1,1184.5,202.86
1824,1,1185,199.38
1825,1,1185.4,196.03
1826,1,1185.8,192.83
1827,1,1186.2,189.78
1828,1,1186.5,186.88
1829,1,1186.8,184.14
1830,1,1187.1,181.56
1831,1,1187.4,179.14
1832,1,1187.7,176.9
1833,1,1187.9,174.82
1834,1,1188.1,172.91
1835,1,1188.3,171.18
1836,1,1188.5,169.63
1837,1,1188.7,168.25
1838,1,1188.8,167.06
1839,1,1188.9,166.04
1840,1,1189.1,165.2
1841,1,1189.2,164.55
1842,1,1189.3,164.08
1843,1,1189.4,163.78
1844,1,1189.5,163.67
1845,1,1189.6,163.75
1846,1,1189.6,164
1847,1,1189.7,164.43
1848,1,1189.8,165.03
1849,1,1189.9,165.82
1850,1,1189.9,166.78
1851,1,1190,167.91
1852,1,1190.1,169.21
1853,1,1190.2,170.68
1854,1,1190.3,172.31
1855,1,1190.4,174.11
1856,1,1190.5,176.06
1857,1,1190.7,178.17
1858,1,1190.8,180.42
1859,1,1191,182.83
1860,1,1191.1,185.37
1861,1,1191.3,188.06
1862,1,1191.5,190.87
1863,1,1191.7,193.81
1864,1,1192,196.87
1865,1,1192.3,200.05
1866,1,1192.6,203.33
1867,1,1192.9,206.72
1868,1,1193.2,210.2
1869,1,1193.6,213.76
1870,1,1194,217.41
1871,1,1194.4,221.13
1872,1,1194.9,224.91
1873,1,1195.4,228.75
1874,1,1195.9,232.64
1875,1,1196.5,236.57
1876,1,1197.1,240.53
1877,1,1197.7,244.51
1878,1,1198.4,248.5
1879,1,1199.1,252.5
1880,1,1199.9,256.5
1881,1,1200.7,260.48
1882,1,1201.5,264.45
1883,1,1202.4,268.38
1884,1,1203.3,272.28
1885,1,1204.3,276.13
1886,1,1205.3,279.93
1887,1,1206.3,283.66
1888,1,1207.4,287.33
1889,1,1208.6,290.93
1890,1,1209.7,294.44
1891,1,1210.9,297.87
1892,1,1212.2,301.2
1893,1,1213.5,304.43
1894,1,1214.8,307.55
1895,1,1216.2,310.57
1896,1,1217.6,313.46
1897,1,1219,316.24
1898,1,1220.5,318.89
1899,1,1222,321.4
1900,1,1223.6,323.79
1901,1,1225.2,326.03
1902,1,1226.8,328.13
1903,1,1228.4,330.09
1904,1,1230.1,331.89
1905,1,1231.8,333.55
1906,1,1233.5,335.05
1907,1,1235.3,336.4
1908,1,1237.1,337.59
1909,1,1238.9,338.62
1910,1,1240.7,339.49
1911,1,1242.5,340.19
1912,1,1244.4,340.74
1913,1,1246.2,341.12
1914,1,1248.1,341.34
1915,1,1250,341.4
1916,1,1251.9,341.3
1917,1,1253.8,341.04
1918,1,1255.7,340.61
1919,1,1257.6,340.03
1920,1,1259.5,339.29
1921,1,1261.4,338.39
1922,1,1263.3,337.34
1923,1,1265.2,336.14
1924,1,1267.1,334.79
1925,1,1268.9,333.29
1926,1,1270.8,331.65
1927,1,1272.6,329.87
1928,1,1274.4,327.95
1929,1,1276.2,325.9
1930,1,1278,323.72
1931,1,1279.7,321.41
1932,1,1281.4,318.99
1933,1,1283.1,316.44
1934,1,1284.7,313.79
1935,1,1286.3,311.02
1936,1,1287.9,308.15
1937,1,1289.4,305.19
1938,1,1290.9,302.13
1939,1,1292.4,298.98
1940,1,1293.8,295.75
1941,1,1295.2,292.44
1942,1,1296.5,289.06
1943,1,1297.8,285.62
1944,1,1299.1,282.11
1945,1,1300.3,278.55
1946,1,1301.5,274.94
1947,1,1302.6,271.28
1948,1,1303.7,267.59
1949,1,1304.7,263.86
1950,1,1305.7,260.11
1951,1,1306.7,256.34
1952,1,1307.6,252.55
1953,1,1308.5,248.75
1954,1,1309.4,244.94
1955,1,1310.2,241.14
1956,1,1310.9,237.34
1957,1,1311.7,233.56
1958,1,1312.4,229.79
1959,1,1313,226.04
1960,1,1313.6,222.32
1961,1,1314.2,218.63
1962,1,1314.7,214.98
1963,1,1315.2,211.36
1964,1,1315.7,207.79
1965,1,1316.1,204.27
1966,1,1316.6,200.8
1967,1,1316.9,197.38
1968,1,1317.3,194.03
1969,1,1317.6,190.74
1970,1,1317.9,187.51
1971,1,1318.1,184.35
1972,1,1318.4,181.27
1973,1,1318.6,178.26
1974,1,1318.8,175.33
1975,1,1318.9,172.48
1976,1,1319.1,169.71
1977,1,1319.2,167.03
1978,1,1319.3,164.44
1979,1,1319.4,161.94
1980,1,1319.4,159.53
1981,1,1319.5,157.22
1982,1,1319.5,155
1983,1,1319.5,152.89
1984,1,1319.5,150.87
1985,1,1319.5,148.96
1986,1,1319.5,147.15
1987,1,1319.4,145.45
1988,1,1319.4,143.85
1989,1,1319.3,142.37
1990,1,1319.2,140.99
1991,1,1319.2,139.73
1992,1,1319.1,138.59
1993,1,1319,137.56
1994,1,1318.9,136.64
1995,1,1318.7,135.85
1996,1,1318.6,135.17
1997,1,1318.5,134.62
1998,1,1318.4,134.19
1999,1,1318.3,133.88
2000,1,1318.1,133.7
2001,1,1318,133.64
2002,1,1317.9,133.71
2003,1,1317.8,133.91
2004,1,1317.6,134.24
2005,1,1317.5,134.7
2006,1,1317.4,135.29
2007,1,1317.3,136.01
2008,1,1317.2,136.87
2009,1,1317.1,137.86
2010,1,1317,138.99
2011,1,1316.9,140.25
2012,1,1316.8,141.64
2013,1,1316.7,143.18
2014,1,1316.6,144.85
2015,1,1316.6,146.65
2016,1,1316.5,148.59
2017,1,1316.5,150.67
2018,1,1316.4,152.89
2019,1,1316.4,155.24
2020,1,1316.4,157.73
2021,1,1316.4,160.35
2022,1,1316.4,163.11
2023,1,1316.4,166.01
2024,1,1316.5,169.04
2025,1,1316.5,172.2
2026,1,1316.6,175.5
2027,1,1316.7,178.93
2028,1,1316.8,182.49
2029,1,1316.9,186.17
2030,1,1317.1,189.98
2031,1,1317.2,193.92
2032,1,1317.4,197.98
2033,1,1317.6,202.16
2034,1,1317.8,206.46
2035,1,1318.1,210.87
2036,1,1318.3,215.4
2037,1,1318.6,220.03
2038,1,1318.9,224.77
2039,1,1319.3,229.61
2040,1,1319.6,234.55
2041,1,1320,239.59
2042,1,1320.4,244.71
2043,1,1320.8,249.91
2044,1,1321.3,255.2
2045,1,1321.8,260.56
2046,1,1322.3,265.98
2047,1,1322.8,271.47
2048,1,1323.4,277.01
2049,1,1324,282.6
2050,1,1324.6,288.23
2051,1,1325.3,293.89
2052,1,1325.9,299.58
2053,1,1326.6,305.28
2054,1,1327.4,311
2055,1,1328.1,316.72
2056,1,1328.9,322.43
2057,1,1329.8,328.12
2058,1,1330.6,333.8
2059,1,1331.5,339.44
2060,1,1332.4,345.04
2061,1,1333.3,350.58
2062,1,1334.3,356.08
2063,1,1335.3,361.5
2064,1,1336.3,366.85
2065,1,1337.4,372.11
2066,1,1338.5,377.29
2067,1,1339.6,382.36
2068,1,1340.7,387.32
2069,1,1341.8,392.17
2070,1,1343,396.9
2071,1,1344.2,401.5
2072,1,1345.4,405.96
2073,1,1346.7,410.28
2074,1,1348,414.45
2075,1,1349.2,418.46
2076,1,1350.5,422.32
2077,1,1351.9,426.01
2078,1,1353.2,429.52
2079,1,1354.6,432.87
2080,1,1355.9,436.03
2081,1,1357.3,439.02
2082,1,1358.7,441.81
2083,1,1360.2,444.42
2084,1,1361.6,446.83
2085,1,1363,449.05
2086,1,1364.5,451.07
2087,1,1365.9,452.89
2088,1,1367.4,454.5
2089,1,1368.9,455.92
2090,1,1370.4,457.13
2091,1,1371.8,458.13
2092,1,1373.3,458.93
2093,1,1374.8,459.52
2094,1,1376.3,459.9
2095,1,1377.8,460.08
2096,1,1379.3,460.06
2097,1,1380.8,459.83
2098,1,1382.3,459.4
2099,1,1383.7,458.76
2100,1,1385.2,457.93
2101,1,1386.7,456.9
2102,1,1388.2,455.67
2103,1,1389.6,454.25
2104,1,1391.1,452.64
2105,1,1392.5,450.85
2106,1,1393.9,448.87
2107,1,1395.3,446.71
2108,1,1396.7,444.38
2109,1,1398.1,441.87
2110,1,1399.5,439.2
2111,1,1400.8,436.36
2112,1,1402.2,433.37
2113,1,1403.5,430.22
2114,1,1404.8,426.92
2115,1,1406.1,423.49
2116,1,1407.4,419.91
2117,1,1408.6,416.2
2118,1,1409.8,412.37
2119,1,1411,408.42
2120,1,1412.2,404.35
2121,1,1413.4,400.18
2122,1,1414.5,395.9
2123,1,1415.6,391.53
2124,1,1416.7,387.07
2125,1,1417.8,382.53
2126,1,1418.9,377.91
2127,1,1419.9,373.22
2128,1,1420.9,368.47
2129,1,1421.9,363.66
2130,1,1422.9,358.8
2131,1,1423.8,353.89
2132,1,1424.7,348.94
2133,1,1425.6,343.97
2134,1,1426.5,338.97
2135,1,1427.4,333.94
2136,1,1428.2,328.91
2137,1,1429,323.86
2138,1,1429.8,318.81
2139,1,1430.6,313.77
2140,1,1431.4,308.73
2141,1,1432.1,303.71
2142,1,1432.8,298.7
2143,1,1433.5,293.72
2144,1,1434.2,288.76
2145,1,1434.9,283.84
2146,1,1435.5,278.95
2147,1,1436.1,274.1
2148,1,1436.7,269.3
2149,1,1437.3,264.54
2150,1,1437.9,259.83
2151,1,1438.4,255.18
2152,1,1439,250.58
2153,1,1439.5,246.04
2154,1,1440,241.56
2155,1,1440.4,237.15
2156,1,1440.9,232.8
2157,1,1441.4,228.51
2158,1,1441.8,224.3
2159,1,1442.2,220.16
2160,1,1442.6,216.09
2161,1,1443,212.1
2162,1,1443.4,208.18
2163,1,1443.7,204.34
2164,1,1444,200.58
2165,1,1444.4,196.89
2166,1,1444.7,193.28
2167,1,1445,189.75
2168,1,1445.3,186.3
2169,1,1445.5,182.93
2170,1,1445.8,179.65
2171,1,1446,176.44
2172,1,1446.3,173.31
2173,1,1446.5,170.25
2174,1,1446.7,167.28
2175,1,1446.9,164.39
2176,1,1447.1,161.58
2177,1,1447.3,158.84
2178,1,1447.4,156.18
2179,1,1447.6,153.59
2180,1,1447.7,151.09
2181,1,1447.9,148.65
2182,1,1448,146.29
2183,1,1448.1,144.01
2184,1,1448.2,141.8
2185,1,1448.3,139.65
2186,1,1448.4,137.58
2187,1,1448.5,135.58
2188,1,1448.6,133.65
2189,1,1448.6,131.79
2190,1,1448.7,129.99
2191,1,1448.8,128.26
2192,1,1448.8,126.59
2193,1,1448.8,124.99
2194,1,1448.9,123.45
2195,1,1448.9,121.98
2196,1,1448.9,120.56
2197,1,1449,119.21
2198,1,1449,117.92
2199,1,1449,116.68
2200,1,1449,115.51
2201,1,1449,114.39
2202,1,1449,113.33
2203,1,1449,112.32
2204,1,1449,111.37
2205,1,1449,110.48
2206,1,1449,109.64
2207,1,1448.9,108.86
2208,1,1448.9,108.13
2209,1,1448.9,107.46
2210,1,1448.9,106.83
2211,1,1448.9,106.27
2212,1,1448.8,105.75
2213,1,1448.8,105.29
2214,1,1448.8,104.88
2215,1,1448.8,104.53
2216,1,1448.7,104.23
2217,1,1448.7,103.98
2218,1,1448.7,103.79
2219,1,1448.7,103.65
2220,1,1448.7,103.56
2221,1,1448.6,103.53
2222,1,1448.6,103.56
2223,1,1448.6,103.64
2224,1,1448.6,103.78
2225,1,1448.6,103.98
2226,1,1448.6,104.24
2227,1,1448.5,104.56
2228,1,1448.5,104.93
2229,1,1448.5,105.37
2230,1,1448.5,105.87
2231,1,1448.6,106.43
2232,1,1448.6,107.06
2233,1,1448.6,107.75
2234,1,1448.6,108.51
2235,1,1448.6,109.34
2236,1,1448.7,110.24
2237,1,1448.7,111.21
2238,1,1448.8,112.25
2239,1,1448.8,113.36
2240,1,1448.9,114.55
2241,1,1448.9,115.81
2242,1,1449,117.16
2243,1,1449.1,118.58
2244,1,1449.2,120.08
2245,1,1449.3,121.66
2246,1,1449.4,123.33
2247,1,1449.5,125.08
2248,1,1449.7,126.92
2249,1,1449.8,128.84
2250,1,1450,130.85
2251,1,1450.1,132.95
2252,1,1450.3,135.14
2253,1,1450.5,137.42
2254,1,1450.7,139.79
2255,1,1450.9,142.26
2256,1,1451.1,144.82
2257,1,1451.4,147.47
2258,1,1451.6,150.22
2259,1,1451.9,153.06
2260,1,1452.2,156
2261,1,1452.5,159.03
2262,1,1452.9,162.16
2263,1,1453.2,165.38
2264,1,1453.6,168.7
2265,1,1454,172.11
2266,1,1454.4,175.61
2267,1,1454.8,179.21
2268,1,1455.2,182.89
2269,1,1455.7,186.67
2270,1,1456.2,190.53
2271,1,1456.7,194.48
2272,1,1457.3,198.52
2273,1,1457.8,202.63
2274,1,1458.4,206.83
2275,1,1459,211.1
2276,1,1459.7,215.45
2277,1,1460.3,219.86
2278,1,1461,224.34
2279,1,1461.7,228.89
2280,1,1462.5,233.49
2281,1,1463.3,238.14
2282,1,1464.1,242.85
2283,1,1464.9,247.6
2284,1,1465.8,252.38
2285,1,1466.7,257.2
2286,1,1467.6,262.04
2287,1,1468.6,266.91
2288,1,1469.6,271.78
2289,1,1470.6,276.67
2290,1,1471.6,281.55
2291,1,1472.7,286.43
2292,1,1473.8,291.29
2293,1,1475,296.12
2294,1,1476.2,300.93
2295,1,1477.4,305.7
2296,1,1478.7,310.42
2297,1,1479.9,315.09
2298,1,1481.3,319.71
2299,1,1482.6,324.25
2300,1,1484,328.72
2301,1,1485.4,333.1
2302,1,1486.9,337.4
2303,1,1488.4,341.6
2304,1,1489.9,345.7
2305,1,1491.5,349.69
2306,1,1493.1,353.56
2307,1,1494.7,357.31
2308,1,1496.4,360.93
2309,1,1498.1,364.42
2310,1,1499.8,367.77
2311,1,1501.6,370.97
2312,1,1503.4,374.03
2313,1,1505.2,376.93
2314,1,1507.1,379.67
2315,1,1509,382.24
2316,1,1510.9,384.66
2317,1,1512.9,386.9
2318,1,1514.9,388.96
2319,1,1517,390.85
2320,1,1519,392.56
2321,1,1521.1,394.09
2322,1,1523.3,395.44
2323,1,1525.4,396.6
2324,1,1527.6,397.58
2325,1,1529.8,398.37
2326,1,1532.1,398.97
2327,1,1534.4,399.38
2328,1,1536.7,399.61
2329,1,1539,399.65
2330,1,1541.4,399.5
2331,1,1543.7,399.17
2332,1,1546.1,398.65
2333,1,1548.5,397.95
2334,1,1551,397.07
2335,1,1553.4,396.01
2336,1,1555.9,394.78
2337,1,1558.4,393.37
2338,1,1560.8,391.8
2339,1,1563.3,390.06
2340,1,1565.8,388.15
2341,1,1568.3,386.09
2342,1,1570.8,383.88
2343,1,1573.3,381.52
2344,1,1575.7,379.01
2345,1,1578.2,376.37
2346,1,1580.7,373.59
2347,1,1583.1,370.69
2348,1,1585.5,367.66
2349,1,1587.9,364.52
2350,1,1590.3,361.27
2351,1,1592.7,357.91
2352,1,1595,354.46
2353,1,1597.3,350.92
2354,1,1599.6,347.3
2355,1,1601.8,343.59
2356,1,1604,339.82
2357,1,1606.2,335.98
2358,1,1608.3,332.09
2359,1,1610.4,328.14
2360,1,1612.5,324.16
2361,1,1614.5,320.14
2362,1,1616.4,316.08
2363,1,1618.3,312.01
2364,1,1620.2,307.92
2365,1,1622,303.82
2366,1,1623.8,299.72
2367,1,1625.5,295.63
2368,1,1627.2,291.54
2369,1,1628.8,287.47
2370,1,1630.4,283.42
2371,1,1631.9,279.4
2372,1,1633.4,275.42
2373,1,1634.8,271.47
2374,1,1636.2,267.57
2375,1,1637.5,263.72
2376,1,1638.8,259.92
2377,1,1640,256.18
2378,1,1641.2,252.51
2379,1,1642.3,248.9
2380,1,1643.4,245.37
2381,1,1644.4,241.91
2382,1,1645.4,238.53
2383,1,1646.3,235.23
2384,1,1647.2,232.02
2385,1,1648.1,228.89
2386,1,1648.9,225.86
2387,1,1649.7,222.92
2388,1,1650.4,220.07
2389,1,1651.1,217.33
2390,1,1651.7,214.68
2391,1,1652.3,212.13
2392,1,1652.9,209.68
2393,1,1653.5,207.33
2394,1,1654,205.09
2395,1,1654.5,202.94
2396,1,1654.9,200.9
2397,1,1655.3,198.97
2398,1,1655.7,197.13
2399,1,1656.1,195.4
2400,1,1656.4,193.77
2401,1,1656.7,192.24
2402,1,1657,190.8
2403,1,1657.2,189.47
2404,1,1657.5,188.22
2405,1,1657.7,187.08
2406,1,1657.9,186.02
2407,1,1658.1,185.05
2408,1,1658.2,184.17
2409,1,1658.4,183.36
2410,1,1658.5,182.64
2411,1,1658.6,182
2412,1,1658.7,181.43
2413,1,1658.8,180.93
2414,1,1658.8,180.5
2415,1,1658.9,180.13
2416,1,1658.9,179.82
2417,1,1659,179.56
2418,1,1659,179.35
2419,1,1659,179.18
2420,1,1659.1,179.06
