1,4,274.58,136.55
2,4,274.37,136.72
3,4,274.15,136.88
4,4,273.92,137.05
5,4,273.69,137.22
6,4,273.46,137.39
7,4,273.23,137.56
8,4,272.99,137.73
9,4,272.75,137.91
10,4,272.5,138.09
11,4,272.26,138.26
12,4,272.01,138.44
13,4,271.75,138.62
14,4,271.5,138.8
15,4,271.24,138.98
16,4,270.98,139.17
17,4,270.71,139.35
18,4,270.44,139.53
19,4,270.18,139.72
20,4,269.9,139.9
21,4,269.63,140.09
22,4,269.35,140.27
23,4,269.07,140.46
24,4,268.79,140.64
25,4,268.5,140.83
26,4,268.22,141.02
27,4,267.92,141.2
28,4,267.63,141.39
29,4,267.34,141.58
30,4,267.04,141.76
31,4,266.74,141.95
32,4,266.44,142.14
33,4,266.13,142.33
34,4,265.82,142.51
35,4,265.51,142.7
36,4,265.2,142.89
37,4,264.88,143.08
38,4,264.56,143.26
39,4,264.24,143.45
40,4,263.91,143.64
41,4,263.58,143.82
42,4,263.25,144.01
43,4,262.92,144.2
44,4,262.58,144.38
45,4,262.24,144.57
46,4,261.9,144.76
47,4,261.55,144.94
48,4,261.2,145.13
49,4,260.84,145.31
50,4,260.49,145.5
51,4,260.12,145.69
52,4,259.76,145.87
53,4,259.39,146.06
54,4,259.02,146.24
55,4,258.64,146.43
56,4,258.26,146.61
57,4,257.88,146.8
58,4,257.49,146.98
59,4,257.1,147.17
60,4,256.7,147.35
61,4,256.31,147.54
62,4,255.9,147.72
63,4,255.49,147.91
64,4,255.08,148.09
65,4,254.67,148.28
66,4,254.24,148.47
67,4,253.82,148.65
68,4,253.39,148.84
69,4,252.96,149.02
70,4,252.52,149.21
71,4,252.08,149.39
72,4,251.63,149.58
73,4,251.18,149.77
74,4,250.73,149.95
75,4,250.27,150.14
76,4,249.81,150.32
77,4,249.34,150.51
78,4,248.87,150.69
79,4,248.4,150.88
80,4,247.92,151.06
81,4,247.44,151.25
82,4,246.95,151.43
83,4,246.46,151.62
84,4,245.97,151.8
85,4,245.48,151.98
86,4,244.98,152.17
87,4,244.48,152.35
88,4,243.97,152.53
89,4,243.46,152.71
90,4,242.95,152.89
91,4,242.44,153.07
92,4,241.93,153.25
93,4,241.41,153.43
94,4,240.89,153.61
95,4,240.37,153.78
96,4,239.85,153.96
97,4,239.33,154.14
98,4,238.8,154.31
99,4,238.27,154.48
100,4,237.75,154.66
101,4,237.22,154.83
102,4,236.69,155
103,4,236.16,155.17
104,4,235.63,155.34
105,4,235.11,155.51
106,4,234.58,155.68
107,4,234.05,155.84
108,4,233.52,156.01
109,4,232.99,156.17
110,4,232.47,156.34
111,4,231.94,156.5
112,4,231.42,156.66
113,4,230.89,156.82
114,4,230.37,156.98
115,4,229.85,157.14
116,4,229.33,157.29
117,4,228.81,157.45
118,4,228.3,157.6
119,4,227.78,157.76
120,4,227.27,157.91
121,4,226.76,158.06
122,4,226.25,158.21
123,4,225.75,158.36
124,4,225.24,158.51
125,4,224.74,158.65
126,4,224.24,158.8
127,4,223.74,158.95
128,4,223.24,159.09
129,4,222.75,159.23
130,4,222.26,159.38
131,4,221.77,159.52
132,4,221.28,159.66
133,4,220.79,159.8
134,4,220.31,159.94
135,4,219.83,160.08
136,4,219.35,160.22
137,4,218.88,160.35
138,4,218.4,160.49
139,4,217.93,160.63
140,4,217.46,160.76
141,4,217,160.9
142,4,216.53,161.03
143,4,216.07,161.16
144,4,215.61,161.3
145,4,215.15,161.43
146,4,214.69,161.56
147,4,214.24,161.69
148,4,213.79,161.82
149,4,213.34,161.95
150,4,212.89,162.08
151,4,212.44,162.21
152,4,212,162.34
153,4,211.56,162.47
154,4,211.11,162.6
155,4,210.68,162.73
156,4,210.24,162.85
157,4,209.8,162.98
158,4,209.37,163.11
159,4,208.93,163.24
160,4,208.5,163.36
161,4,208.07,163.49
162,4,207.64,163.62
163,4,207.22,163.75
164,4,206.79,163.87
165,4,206.36,164
166,4,205.94,164.13
167,4,205.52,164.26
168,4,205.1,164.39
169,4,204.68,164.51
170,4,204.26,164.64
171,4,203.84,164.77
172,4,203.42,164.9
173,4,203.01,165.03
174,4,202.59,165.16
175,4,202.18,165.29
176,4,201.76,165.42
177,4,201.35,165.55
178,4,200.94,165.69
179,4,200.53,165.82
180,4,200.12,165.95
181,4,199.72,166.08
182,4,199.31,166.22
183,4,198.9,166.35
184,4,198.5,166.49
185,4,198.1,166.62
186,4,197.69,166.76
187,4,197.29,166.9
188,4,196.89,167.03
189,4,196.5,167.17
190,4,196.1,167.31
191,4,195.7,167.45
192,4,195.31,167.59
193,4,194.92,167.73
194,4,194.52,167.87
195,4,194.13,168.01
196,4,193.74,168.15
197,4,193.36,168.3
198,4,192.97,168.44
199,4,192.59,168.58
200,4,192.2,168.73
201,4,191.82,168.87
202,4,191.44,169.01
203,4,191.07,169.16
204,4,190.69,169.31
205,4,190.32,169.45
206,4,189.95,169.6
207,4,189.58,169.74
208,4,189.21,169.89
209,4,188.85,170.03
210,4,188.49,170.18
211,4,188.13,170.33
212,4,187.77,170.47
213,4,187.42,170.62
214,4,187.07,170.76
215,4,186.72,170.91
216,4,186.37,171.05
217,4,186.03,171.2
218,4,185.69,171.34
219,4,185.36,171.48
220,4,185.02,171.62
221,4,184.7,171.77
222,4,184.37,171.91
223,4,184.05,172.05
224,4,183.73,172.19
225,4,183.41,172.32
226,4,183.1,172.46
227,4,182.79,172.6
228,4,182.49,172.73
229,4,182.19,172.87
230,4,181.89,173
231,4,181.6,173.13
232,4,181.31,173.26
233,4,181.03,173.39
234,4,180.75,173.52
235,4,180.47,173.64
236,4,180.2,173.77
237,4,179.93,173.89
238,4,179.66,174.01
239,4,179.4,174.13
240,4,179.15,174.25
241,4,178.89,174.36
242,4,178.65,174.48
243,4,178.4,174.59
244,4,178.16,174.7
245,4,177.93,174.81
246,4,177.7,174.91
247,4,177.47,175.02
248,4,177.25,175.12
249,4,177.03,175.22
250,4,176.81,175.32
251,4,176.6,175.42
252,4,176.4,175.51
253,4,176.19,175.61
254,4,176,175.7
255,4,175.8,175.79
256,4,175.61,175.87
257,4,175.42,175.96
258,4,175.24,176.04
259,4,175.06,176.12
260,4,174.89,176.2
261,4,174.71,176.27
262,4,174.55,176.35
263,4,174.38,176.42
264,4,174.22,176.49
265,4,174.06,176.55
266,4,173.91,176.62
267,4,173.76,176.68
268,4,173.61,176.74
269,4,173.47,176.8
270,4,173.33,176.85
271,4,173.2,176.91
272,4,173.07,176.96
273,4,172.94,177
274,4,172.81,177.05
275,4,172.69,177.09
276,4,172.57,177.13
277,4,172.46,177.17
278,4,172.35,177.2
279,4,172.24,177.24
280,4,172.14,177.27
281,4,172.03,177.29
282,4,171.94,177.32
283,4,171.85,177.34
284,4,171.76,177.36
285,4,171.67,177.37
286,4,171.59,177.38
287,4,171.51,177.39
288,4,171.44,177.4
289,4,171.37,177.4
290,4,171.31,177.4
291,4,171.25,177.39
292,4,171.19,177.38
293,4,171.14,177.37
294,4,171.1,177.35
295,4,171.06,177.33
296,4,171.02,177.31
297,4,170.99,177.28
298,4,170.97,177.25
299,4,170.95,177.21
300,4,170.94,177.17
301,4,170.93,177.13
302,4,170.93,177.08
303,4,170.94,177.02
304,4,170.95,176.96
305,4,170.97,176.9
306,4,171,176.83
307,4,171.03,176.75
308,4,171.08,176.67
309,4,171.13,176.58
310,4,171.19,176.49
311,4,171.26,176.39
312,4,171.33,176.29
313,4,171.42,176.18
314,4,171.52,176.06
315,4,171.62,175.94
316,4,171.74,175.81
317,4,171.87,175.68
318,4,172.01,175.53
319,4,172.16,175.38
320,4,172.33,175.23
321,4,172.5,175.06
322,4,172.69,174.89
323,4,172.89,174.71
324,4,173.11,174.52
325,4,173.33,174.33
326,4,173.58,174.13
327,4,173.83,173.92
328,4,174.11,173.7
329,4,174.4,173.47
330,4,174.7,173.24
331,4,175.02,172.99
332,4,175.36,172.74
333,4,175.72,172.48
334,4,176.09,172.21
335,4,176.48,171.93
336,4,176.89,171.65
337,4,177.32,171.35
338,4,177.77,171.05
339,4,178.24,170.73
340,4,178.73,170.41
341,4,179.23,170.08
342,4,179.76,169.74
343,4,180.32,169.39
344,4,180.89,169.03
345,4,181.49,168.66
346,4,182.1,168.29
347,4,182.74,167.9
348,4,183.41,167.51
349,4,184.1,167.11
350,4,184.81,166.7
351,4,185.54,166.28
352,4,186.3,165.85
353,4,187.08,165.42
354,4,187.89,164.98
355,4,188.72,164.53
356,4,189.58,164.07
357,4,190.46,163.61
358,4,191.37,163.14
359,4,192.3,162.66
360,4,193.26,162.18
361,4,194.24,161.7
362,4,195.25,161.2
363,4,196.28,160.71
364,4,197.34,160.21
365,4,198.43,159.7
366,4,199.53,159.19
367,4,200.66,158.68
368,4,201.82,158.17
369,4,203,157.66
370,4,204.21,157.14
371,4,205.43,156.62
372,4,206.69,156.11
373,4,207.96,155.59
374,4,209.26,155.08
375,4,210.57,154.56
376,4,211.91,154.05
377,4,213.28,153.54
378,4,214.66,153.04
379,4,216.06,152.54
380,4,217.48,152.04
381,4,218.92,151.55
382,4,220.39,151.07
383,4,221.86,150.59
384,4,223.36,150.12
385,4,224.87,149.66
386,4,226.4,149.21
387,4,227.95,148.77
388,4,229.51,148.34
389,4,231.09,147.92
390,4,232.68,147.51
391,4,234.28,147.12
392,4,235.9,146.74
393,4,237.53,146.37
394,4,239.17,146.02
395,4,240.82,145.68
396,4,242.48,145.37
397,4,244.15,145.06
398,4,245.83,144.78
399,4,247.51,144.52
400,4,249.21,144.27
401,4,250.91,144.05
402,4,252.62,143.84
403,4,254.33,143.66
404,4,256.05,143.5
405,4,257.77,143.36
406,4,259.49,143.25
407,4,261.22,143.16
408,4,262.95,143.1
409,4,264.68,143.07
410,4,266.41,143.06
411,4,268.14,143.07
412,4,269.87,143.12
413,4,271.6,143.19
414,4,273.32,143.29
415,4,275.05,143.42
416,4,276.77,143.59
417,4,278.5,143.78
418,4,280.21,144
419,4,281.93,144.26
420,4,283.64,144.54
421,4,285.34,144.86
422,4,287.05,145.21
423,4,288.74,145.6
424,4,290.43,146.01
425,4,292.12,146.47
426,4,293.8,146.95
427,4,295.48,147.47
428,4,297.15,148.02
429,4,298.81,148.61
430,4,300.46,149.24
431,4,302.11,149.9
432,4,303.75,150.59
433,4,305.39,151.32
434,4,307.02,152.09
435,4,308.64,152.89
436,4,310.25,153.72
437,4,311.85,154.59
438,4,313.45,155.5
439,4,315.04,156.44
440,4,316.62,157.41
441,4,318.19,158.42
442,4,319.75,159.47
443,4,321.31,160.55
444,4,322.85,161.66
445,4,324.39,162.81
446,4,325.92,163.99
447,4,327.44,165.2
448,4,328.95,166.44
449,4,330.46,167.72
450,4,331.95,169.03
451,4,333.44,170.37
452,4,334.91,171.74
453,4,336.38,173.14
454,4,337.84,174.56
455,4,339.29,176.02
456,4,340.73,177.5
457,4,342.16,179.01
458,4,343.58,180.55
459,4,344.99,182.11
460,4,346.39,183.7
461,4,347.78,185.31
462,4,349.17,186.94
463,4,350.54,188.59
464,4,351.9,190.26
465,4,353.25,191.95
466,4,354.59,193.66
467,4,355.92,195.39
468,4,357.24,197.13
469,4,358.54,198.89
470,4,359.84,200.66
471,4,361.12,202.45
472,4,362.39,204.24
473,4,363.65,206.04
474,4,364.9,207.86
475,4,366.14,209.68
476,4,367.36,211.5
477,4,368.57,213.33
478,4,369.76,215.16
479,4,370.94,217
480,4,372.11,218.84
481,4,373.27,220.67
482,4,374.41,222.5
483,4,375.54,224.33
484,4,376.65,226.16
485,4,377.75,227.98
486,4,378.84,229.79
487,4,379.91,231.59
488,4,380.96,233.38
489,4,382,235.16
490,4,383.03,236.93
491,4,384.05,238.69
492,4,385.05,240.42
493,4,386.03,242.15
494,4,387,243.85
495,4,387.96,245.54
496,4,388.9,247.2
497,4,389.83,248.85
498,4,390.75,250.47
499,4,391.65,252.07
500,4,392.54,253.64
501,4,393.42,255.19
502,4,394.28,256.72
503,4,395.14,258.21
504,4,395.98,259.68
505,4,396.81,261.12
506,4,397.63,262.53
507,4,398.43,263.91
508,4,399.23,265.25
509,4,400.02,266.57
510,4,400.8,267.85
511,4,401.57,269.1
512,4,402.33,270.31
513,4,403.08,271.49
514,4,403.82,272.63
515,4,404.56,273.73
516,4,405.29,274.8
517,4,406.02,275.83
518,4,406.74,276.83
519,4,407.45,277.78
520,4,408.16,278.7
521,4,408.87,279.58
522,4,409.57,280.42
523,4,410.27,281.22
524,4,410.96,281.98
525,4,411.66,282.7
526,4,412.35,283.38
527,4,413.05,284.02
528,4,413.74,284.61
529,4,414.43,285.17
530,4,415.13,285.69
531,4,415.82,286.16
532,4,416.52,286.6
533,4,417.22,286.99
534,4,417.92,287.35
535,4,418.63,287.66
536,4,419.34,287.93
537,4,420.05,288.16
538,4,420.77,288.35
539,4,421.49,288.5
540,4,422.22,288.61
541,4,422.95,288.68
542,4,423.69,288.7
543,4,424.44,288.69
544,4,425.19,288.64
545,4,425.95,288.55
546,4,426.72,288.42
547,4,427.49,288.25
548,4,428.27,288.04
549,4,429.06,287.79
550,4,429.86,287.5
551,4,430.66,287.18
552,4,431.47,286.82
553,4,432.29,286.42
554,4,433.12,285.98
555,4,433.95,285.51
556,4,434.8,285.01
557,4,435.65,284.47
558,4,436.51,283.89
559,4,437.37,283.28
560,4,438.24,282.64
561,4,439.12,281.96
562,4,440.01,281.25
563,4,440.9,280.51
564,4,441.8,279.74
565,4,442.7,278.94
566,4,443.61,278.1
567,4,444.53,277.24
568,4,445.45,276.35
569,4,446.37,275.43
570,4,447.3,274.49
571,4,448.23,273.51
572,4,449.17,272.51
573,4,450.11,271.49
574,4,451.05,270.43
575,4,451.99,269.36
576,4,452.93,268.26
577,4,453.88,267.13
578,4,454.82,265.98
579,4,455.77,264.81
580,4,456.72,263.62
581,4,457.66,262.4
582,4,458.61,261.16
583,4,459.55,259.9
584,4,460.5,258.62
585,4,461.44,257.31
586,4,462.38,255.99
587,4,463.32,254.64
588,4,464.25,253.27
589,4,465.18,251.89
590,4,466.11,250.48
591,4,467.04,249.05
592,4,467.96,247.6
593,4,468.88,246.13
594,4,469.79,244.64
595,4,470.7,243.13
596,4,471.61,241.6
597,4,472.51,240.05
598,4,473.4,238.48
599,4,474.29,236.89
600,4,475.18,235.27
601,4,476.06,233.64
602,4,476.94,231.99
603,4,477.81,230.31
604,4,478.68,228.62
605,4,479.54,226.9
606,4,480.39,225.17
607,4,481.24,223.41
608,4,482.08,221.64
609,4,482.92,219.84
610,4,483.76,218.02
611,4,484.58,216.18
612,4,485.4,214.33
613,4,486.22,212.45
614,4,487.03,210.55
615,4,487.83,208.63
616,4,488.63,206.7
617,4,489.42,204.74
618,4,490.2,202.77
619,4,490.98,200.77
620,4,491.75,198.76
621,4,492.52,196.73
622,4,493.27,194.69
623,4,494.02,192.63
624,4,494.77,190.55
625,4,495.5,188.45
626,4,496.23,186.35
627,4,496.95,184.22
628,4,497.66,182.09
629,4,498.37,179.94
630,4,499.07,177.78
631,4,499.76,175.61
632,4,500.44,173.43
633,4,501.11,171.25
634,4,501.77,169.05
635,4,502.43,166.85
636,4,503.07,164.64
637,4,503.71,162.44
638,4,504.33,160.22
639,4,504.95,158.01
640,4,505.56,155.79
641,4,506.15,153.58
642,4,506.74,151.37
643,4,507.32,149.17
644,4,507.88,146.97
645,4,508.44,144.77
646,4,508.98,142.59
647,4,509.51,140.41
648,4,510.03,138.25
649,4,510.55,136.1
650,4,511.04,133.96
651,4,511.53,131.84
652,4,512.01,129.74
653,4,512.47,127.65
654,4,512.92,125.58
655,4,513.37,123.54
656,4,513.8,121.52
657,4,514.21,119.52
658,4,514.62,117.55
659,4,515.01,115.6
660,4,515.4,113.69
661,4,515.77,111.8
662,4,516.13,109.94
663,4,516.48,108.12
664,4,516.81,106.32
665,4,517.14,104.57
666,4,517.45,102.84
667,4,517.76,101.15
668,4,518.05,99.504
669,4,518.33,97.891
670,4,518.61,96.318
671,4,518.87,94.784
672,4,519.12,93.292
673,4,519.36,91.841
674,4,519.59,90.432
675,4,519.82,89.067
676,4,520.03,87.745
677,4,520.23,86.468
678,4,520.43,85.237
679,4,520.62,84.052
680,4,520.8,82.913
681,4,520.97,81.822
682,4,521.13,80.778
683,4,521.29,79.784
684,4,521.44,78.838
685,4,521.58,77.941
686,4,521.72,77.095
687,4,521.85,76.3
688,4,521.97,75.555
689,4,522.09,74.862
690,4,522.2,74.221
691,4,522.31,73.632
692,4,522.42,73.096
693,4,522.52,72.613
694,4,522.61,72.183
695,4,522.7,71.807
696,4,522.79,71.485
697,4,522.88,71.217
698,4,522.96,71.004
699,4,523.04,70.846
700,4,523.12,70.742
701,4,523.2,70.694
702,4,523.27,70.701
703,4,523.35,70.764
704,4,523.42,70.882
705,4,523.5,71.057
706,4,523.57,71.287
707,4,523.65,71.573
708,4,523.72,71.916
709,4,523.8,72.315
710,4,523.88,72.771
711,4,523.96,73.282
712,4,524.04,73.851
713,4,524.13,74.475
714,4,524.22,75.156
715,4,524.31,75.894
716,4,524.41,76.687
717,4,524.51,77.537
718,4,524.61,78.443
719,4,524.72,79.405
720,4,524.84,80.422
721,4,524.96,81.495
722,4,525.09,82.622
723,4,525.22,83.805
724,4,525.36,85.042
725,4,525.51,86.333
726,4,525.66,87.678
727,4,525.82,89.076
728,4,525.99,90.527
729,4,526.17,92.03
730,4,526.35,93.584
731,4,526.55,95.19
732,4,526.75,96.846
733,4,526.97,98.551
734,4,527.19,100.31
735,4,527.43,102.11
736,4,527.67,103.96
737,4,527.93,105.85
738,4,528.19,107.8
739,4,528.47,109.78
740,4,528.76,111.81
741,4,529.06,113.88
742,4,529.38,115.99
743,4,529.7,118.15
744,4,530.04,120.34
745,4,530.39,122.57
746,4,530.75,124.83
747,4,531.13,127.13
748,4,531.52,129.46
749,4,531.92,131.83
750,4,532.34,134.22
751,4,532.77,136.64
752,4,533.21,139.09
753,4,533.66,141.57
754,4,534.13,144.07
755,4,534.62,146.59
756,4,535.11,149.13
757,4,535.63,151.68
758,4,536.15,154.26
759,4,536.69,156.84
760,4,537.24,159.44
761,4,537.8,162.05
762,4,538.38,164.67
763,4,538.97,167.29
764,4,539.57,169.91
765,4,540.19,172.54
766,4,540.82,175.16
767,4,541.46,177.78
768,4,542.11,180.4
769,4,542.77,183.01
770,4,543.45,185.6
771,4,544.13,188.19
772,4,544.83,190.75
773,4,545.54,193.3
774,4,546.26,195.83
775,4,546.99,198.34
776,4,547.72,200.82
777,4,548.47,203.28
778,4,549.23,205.71
779,4,549.99,208.1
780,4,550.77,210.46
781,4,551.55,212.79
782,4,552.34,215.08
783,4,553.13,217.33
784,4,553.94,219.53
785,4,554.75,221.7
786,4,555.56,223.82
787,4,556.38,225.89
788,4,557.21,227.91
789,4,558.04,229.89
790,4,558.88,231.81
791,4,559.73,233.68
792,4,560.57,235.5
793,4,561.43,237.26
794,4,562.28,238.97
795,4,563.14,240.61
796,4,564.01,242.2
797,4,564.88,243.73
798,4,565.75,245.21
799,4,566.63,246.62
800,4,567.51,247.97
801,4,568.39,249.25
802,4,569.28,250.48
803,4,570.17,251.64
804,4,571.06,252.73
805,4,571.96,253.76
806,4,572.86,254.73
807,4,573.76,255.63
808,4,574.67,256.47
809,4,575.58,257.24
810,4,576.49,257.94
811,4,577.41,258.58
812,4,578.33,259.15
813,4,579.25,259.66
814,4,580.18,260.1
815,4,581.11,260.47
816,4,582.04,260.77
817,4,582.98,261
818,4,583.92,261.17
819,4,584.86,261.28
820,4,585.81,261.31
821,4,586.76,261.28
822,4,587.71,261.18
823,4,588.67,261.01
824,4,589.63,260.78
825,4,590.59,260.48
826,4,591.55,260.12
827,4,592.52,259.69
828,4,593.49,259.2
829,4,594.47,258.64
830,4,595.44,258.01
831,4,596.42,257.33
832,4,597.4,256.57
833,4,598.38,255.76
834,4,599.36,254.89
835,4,600.34,253.95
836,4,601.33,252.95
837,4,602.31,251.89
838,4,603.29,250.78
839,4,604.28,249.6
840,4,605.26,248.37
841,4,606.25,247.08
842,4,607.23,245.73
843,4,608.21,244.33
844,4,609.19,242.87
845,4,610.17,241.37
846,4,611.15,239.81
847,4,612.12,238.2
848,4,613.09,236.54
849,4,614.06,234.83
850,4,615.03,233.07
851,4,615.99,231.27
852,4,616.95,229.42
853,4,617.9,227.54
854,4,618.85,225.6
855,4,619.8,223.63
856,4,620.74,221.62
857,4,621.68,219.57
858,4,622.61,217.49
859,4,623.53,215.37
860,4,624.46,213.22
861,4,625.37,211.03
862,4,626.28,208.82
863,4,627.18,206.58
864,4,628.08,204.32
865,4,628.96,202.03
866,4,629.85,199.71
867,4,630.72,197.38
868,4,631.58,195.03
869,4,632.44,192.66
870,4,633.29,190.28
871,4,634.13,187.89
872,4,634.96,185.48
873,4,635.79,183.07
874,4,636.6,180.65
875,4,637.4,178.23
876,4,638.2,175.81
877,4,638.98,173.38
878,4,639.75,170.96
879,4,640.52,168.54
880,4,641.27,166.13
881,4,642.01,163.73
882,4,642.74,161.34
883,4,643.46,158.96
884,4,644.17,156.59
885,4,644.86,154.24
886,4,645.55,151.91
887,4,646.22,149.6
888,4,646.88,147.31
889,4,647.53,145.04
890,4,648.17,142.8
891,4,648.8,140.59
892,4,649.42,138.4
893,4,650.02,136.25
894,4,650.61,134.13
895,4,651.19,132.04
896,4,651.76,129.98
897,4,652.32,127.97
898,4,652.87,125.99
899,4,653.41,124.05
900,4,653.93,122.16
901,4,654.45,120.3
902,4,654.96,118.5
903,4,655.45,116.73
904,4,655.94,115.02
905,4,656.41,113.35
906,4,656.88,111.73
907,4,657.34,110.16
908,4,657.78,108.65
909,4,658.22,107.19
910,4,658.65,105.78
911,4,659.08,104.43
912,4,659.49,103.14
913,4,659.9,101.9
914,4,660.3,100.72
915,4,660.69,99.607
916,4,661.08,98.55
917,4,661.46,97.555
918,4,661.83,96.622
919,4,662.2,95.753
920,4,662.57,94.948
921,4,662.92,94.208
922,4,663.28,93.533
923,4,663.63,92.924
924,4,663.98,92.383
925,4,664.33,91.908
926,4,664.67,91.502
927,4,665.01,91.164
928,4,665.35,90.894
929,4,665.69,90.694
930,4,666.03,90.563
931,4,666.37,90.502
932,4,666.7,90.511
933,4,667.04,90.59
934,4,667.39,90.74
935,4,667.73,90.96
936,4,668.07,91.252
937,4,668.42,91.613
938,4,668.78,92.046
939,4,669.13,92.55
940,4,669.49,93.124
941,4,669.86,93.769
942,4,670.23,94.484
943,4,670.61,95.27
944,4,670.99,96.125
945,4,671.38,97.051
946,4,671.78,98.046
947,4,672.19,99.11
948,4,672.6,100.24
949,4,673.03,101.44
950,4,673.46,102.71
951,4,673.91,104.05
952,4,674.36,105.45
953,4,674.82,106.91
954,4,675.3,108.44
955,4,675.78,110.04
956,4,676.28,111.69
957,4,676.79,113.41
958,4,677.31,115.19
959,4,677.85,117.03
960,4,678.4,118.92
961,4,678.96,120.87
962,4,679.53,122.88
963,4,680.12,124.94
964,4,680.72,127.05
965,4,681.34,129.21
966,4,681.97,131.42
967,4,682.61,133.67
968,4,683.27,135.97
969,4,683.94,138.31
970,4,684.62,140.69
971,4,685.32,143.11
972,4,686.04,145.56
973,4,686.76,148.05
974,4,687.51,150.56
975,4,688.26,153.11
976,4,689.03,155.68
977,4,689.81,158.27
978,4,690.6,160.89
979,4,691.41,163.52
980,4,692.23,166.16
981,4,693.06,168.82
982,4,693.9,171.49
983,4,694.75,174.17
984,4,695.61,176.85
985,4,696.48,179.53
986,4,697.37,182.21
987,4,698.26,184.89
988,4,699.16,187.56
989,4,700.07,190.22
990,4,700.98,192.86
991,4,701.91,195.5
992,4,702.84,198.11
993,4,703.77,200.71
994,4,704.71,203.28
995,4,705.66,205.83
996,4,706.61,208.35
997,4,707.57,210.84
998,4,708.53,213.3
999,4,709.49,215.72
1000,4,710.45,218.11
1001,4,711.42,220.45
1002,4,712.39,222.76
1003,4,713.36,225.03
1004,4,714.33,227.25
1005,4,715.3,229.42
1006,4,716.28,231.55
1007,4,717.25,233.62
1008,4,718.22,235.65
1009,4,719.19,237.62
1010,4,720.16,239.54
1011,4,721.13,241.41
1012,4,722.1,243.22
1013,4,723.06,244.97
1014,4,724.03,246.67
1015,4,724.99,248.3
1016,4,725.95,249.88
1017,4,726.91,251.39
1018,4,727.86,252.85
1019,4,728.82,254.24
1020,4,729.77,255.58
1021,4,730.72,256.85
1022,4,731.66,258.05
1023,4,732.6,259.2
1024,4,733.55,260.28
1025,4,734.48,261.3
1026,4,735.42,262.25
1027,4,736.35,263.14
1028,4,737.28,263.97
1029,4,738.21,264.73
1030,4,739.14,265.43
1031,4,740.06,266.07
1032,4,740.98,266.64
1033,4,741.9,267.15
1034,4,742.81,267.59
1035,4,743.72,267.98
1036,4,744.63,268.3
1037,4,745.53,268.55
1038,4,746.44,268.75
1039,4,747.34,268.88
1040,4,748.23,268.96
1041,4,749.12,268.97
1042,4,750.01,268.92
1043,4,750.9,268.82
1044,4,751.78,268.65
1045,4,752.65,268.43
1046,4,753.52,268.15
1047,4,754.39,267.81
1048,4,755.25,267.41
1049,4,756.11,266.96
1050,4,756.96,266.45
1051,4,757.81,265.89
1052,4,758.65,265.28
1053,4,759.48,264.61
1054,4,760.31,263.9
1055,4,761.12,263.13
1056,4,761.94,262.31
1057,4,762.74,261.44
1058,4,763.54,260.53
1059,4,764.33,259.56
1060,4,765.11,258.56
1061,4,765.89,257.5
1062,4,766.65,256.4
1063,4,767.41,255.26
1064,4,768.16,254.08
1065,4,768.9,252.86
1066,4,769.63,251.59
1067,4,770.36,250.29
1068,4,771.07,248.95
1069,4,771.78,247.57
1070,4,772.47,246.15
1071,4,773.16,244.7
1072,4,773.84,243.21
1073,4,774.51,241.69
1074,4,775.17,240.14
1075,4,775.82,238.56
1076,4,776.46,236.95
1077,4,777.09,235.31
1078,4,777.72,233.63
1079,4,778.33,231.94
1080,4,778.94,230.21
1081,4,779.54,228.46
1082,4,780.13,226.69
1083,4,780.71,224.9
1084,4,781.28,223.08
1085,4,781.84,221.24
1086,4,782.4,219.39
1087,4,782.94,217.51
1088,4,783.48,215.62
1089,4,784.01,213.72
1090,4,784.54,211.8
1091,4,785.05,209.87
1092,4,785.56,207.93
1093,4,786.06,205.98
1094,4,786.55,204.02
1095,4,787.03,202.06
1096,4,787.51,200.09
1097,4,787.98,198.11
1098,4,788.44,196.14
1099,4,788.9,194.17
1100,4,789.35,192.19
1101,4,789.79,190.22
1102,4,790.23,188.26
1103,4,790.66,186.3
1104,4,791.08,184.35
1105,4,791.5,182.41
1106,4,791.91,180.47
1107,4,792.31,178.56
1108,4,792.71,176.65
1109,4,793.11,174.76
1110,4,793.5,172.89
1111,4,793.88,171.04
1112,4,794.26,169.2
1113,4,794.63,167.39
1114,4,795.01,165.6
1115,4,795.37,163.84
1116,4,795.73,162.1
1117,4,796.09,160.39
1118,4,796.45,158.71
1119,4,796.8,157.05
1120,4,797.15,155.43
1121,4,797.5,153.85
1122,4,797.84,152.29
1123,4,798.18,150.78
1124,4,798.52,149.3
1125,4,798.86,147.85
1126,4,799.2,146.45
1127,4,799.53,145.09
1128,4,799.87,143.77
1129,4,800.2,142.49
1130,4,800.54,141.25
1131,4,800.87,140.06
1132,4,801.21,138.92
1133,4,801.54,137.83
1134,4,801.88,136.78
1135,4,802.22,135.78
1136,4,802.56,134.83
1137,4,802.91,133.94
1138,4,803.25,133.09
1139,4,803.6,132.3
1140,4,803.95,131.56
1141,4,804.31,130.88
1142,4,804.67,130.26
1143,4,805.04,129.69
1144,4,805.41,129.18
1145,4,805.78,128.73
1146,4,806.16,128.33
1147,4,806.55,128
1148,4,806.95,127.73
1149,4,807.35,127.52
1150,4,807.75,127.37
1151,4,808.17,127.29
1152,4,808.59,127.27
1153,4,809.03,127.32
1154,4,809.47,127.43
1155,4,809.92,127.6
1156,4,810.38,127.84
1157,4,810.85,128.15
1158,4,811.33,128.52
1159,4,811.82,128.97
1160,4,812.33,129.47
1161,4,812.84,130.05
1162,4,813.37,130.69
1163,4,813.91,131.41
1164,4,814.46,132.18
1165,4,815.03,133.03
1166,4,815.61,133.94
1167,4,816.21,134.93
1168,4,816.82,135.97
1169,4,817.44,137.09
1170,4,818.08,138.27
1171,4,818.74,139.51
1172,4,819.41,140.82
1173,4,820.1,142.19
1174,4,820.81,143.63
1175,4,821.53,145.12
1176,4,822.27,146.68
1177,4,823.02,148.3
1178,4,823.8,149.97
1179,4,824.59,151.71
1180,4,825.4,153.5
1181,4,826.23,155.34
1182,4,827.08,157.23
1183,4,827.94,159.18
1184,4,828.83,161.17
1185,4,829.73,163.21
1186,4,830.65,165.29
1187,4,831.59,167.41
1188,4,832.55,169.58
1189,4,833.52,171.77
1190,4,834.52,174.01
1191,4,835.53,176.27
1192,4,836.55,178.56
1193,4,837.6,180.88
1194,4,838.66,183.21
1195,4,839.74,185.57
1196,4,840.83,187.94
1197,4,841.94,190.32
1198,4,843.06,192.71
1199,4,844.2,195.1
1200,4,845.35,197.5
1201,4,846.52,199.89
1202,4,847.7,202.27
1203,4,848.88,204.65
1204,4,850.09,207.01
1205,4,851.3,209.35
1206,4,852.52,211.67
1207,4,853.75,213.97
1208,4,854.99,216.24
1209,4,856.24,218.47
1210,4,857.49,220.66
1211,4,858.76,222.82
1212,4,860.03,224.93
1213,4,861.3,226.99
1214,4,862.58,229.01
1215,4,863.87,230.96
1216,4,865.16,232.87
1217,4,866.46,234.71
1218,4,867.76,236.48
1219,4,869.06,238.2
1220,4,870.37,239.84
1221,4,871.68,241.41
1222,4,873,242.91
1223,4,874.31,244.33
1224,4,875.63,245.68
1225,4,876.96,246.94
1226,4,878.28,248.12
1227,4,879.61,249.22
1228,4,880.94,250.24
1229,4,882.27,251.16
1230,4,883.61,252.01
1231,4,884.94,252.76
1232,4,886.29,253.42
1233,4,887.63,253.99
1234,4,888.97,254.47
1235,4,890.32,254.86
1236,4,891.67,255.15
1237,4,893.03,255.35
1238,4,894.38,255.46
1239,4,895.74,255.47
1240,4,897.11,255.39
1241,4,898.47,255.22
1242,4,899.84,254.95
1243,4,901.21,254.59
1244,4,902.59,254.14
1245,4,903.96,253.59
1246,4,905.35,252.95
1247,4,906.73,252.22
1248,4,908.11,251.4
1249,4,909.5,250.5
1250,4,910.89,249.5
1251,4,912.28,248.41
1252,4,913.68,247.25
1253,4,915.07,245.99
1254,4,916.47,244.66
1255,4,917.86,243.24
1256,4,919.26,241.75
1257,4,920.65,240.17
1258,4,922.05,238.53
1259,4,923.44,236.81
1260,4,924.84,235.02
1261,4,926.23,233.16
1262,4,927.61,231.23
1263,4,929,229.24
1264,4,930.38,227.19
1265,4,931.75,225.09
1266,4,933.12,222.92
1267,4,934.49,220.7
1268,4,935.85,218.43
1269,4,937.2,216.12
1270,4,938.55,213.75
1271,4,939.89,211.35
1272,4,941.22,208.9
1273,4,942.54,206.42
1274,4,943.86,203.9
1275,4,945.16,201.35
1276,4,946.46,198.77
1277,4,947.75,196.17
1278,4,949.02,193.55
1279,4,950.29,190.9
1280,4,951.54,188.24
1281,4,952.79,185.56
1282,4,954.02,182.88
1283,4,955.24,180.18
1284,4,956.45,177.49
1285,4,957.65,174.79
1286,4,958.83,172.1
1287,4,960,169.41
1288,4,961.16,166.73
1289,4,962.3,164.06
1290,4,963.44,161.41
1291,4,964.55,158.78
1292,4,965.66,156.17
1293,4,966.74,153.59
1294,4,967.82,151.04
1295,4,968.88,148.53
1296,4,969.93,146.05
1297,4,970.96,143.61
1298,4,971.98,141.21
1299,4,972.98,138.86
1300,4,973.97,136.56
1301,4,974.94,134.32
1302,4,975.9,132.13
1303,4,976.84,130
1304,4,977.77,127.93
1305,4,978.69,125.93
1306,4,979.59,124
1307,4,980.48,122.13
1308,4,981.36,120.35
1309,4,982.22,118.63
1310,4,983.07,117
1311,4,983.91,115.45
1312,4,984.74,113.97
1313,4,985.55,112.59
1314,4,986.36,111.29
1315,4,987.16,110.08
1316,4,987.94,108.96
1317,4,988.72,107.93
1318,4,989.49,106.99
1319,4,990.25,106.15
1320,4,991.01,105.41
1321,4,991.75,104.76
1322,4,992.5,104.21
1323,4,993.23,103.76
1324,4,993.97,103.41
1325,4,994.7,103.16
1326,4,995.43,103.02
1327,4,996.15,102.98
1328,4,996.88,103.04
1329,4,997.6,103.2
1330,4,998.32,103.47
1331,4,999.05,103.85
1332,4,999.77,104.33
1333,4,1000.5,104.91
1334,4,1001.2,105.6
1335,4,1002,106.4
1336,4,1002.7,107.3
1337,4,1003.5,108.31
1338,4,1004.2,109.42
1339,4,1005,110.63
1340,4,1005.7,111.95
1341,4,1006.5,113.38
1342,4,1007.3,114.91
1343,4,1008.1,116.53
1344,4,1008.9,118.26
1345,4,1009.7,120.09
1346,4,1010.5,122.02
1347,4,1011.3,124.05
1348,4,1012.2,126.17
1349,4,1013,128.39
1350,4,1013.9,130.7
1351,4,1014.8,133.1
1352,4,1015.7,135.59
1353,4,1016.6,138.16
1354,4,1017.5,140.82
1355,4,1018.5,143.57
1356,4,1019.4,146.39
1357,4,1020.4,149.29
1358,4,1021.4,152.26
1359,4,1022.4,155.3
1360,4,1023.4,158.41
1361,4,1024.4,161.58
1362,4,1025.5,164.81
1363,4,1026.5,168.09
1364,4,1027.6,171.43
1365,4,1028.7,174.81
1366,4,1029.8,178.23
1367,4,1030.9,181.69
1368,4,1032.1,185.17
1369,4,1033.2,188.69
1370,4,1034.4,192.22
1371,4,1035.5,195.77
1372,4,1036.7,199.33
1373,4,1037.9,202.89
1374,4,1039.1,206.45
1375,4,1040.3,209.99
1376,4,1041.5,213.52
1377,4,1042.8,217.03
1378,4,1044,220.52
1379,4,1045.3,223.97
1380,4,1046.5,227.38
1381,4,1047.7,230.74
1382,4,1049,234.05
1383,4,1050.2,237.31
1384,4,1051.5,240.5
1385,4,1052.8,243.63
1386,4,1054,246.69
1387,4,1055.3,249.66
1388,4,1056.5,252.56
1389,4,1057.8,255.37
1390,4,1059,258.09
1391,4,1060.2,260.72
1392,4,1061.5,263.24
1393,4,1062.7,265.67
1394,4,1064,267.99
1395,4,1065.2,270.21
1396,4,1066.4,272.31
1397,4,1067.6,274.3
1398,4,1068.8,276.17
1399,4,1070,277.92
1400,4,1071.2,279.55
1401,4,1072.4,281.06
1402,4,1073.6,282.44
1403,4,1074.8,283.7
1404,4,1076,284.83
1405,4,1077.2,285.83
1406,4,1078.3,286.7
1407,4,1079.5,287.44
1408,4,1080.7,288.04
1409,4,1081.8,288.52
1410,4,1083,288.86
1411,4,1084.1,289.07
1412,4,1085.3,289.15
1413,4,1086.4,289.09
1414,4,1087.5,288.91
1415,4,1088.7,288.59
1416,4,1089.8,288.15
1417,4,1090.9,287.57
1418,4,1092,286.87
1419,4,1093.1,286.05
1420,4,1094.2,285.1
1421,4,1095.3,284.03
1422,4,1096.4,282.83
1423,4,1097.5,281.52
1424,4,1098.6,280.1
1425,4,1099.7,278.56
1426,4,1100.8,276.92
1427,4,1101.9,275.16
1428,4,1102.9,273.31
1429,4,1104,271.35
1430,4,1105.1,269.3
1431,4,1106.1,267.16
1432,4,1107.2,264.92
1433,4,1108.2,262.6
1434,4,1109.3,260.21
1435,4,1110.3,257.73
1436,4,1111.3,255.18
1437,4,1112.4,252.57
1438,4,1113.4,249.89
1439,4,1114.4,247.16
1440,4,1115.4,244.37
1441,4,1116.4,241.54
1442,4,1117.4,238.66
1443,4,1118.4,235.75
1444,4,1119.4,232.8
1445,4,1120.3,229.83
1446,4,1121.3,226.83
1447,4,1122.3,223.82
1448,4,1123.2,220.8
1449,4,1124.1,217.77
1450,4,1125.1,214.74
1451,4,1126,211.72
1452,4,1126.9,208.71
1453,4,1127.8,205.72
1454,4,1128.7,202.75
1455,4,1129.6,199.81
1456,4,1130.4,196.91
1457,4,1131.3,194.04
1458,4,1132.1,191.21
1459,4,1132.9,188.44
1460,4,1133.7,185.72
1461,4,1134.5,183.06
1462,4,1135.3,180.47
1463,4,1136.1,177.94
1464,4,1136.8,175.49
1465,4,1137.6,173.13
1466,4,1138.3,170.84
1467,4,1139,168.65
1468,4,1139.7,166.56
1469,4,1140.3,164.56
1470,4,1141,162.66
1471,4,1141.6,160.88
1472,4,1142.2,159.21
1473,4,1142.8,157.65
1474,4,1143.4,156.21
1475,4,1143.9,154.9
1476,4,1144.4,153.72
1477,4,1145,152.67
1478,4,1145.4,151.76
1479,4,1145.9,150.99
1480,4,1146.4,150.36
1481,4,1146.8,149.87
1482,4,1147.2,149.53
1483,4,1147.6,149.35
1484,4,1148,149.31
1485,4,1148.3,149.44
1486,4,1148.6,149.72
1487,4,1148.9,150.16
1488,4,1149.2,150.77
1489,4,1149.5,151.53
1490,4,1149.8,152.47
1491,4,1150,153.57
1492,4,1150.2,154.84
1493,4,1150.4,156.27
1494,4,1150.6,157.88
1495,4,1150.7,159.65
1496,4,1150.9,161.6
1497,4,1151,163.71
1498,4,1151.1,166
1499,4,1151.2,168.46
1500,4,1151.3,171.08
1501,4,1151.4,173.88
1502,4,1151.4,176.84
1503,4,1151.5,179.97
1504,4,1151.5,183.26
1505,4,1151.5,186.72
1506,4,1151.6,190.33
1507,4,1151.6,194.11
1508,4,1151.6,198.04
1509,4,1151.6,202.13
1510,4,1151.5,206.37
1511,4,1151.5,210.76
1512,4,1151.5,215.29
1513,4,1151.5,219.95
1514,4,1151.4,224.76
1515,4,1151.4,229.69
1516,4,1151.4,234.75
1517,4,1151.4,239.93
1518,4,1151.3,245.23
1519,4,1151.3,250.63
1520,4,1151.3,256.13
1521,4,1151.3,261.73
1522,4,1151.3,267.42
1523,4,1151.3,273.19
1524,4,1151.3,279.03
1525,4,1151.3,284.94
1526,4,1151.4,290.91
1527,4,1151.4,296.93
1528,4,1151.5,302.99
1529,4,1151.6,309.08
1530,4,1151.7,315.2
1531,4,1151.8,321.33
1532,4,1151.9,327.47
1533,4,1152.1,333.61
1534,4,1152.2,339.73
1535,4,1152.5,345.84
1536,4,1152.7,351.92
1537,4,1152.9,357.97
1538,4,1153.2,363.97
1539,4,1153.5,369.92
1540,4,1153.9,375.81
1541,4,1154.2,381.63
1542,4,1154.6,387.38
1543,4,1155.1,393.04
1544,4,1155.5,398.61
1545,4,1156,404.08
1546,4,1156.6,409.45
1547,4,1157.1,414.71
1548,4,1157.7,419.85
1549,4,1158.4,424.86
1550,4,1159,429.75
1551,4,1159.8,434.49
1552,4,1160.5,439.1
1553,4,1161.3,443.56
1554,4,1162.1,447.86
1555,4,1162.9,452.01
1556,4,1163.8,456
1557,4,1164.8,459.82
1558,4,1165.7,463.47
1559,4,1166.7,466.94
1560,4,1167.7,470.23
1561,4,1168.8,473.35
1562,4,1169.9,476.27
1563,4,1171,479.01
1564,4,1172.2,481.55
1565,4,1173.4,483.9
1566,4,1174.7,486.05
1567,4,1175.9,488.01
1568,4,1177.2,489.76
1569,4,1178.6,491.3
1570,4,1179.9,492.64
1571,4,1181.3,493.77
1572,4,1182.7,494.69
1573,4,1184.2,495.41
1574,4,1185.6,495.91
1575,4,1187.1,496.2
1576,4,1188.6,496.27
1577,4,1190.2,496.13
1578,4,1191.7,495.78
1579,4,1193.3,495.22
1580,4,1194.9,494.44
1581,4,1196.5,493.46
1582,4,1198.2,492.26
1583,4,1199.8,490.85
1584,4,1201.5,489.24
1585,4,1203.2,487.42
1586,4,1204.9,485.39
1587,4,1206.6,483.17
1588,4,1208.3,480.74
1589,4,1210,478.12
1590,4,1211.7,475.31
1591,4,1213.5,472.3
1592,4,1215.2,469.12
1593,4,1217,465.75
1594,4,1218.7,462.2
1595,4,1220.5,458.48
1596,4,1222.2,454.6
1597,4,1224,450.55
1598,4,1225.7,446.35
1599,4,1227.5,442
1600,4,1229.2,437.5
1601,4,1231,432.87
1602,4,1232.7,428.1
1603,4,1234.4,423.22
1604,4,1236.1,418.21
1605,4,1237.8,413.09
1606,4,1239.5,407.87
1607,4,1241.2,402.56
1608,4,1242.8,397.16
1609,4,1244.5,391.68
1610,4,1246.1,386.12
1611,4,1247.7,380.51
1612,4,1249.3,374.84
1613,4,1250.9,369.12
1614,4,1252.5,363.36
1615,4,1254,357.58
1616,4,1255.6,351.77
1617,4,1257.1,345.95
1618,4,1258.6,340.13
1619,4,1260.1,334.31
1620,4,1261.5,328.51
1621,4,1262.9,322.73
1622,4,1264.4,316.98
1623,4,1265.8,311.28
1624,4,1267.1,305.62
1625,4,1268.5,300.02
1626,4,1269.9,294.49
1627,4,1271.2,289.03
1628,4,1272.5,283.65
1629,4,1273.8,278.36
1630,4,1275.1,273.16
1631,4,1276.3,268.07
1632,4,1277.6,263.09
1633,4,1278.8,258.22
1634,4,1280,253.48
1635,4,1281.3,248.86
1636,4,1282.5,244.38
1637,4,1283.6,240.03
1638,4,1284.8,235.83
1639,4,1286,231.77
1640,4,1287.2,227.87
1641,4,1288.3,224.12
1642,4,1289.5,220.53
1643,4,1290.6,217.11
1644,4,1291.8,213.85
1645,4,1292.9,210.76
1646,4,1294,207.84
1647,4,1295.2,205.09
1648,4,1296.3,202.52
1649,4,1297.5,200.13
1650,4,1298.6,197.92
1651,4,1299.8,195.88
1652,4,1300.9,194.03
1653,4,1302.1,192.36
1654,4,1303.3,190.88
1655,4,1304.5,189.57
1656,4,1305.7,188.45
1657,4,1306.9,187.51
1658,4,1308.1,186.76
1659,4,1309.4,186.18
1660,4,1310.6,185.79
1661,4,1311.9,185.57
1662,4,1313.2,185.54
1663,4,1314.5,185.67
1664,4,1315.9,185.99
1665,4,1317.2,186.47
1666,4,1318.6,187.13
1667,4,1320.1,187.95
1668,4,1321.5,188.93
1669,4,1323,190.08
1670,4,1324.5,191.38
1671,4,1326,192.84
1672,4,1327.6,194.45
1673,4,1329.2,196.2
1674,4,1330.8,198.09
1675,4,1332.5,200.12
1676,4,1334.2,202.28
1677,4,1335.9,204.57
1678,4,1337.7,206.97
1679,4,1339.5,209.5
1680,4,1341.3,212.13
1681,4,1343.2,214.86
1682,4,1345.1,217.69
1683,4,1347.1,220.61
1684,4,1349.1,223.61
1685,4,1351.1,226.68
1686,4,1353.2,229.82
1687,4,1355.3,233.02
1688,4,1357.5,236.27
1689,4,1359.6,239.57
1690,4,1361.9,242.9
1691,4,1364.1,246.25
1692,4,1366.4,249.63
1693,4,1368.7,253.01
1694,4,1371.1,256.4
1695,4,1373.5,259.77
1696,4,1375.9,263.13
1697,4,1378.4,266.46
1698,4,1380.9,269.76
1699,4,1383.4,273.01
1700,4,1385.9,276.21
1701,4,1388.5,279.36
1702,4,1391.1,282.43
1703,4,1393.7,285.43
1704,4,1396.3,288.34
1705,4,1399,291.17
1706,4,1401.7,293.89
1707,4,1404.4,296.51
1708,4,1407.1,299.02
1709,4,1409.8,301.4
1710,4,1412.6,303.67
1711,4,1415.3,305.8
1712,4,1418.1,307.8
1713,4,1420.9,309.65
1714,4,1423.7,311.36
1715,4,1426.5,312.92
1716,4,1429.3,314.32
1717,4,1432.1,315.57
1718,4,1435,316.65
1719,4,1437.8,317.58
1720,4,1440.6,318.33
1721,4,1443.5,318.92
1722,4,1446.3,319.34
1723,4,1449.1,319.59
1724,4,1452,319.67
1725,4,1454.8,319.58
1726,4,1457.6,319.32
1727,4,1460.4,318.88
1728,4,1463.2,318.28
1729,4,1466,317.51
1730,4,1468.8,316.57
1731,4,1471.6,315.47
1732,4,1474.3,314.21
1733,4,1477.1,312.79
1734,4,1479.8,311.21
1735,4,1482.5,309.49
1736,4,1485.2,307.61
1737,4,1487.8,305.59
1738,4,1490.5,303.43
1739,4,1493.1,301.13
1740,4,1495.7,298.71
1741,4,1498.2,296.16
1742,4,1500.7,293.49
1743,4,1503.2,290.71
1744,4,1505.6,287.82
1745,4,1508.1,284.83
1746,4,1510.4,281.74
1747,4,1512.7,278.57
1748,4,1515,275.3
1749,4,1517.3,271.96
1750,4,1519.5,268.55
1751,4,1521.6,265.07
1752,4,1523.7,261.54
1753,4,1525.7,257.94
1754,4,1527.7,254.3
1755,4,1529.7,250.62
1756,4,1531.6,246.89
1757,4,1533.4,243.14
1758,4,1535.2,239.36
1759,4,1537,235.56
1760,4,1538.7,231.74
1761,4,1540.3,227.92
1762,4,1541.9,224.09
1763,4,1543.4,220.26
1764,4,1544.9,216.43
1765,4,1546.3,212.62
1766,4,1547.6,208.82
1767,4,1548.9,205.04
1768,4,1550.2,201.28
1769,4,1551.4,197.56
1770,4,1552.6,193.86
1771,4,1553.7,190.2
1772,4,1554.7,186.59
1773,4,1555.7,183.01
1774,4,1556.6,179.49
1775,4,1557.5,176.02
1776,4,1558.4,172.6
1777,4,1559.1,169.24
1778,4,1559.9,165.94
1779,4,1560.6,162.71
1780,4,1561.2,159.55
1781,4,1561.8,156.46
1782,4,1562.4,153.44
1783,4,1562.9,150.49
1784,4,1563.4,147.63
1785,4,1563.8,144.85
1786,4,1564.2,142.14
1787,4,1564.5,139.53
1788,4,1564.8,137
1789,4,1565.1,134.55
1790,4,1565.3,132.2
1791,4,1565.5,129.94
1792,4,1565.7,127.77
1793,4,1565.8,125.69
1794,4,1565.9,123.71
1795,4,1565.9,121.82
1796,4,1566,120.03
1797,4,1565.9,118.34
1798,4,1565.9,116.74
1799,4,1565.8,115.23
1800,4,1565.8,113.83
1801,4,1565.6,112.52
1802,4,1565.5,111.31
1803,4,1565.3,110.19
1804,4,1565.1,109.18
1805,4,1564.9,108.25
1806,4,1564.7,107.43
1807,4,1564.5,106.7
1808,4,1564.2,106.06
1809,4,1563.9,105.52
1810,4,1563.6,105.07
1811,4,1563.3,104.71
1812,4,1563,104.45
1813,4,1562.6,104.27
1814,4,1562.3,104.18
1815,4,1561.9,104.18
1816,4,1561.5,104.27
1817,4,1561.1,104.44
1818,4,1560.7,104.69
1819,4,1560.3,105.03
1820,4,1559.9,105.44
1821,4,1559.5,105.94
1822,4,1559.1,106.51
1823,4,1558.7,107.16
1824,4,1558.3,107.88
1825,4,1557.9,108.68
1826,4,1557.5,109.54
1827,4,1557.1,110.48
1828,4,1556.6,111.48
1829,4,1556.2,112.54
1830,4,1555.8,113.67
1831,4,1555.4,114.86
1832,4,1555.1,116.11
1833,4,1554.7,117.42
1834,4,1554.3,118.78
1835,4,1553.9,120.2
1836,4,1553.6,121.67
1837,4,1553.2,123.18
1838,4,1552.9,124.75
1839,4,1552.6,126.36
1840,4,1552.3,128.01
1841,4,1552,129.71
1842,4,1551.8,131.44
1843,4,1551.5,133.22
1844,4,1551.3,135.02
1845,4,1551.1,136.86
1846,4,1550.9,138.74
1847,4,1550.7,140.64
1848,4,1550.5,142.57
1849,4,1550.4,144.52
1850,4,1550.3,146.5
1851,4,1550.2,148.5
1852,4,1550.1,150.51
1853,4,1550.1,152.55
1854,4,1550.1,154.6
1855,4,1550.1,156.66
1856,4,1550.1,158.74
1857,4,1550.2,160.83
1858,4,1550.3,162.92
1859,4,1550.4,165.02
1860,4,1550.6,167.13
1861,4,1550.7,169.23
1862,4,1551,171.34
1863,4,1551.2,173.45
1864,4,1551.5,175.55
1865,4,1551.7,177.64
1866,4,1552.1,179.73
1867,4,1552.4,181.81
1868,4,1552.8,183.87
1869,4,1553.2,185.93
1870,4,1553.7,187.96
1871,4,1554.2,189.98
1872,4,1554.7,191.97
1873,4,1555.2,193.94
1874,4,1555.8,195.89
1875,4,1556.4,197.8
1876,4,1557,199.69
1877,4,1557.7,201.54
1878,4,1558.4,203.35
1879,4,1559.2,205.13
1880,4,1559.9,206.86
1881,4,1560.7,208.55
1882,4,1561.5,210.19
1883,4,1562.4,211.79
1884,4,1563.3,213.33
1885,4,1564.2,214.82
1886,4,1565.2,216.25
1887,4,1566.1,217.62
1888,4,1567.1,218.93
1889,4,1568.1,220.17
1890,4,1569.2,221.35
1891,4,1570.3,222.46
1892,4,1571.4,223.5
1893,4,1572.5,224.47
1894,4,1573.7,225.37
1895,4,1574.8,226.19
1896,4,1576,226.94
1897,4,1577.2,227.61
1898,4,1578.5,228.2
1899,4,1579.7,228.71
1900,4,1581,229.14
1901,4,1582.3,229.48
1902,4,1583.6,229.75
1903,4,1584.9,229.94
1904,4,1586.2,230.04
1905,4,1587.5,230.06
1906,4,1588.9,230
1907,4,1590.3,229.86
1908,4,1591.6,229.64
1909,4,1593,229.34
1910,4,1594.4,228.95
1911,4,1595.8,228.49
1912,4,1597.2,227.95
1913,4,1598.6,227.33
1914,4,1600,226.64
1915,4,1601.5,225.87
1916,4,1602.9,225.03
1917,4,1604.3,224.12
1918,4,1605.7,223.14
1919,4,1607.1,222.1
1920,4,1608.6,221
1921,4,1610,219.83
1922,4,1611.4,218.6
1923,4,1612.8,217.32
1924,4,1614.2,215.99
1925,4,1615.6,214.61
1926,4,1616.9,213.18
1927,4,1618.3,211.71
1928,4,1619.7,210.21
1929,4,1621,208.66
1930,4,1622.3,207.09
1931,4,1623.6,205.49
1932,4,1624.9,203.86
1933,4,1626.2,202.22
1934,4,1627.5,200.56
1935,4,1628.7,198.88
1936,4,1630,197.2
1937,4,1631.2,195.51
1938,4,1632.3,193.83
1939,4,1633.5,192.14
1940,4,1634.6,190.46
1941,4,1635.7,188.79
1942,4,1636.8,187.13
1943,4,1637.8,185.48
1944,4,1638.9,183.86
1945,4,1639.9,182.25
1946,4,1640.8,180.67
1947,4,1641.8,179.11
1948,4,1642.7,177.58
1949,4,1643.5,176.09
1950,4,1644.4,174.62
1951,4,1645.2,173.19
1952,4,1646,171.79
1953,4,1646.8,170.43
1954,4,1647.5,169.11
1955,4,1648.2,167.83
1956,4,1648.9,166.59
1957,4,1649.5,165.4
1958,4,1650.1,164.24
1959,4,1650.7,163.14
1960,4,1651.2,162.07
1961,4,1651.8,161.05
1962,4,1652.2,160.08
1963,4,1652.7,159.15
1964,4,1653.2,158.27
1965,4,1653.6,157.44
1966,4,1653.9,156.65
1967,4,1654.3,155.91
1968,4,1654.6,155.21
1969,4,1655,154.56
1970,4,1655.2,153.95
1971,4,1655.5,153.39
1972,4,1655.7,152.87
1973,4,1656,152.39
1974,4,1656.2,151.96
1975,4,1656.4,151.56
1976,4,1656.5,151.2
1977,4,1656.7,150.88
1978,4,1656.8,150.6
1979,4,1656.9,150.35
1980,4,1657,150.14
1981,4,1657.1,149.95
1982,4,1657.1,149.79
1983,4,1657.2,149.66
1984,4,1657.2,149.56
1985,4,1657.3,149.47
1986,4,1657.3,149.41
