1,1,27.44,284.39
2,1,26.861,285.35
3,1,26.276,286.33
4,1,25.685,287.34
5,1,25.09,288.37
6,1,24.491,289.42
7,1,23.888,290.5
8,1,23.283,291.6
9,1,22.676,292.72
10,1,22.069,293.87
11,1,21.461,295.03
12,1,20.855,296.22
13,1,20.25,297.42
14,1,19.648,298.65
15,1,19.048,299.89
16,1,18.453,301.16
17,1,17.863,302.44
18,1,17.277,303.73
19,1,16.698,305.05
20,1,16.124,306.38
21,1,15.558,307.73
22,1,14.999,309.09
23,1,14.447,310.47
24,1,13.904,311.86
25,1,13.369,313.26
26,1,12.843,314.68
27,1,12.326,316.11
28,1,11.818,317.55
29,1,11.32,319
30,1,10.833,320.47
31,1,10.355,321.94
32,1,9.8872,323.42
33,1,9.4301,324.91
34,1,8.9836,326.41
35,1,8.5477,327.92
36,1,8.1225,329.43
37,1,7.7081,330.95
38,1,7.3046,332.48
39,1,6.9118,334.01
40,1,6.53,335.55
41,1,6.1589,337.1
42,1,5.7987,338.65
43,1,5.4492,340.2
44,1,5.1104,341.76
45,1,4.7823,343.32
46,1,4.4647,344.88
47,1,4.1576,346.45
48,1,3.8608,348.02
49,1,3.5743,349.59
50,1,3.2979,351.16
51,1,3.0314,352.73
52,1,2.7749,354.31
53,1,2.528,355.88
54,1,2.2906,357.46
55,1,2.0627,359.03
56,1,1.8439,360.6
57,1,1.6342,362.18
58,1,1.4334,363.75
59,1,1.2413,365.32
60,1,1.0577,366.89
61,1,0.88247,368.46
62,1,0.71535,370.03
63,1,0.55619,371.59
64,1,0.40479,373.15
65,1,0.26096,374.71
66,1,0.12451,376.26
67,1,-0.0047542,377.81
68,1,-0.12703,379.35
69,1,-0.24251,380.9
70,1,-0.35138,382.43
71,1,-0.45385,383.96
72,1,-0.5501,385.49
73,1,-0.64032,387.01
74,1,-0.72471,388.52
75,1,-0.80345,390.03
76,1,-0.87674,391.53
77,1,-0.94475,393.03
78,1,-1.0077,394.52
79,1,-1.0657,396
80,1,-1.1189,397.47
81,1,-1.1677,398.93
82,1,-1.212,400.39
83,1,-1.2521,401.84
84,1,-1.2882,403.28
85,1,-1.3204,404.71
86,1,-1.3489,406.13
87,1,-1.3738,407.54
88,1,-1.3953,408.94
89,1,-1.4135,410.33
90,1,-1.4287,411.7
91,1,-1.4409,413.07
92,1,-1.4502,414.42
93,1,-1.4569,415.77
94,1,-1.461,417.1
95,1,-1.4628,418.41
96,1,-1.4622,419.71
97,1,-1.4595,421
98,1,-1.4547,422.28
99,1,-1.448,423.54
100,1,-1.4395,424.78
101,1,-1.4293,426.01
102,1,-1.4175,427.22
103,1,-1.4042,428.41
104,1,-1.3895,429.59
105,1,-1.3736,430.75
106,1,-1.3564,431.89
107,1,-1.3381,433.01
108,1,-1.3189,434.12
109,1,-1.2986,435.2
110,1,-1.2776,436.27
111,1,-1.2557,437.31
112,1,-1.2331,438.33
113,1,-1.21,439.34
114,1,-1.1862,440.32
115,1,-1.162,441.28
116,1,-1.1373,442.22
117,1,-1.1123,443.13
118,1,-1.0869,444.02
119,1,-1.0613,444.89
120,1,-1.0355,445.74
121,1,-1.0095,446.56
122,1,-0.9834,447.36
123,1,-0.95725,448.13
124,1,-0.93108,448.88
125,1,-0.90493,449.61
126,1,-0.87884,450.31
127,1,-0.85284,450.99
128,1,-0.82697,451.64
129,1,-0.80126,452.26
130,1,-0.77574,452.86
131,1,-0.75044,453.44
132,1,-0.72538,453.99
133,1,-0.7006,454.51
134,1,-0.6761,455.01
135,1,-0.65192,455.49
136,1,-0.62807,455.93
137,1,-0.60458,456.36
138,1,-0.58144,456.75
139,1,-0.5587,457.13
140,1,-0.53634,457.48
141,1,-0.5144,457.8
142,1,-0.49287,458.1
143,1,-0.47177,458.37
144,1,-0.45111,458.62
145,1,-0.4309,458.85
146,1,-0.41113,459.05
147,1,-0.39183,459.23
148,1,-0.37298,459.39
149,1,-0.3546,459.52
150,1,-0.33668,459.63
151,1,-0.31924,459.72
152,1,-0.30226,459.79
153,1,-0.28576,459.84
154,1,-0.26972,459.87
155,1,-0.25416,459.87
156,1,-0.23906,459.86
157,1,-0.22442,459.83
158,1,-0.21024,459.78
159,1,-0.19653,459.71
160,1,-0.18326,459.62
161,1,-0.17044,459.51
162,1,-0.15807,459.39
163,1,-0.14614,459.25
164,1,-0.13464,459.1
165,1,-0.12357,458.93
166,1,-0.11291,458.75
167,1,-0.10267,458.55
168,1,-0.092841,458.34
169,1,-0.083408,458.12
170,1,-0.074366,457.88
171,1,-0.065709,457.63
172,1,-0.057428,457.37
173,1,-0.049516,457.1
174,1,-0.041965,456.83
175,1,-0.034765,456.54
176,1,-0.027909,456.24
177,1,-0.021389,455.94
178,1,-0.015196,455.63
179,1,-0.0093208,455.31
180,1,-0.0037557,454.99
181,1,0.0015082,454.66
182,1,0.0064794,454.33
183,1,0.011167,453.99
184,1,0.015578,453.65
185,1,0.019723,453.31
186,1,0.02361,452.96
187,1,0.027246,452.61
188,1,0.030641,452.26
189,1,0.033803,451.92
190,1,0.036741,451.57
191,1,0.039461,451.22
192,1,0.041973,450.87
193,1,0.044285,450.53
194,1,0.046404,450.19
195,1,0.048338,449.85
196,1,0.050095,449.51
197,1,0.051683,449.18
198,1,0.053109,448.85
199,1,0.05438,448.53
200,1,0.055504,448.21
201,1,0.056487,447.9
202,1,0.057337,447.59
203,1,0.058061,447.29
204,1,0.058664,447
205,1,0.059155,446.71
206,1,0.059539,446.44
207,1,0.059822,446.17
208,1,0.06001,445.91
209,1,0.06011,445.66
210,1,0.060128,445.42
211,1,0.060069,445.18
212,1,0.059938,444.96
213,1,0.059741,444.75
214,1,0.059484,444.54
215,1,0.059171,444.35
216,1,0.058808,444.17
217,1,0.058399,444
218,1,0.057949,443.84
219,1,0.057463,443.7
220,1,0.056945,443.56
221,1,0.056399,443.43
222,1,0.05583,443.32
223,1,0.055241,443.22
224,1,0.054637,443.13
225,1,0.05402,443.05
226,1,0.053396,442.99
227,1,0.052767,442.94
228,1,0.052137,442.9
229,1,0.051509,442.87
230,1,0.050886,442.85
231,1,0.050271,442.84
232,1,0.049667,442.85
233,1,0.049077,442.87
234,1,0.048503,442.9
235,1,0.047949,442.95
236,1,0.047415,443
237,1,0.046906,443.07
238,1,0.046422,443.15
239,1,0.045966,443.24
240,1,0.04554,443.34
241,1,0.045146,443.46
242,1,0.044785,443.58
243,1,0.04446,443.72
244,1,0.044171,443.87
245,1,0.043921,444.03
246,1,0.04371,444.2
247,1,0.043539,444.38
248,1,0.04341,444.58
249,1,0.043325,444.78
250,1,0.043282,445
251,1,0.043285,445.22
252,1,0.043332,445.46
253,1,0.043426,445.7
254,1,0.043566,445.96
255,1,0.043752,446.23
256,1,0.043986,446.5
257,1,0.044266,446.79
258,1,0.044594,447.08
259,1,0.044969,447.39
260,1,0.045392,447.7
261,1,0.045861,448.02
262,1,0.046377,448.35
263,1,0.046938,448.69
264,1,0.047546,449.04
265,1,0.048198,449.4
266,1,0.048894,449.76
267,1,0.049633,450.13
268,1,0.050415,450.51
269,1,0.051237,450.89
270,1,0.052099,451.28
271,1,0.052999,451.68
272,1,0.053937,452.08
273,1,0.054909,452.49
274,1,0.055915,452.91
275,1,0.056953,453.32
276,1,0.05802,453.75
277,1,0.059114,454.17
278,1,0.060233,454.6
279,1,0.061375,455.03
280,1,0.062537,455.47
281,1,0.063717,455.91
282,1,0.064911,456.35
283,1,0.066116,456.79
284,1,0.067329,457.23
285,1,0.068548,457.67
286,1,0.069767,458.11
287,1,0.070985,458.56
288,1,0.072196,459
289,1,0.073397,459.44
290,1,0.074584,459.88
291,1,0.075753,460.32
292,1,0.076898,460.75
293,1,0.078015,461.19
294,1,0.0791,461.62
295,1,0.080147,462.05
296,1,0.081151,462.47
297,1,0.082106,462.89
298,1,0.083007,463.31
299,1,0.083848,463.72
300,1,0.084624,464.13
301,1,0.085327,464.53
302,1,0.085951,464.93
303,1,0.08649,465.32
304,1,0.086936,465.71
305,1,0.087284,466.09
306,1,0.087525,466.46
307,1,0.087652,466.83
308,1,0.087657,467.2
309,1,0.087533,467.55
310,1,0.087272,467.9
311,1,0.086864,468.24
312,1,0.086302,468.58
313,1,0.085578,468.9
314,1,0.084681,469.22
315,1,0.083603,469.54
316,1,0.082334,469.84
317,1,0.080865,470.14
318,1,0.079187,470.43
319,1,0.07729,470.72
320,1,0.075162,470.99
321,1,0.072795,471.26
322,1,0.070177,471.52
323,1,0.067298,471.78
324,1,0.064147,472.02
325,1,0.060714,472.26
326,1,0.056986,472.5
327,1,0.052954,472.72
328,1,0.048605,472.94
329,1,0.043928,473.15
330,1,0.038911,473.36
331,1,0.033542,473.56
332,1,0.027811,473.75
333,1,0.021704,473.94
334,1,0.01521,474.12
335,1,0.0083174,474.29
336,1,0.0010132,474.46
337,1,-0.0067142,474.62
338,1,-0.014877,474.78
339,1,-0.023487,474.93
340,1,-0.032557,475.07
341,1,-0.042098,475.21
342,1,-0.052122,475.35
343,1,-0.062642,475.48
344,1,-0.073668,475.6
345,1,-0.085213,475.73
346,1,-0.097287,475.84
347,1,-0.1099,475.95
348,1,-0.12307,476.06
349,1,-0.1368,476.17
350,1,-0.1511,476.27
351,1,-0.16598,476.36
352,1,-0.18146,476.46
353,1,-0.19754,476.55
354,1,-0.21423,476.63
355,1,-0.23153,476.72
356,1,-0.24947,476.8
357,1,-0.26804,476.88
358,1,-0.28724,476.96
359,1,-0.3071,477.03
360,1,-0.32761,477.1
361,1,-0.34877,477.17
362,1,-0.3706,477.24
363,1,-0.39309,477.31
364,1,-0.41624,477.37
365,1,-0.44006,477.43
366,1,-0.46455,477.49
367,1,-0.48971,477.56
368,1,-0.51553,477.61
369,1,-0.54201,477.67
370,1,-0.56915,477.73
371,1,-0.59694,477.79
372,1,-0.62537,477.84
373,1,-0.65444,477.9
374,1,-0.68414,477.96
375,1,-0.71445,478.01
376,1,-0.74537,478.07
377,1,-0.77687,478.12
378,1,-0.80894,478.18
379,1,-0.84156,478.23
380,1,-0.87472,478.28
381,1,-0.90839,478.34
382,1,-0.94254,478.4
383,1,-0.97715,478.45
384,1,-1.0122,478.51
385,1,-1.0476,478.56
386,1,-1.0834,478.62
387,1,-1.1196,478.68
388,1,-1.156,478.74
389,1,-1.1927,478.79
390,1,-1.2295,478.85
391,1,-1.2666,478.91
392,1,-1.3037,478.97
393,1,-1.3409,479.03
394,1,-1.3781,479.09
395,1,-1.4153,479.15
396,1,-1.4523,479.22
397,1,-1.4891,479.28
398,1,-1.5257,479.34
399,1,-1.5619,479.4
400,1,-1.5978,479.47
401,1,-1.6331,479.53
402,1,-1.6679,479.59
403,1,-1.702,479.66
404,1,-1.7354,479.72
405,1,-1.768,479.78
406,1,-1.7996,479.85
407,1,-1.8301,479.91
408,1,-1.8595,479.97
409,1,-1.8876,480.03
410,1,-1.9143,480.09
411,1,-1.9395,480.15
412,1,-1.9631,480.21
413,1,-1.9849,480.27
414,1,-2.0049,480.33
415,1,-2.0227,480.38
416,1,-2.0384,480.43
417,1,-2.0518,480.48
418,1,-2.0626,480.53
419,1,-2.0709,480.58
420,1,-2.0763,480.62
421,1,-2.0787,480.66
422,1,-2.0779,480.7
423,1,-2.0738,480.73
424,1,-2.0662,480.76
425,1,-2.0549,480.78
426,1,-2.0397,480.8
427,1,-2.0204,480.82
428,1,-1.9967,480.83
429,1,-1.9686,480.83
430,1,-1.9357,480.83
431,1,-1.8979,480.82
432,1,-1.8549,480.81
433,1,-1.8065,480.78
434,1,-1.7525,480.75
435,1,-1.6926,480.72
436,1,-1.6266,480.67
437,1,-1.5543,480.62
438,1,-1.4753,480.55
439,1,-1.3896,480.48
440,1,-1.2967,480.4
441,1,-1.1964,480.3
442,1,-1.0886,480.2
443,1,-0.9728,480.08
444,1,-0.84888,479.95
445,1,-0.71652,479.81
446,1,-0.57545,479.66
447,1,-0.42537,479.49
448,1,-0.266,479.31
449,1,-0.097042,479.11
450,1,0.081792,478.89
451,1,0.2708,478.67
452,1,0.47029,478.42
453,1,0.68055,478.16
454,1,0.90189,477.88
455,1,1.1346,477.58
456,1,1.379,477.26
457,1,1.6354,476.92
458,1,1.9041,476.56
459,1,2.1854,476.18
460,1,2.4796,475.78
461,1,2.7869,475.36
462,1,3.1078,474.92
463,1,3.4424,474.45
464,1,3.7911,473.96
465,1,4.1541,473.44
466,1,4.5318,472.9
467,1,4.9244,472.33
468,1,5.3321,471.74
469,1,5.7554,471.12
470,1,6.1943,470.47
471,1,6.6492,469.79
472,1,7.1204,469.09
473,1,7.608,468.35
474,1,8.1123,467.59
475,1,8.6337,466.8
476,1,9.1722,465.97
477,1,9.7281,465.12
478,1,10.302,464.23
479,1,10.893,463.31
480,1,11.503,462.36
481,1,12.131,461.38
482,1,12.777,460.36
483,1,13.442,459.31
484,1,14.126,458.23
485,1,14.829,457.11
486,1,15.551,455.96
487,1,16.293,454.77
488,1,17.054,453.54
489,1,17.835,452.29
490,1,18.636,450.99
491,1,19.456,449.66
492,1,20.297,448.3
493,1,21.157,446.9
494,1,22.038,445.47
495,1,22.938,444
496,1,23.859,442.49
497,1,24.8,440.95
498,1,25.76,439.37
499,1,26.741,437.76
500,1,27.742,436.11
501,1,28.762,434.43
502,1,29.801,432.72
503,1,30.86,430.97
504,1,31.938,429.19
505,1,33.035,427.38
506,1,34.15,425.53
507,1,35.284,423.66
508,1,36.435,421.75
509,1,37.604,419.81
510,1,38.789,417.85
511,1,39.992,415.86
512,1,41.21,413.83
513,1,42.443,411.79
514,1,43.692,409.72
515,1,44.955,407.62
516,1,46.231,405.5
517,1,47.52,403.36
518,1,48.822,401.19
519,1,50.135,399.01
520,1,51.458,396.81
521,1,52.791,394.59
522,1,54.133,392.35
523,1,55.483,390.1
524,1,56.841,387.84
525,1,58.204,385.57
526,1,59.572,383.28
527,1,60.944,380.98
528,1,62.319,378.68
529,1,63.696,376.37
530,1,65.074,374.05
531,1,66.451,371.73
532,1,67.827,369.41
533,1,69.2,367.09
534,1,70.569,364.77
535,1,71.934,362.45
536,1,73.292,360.13
537,1,74.644,357.82
538,1,75.987,355.51
539,1,77.321,353.21
540,1,78.644,350.91
541,1,79.956,348.63
542,1,81.256,346.36
543,1,82.542,344.09
544,1,83.814,341.84
545,1,85.071,339.6
546,1,86.311,337.38
547,1,87.534,335.17
548,1,88.74,332.98
549,1,89.927,330.8
550,1,91.094,328.64
551,1,92.241,326.5
552,1,93.368,324.38
553,1,94.473,322.28
554,1,95.556,320.19
555,1,96.617,318.13
556,1,97.654,316.08
557,1,98.668,314.06
558,1,99.658,312.06
559,1,100.62,310.08
560,1,101.56,308.12
561,1,102.48,306.19
562,1,103.37,304.27
563,1,104.23,302.38
564,1,105.07,300.52
565,1,105.88,298.67
566,1,106.67,296.85
567,1,107.43,295.06
568,1,108.16,293.28
569,1,108.86,291.53
570,1,109.54,289.81
571,1,110.19,288.1
572,1,110.82,286.43
573,1,111.41,284.77
574,1,111.98,283.14
575,1,112.53,281.54
576,1,113.04,279.95
577,1,113.53,278.4
578,1,113.99,276.86
579,1,114.43,275.35
580,1,114.84,273.86
581,1,115.22,272.4
582,1,115.58,270.96
583,1,115.91,269.54
584,1,116.22,268.15
585,1,116.5,266.78
586,1,116.75,265.43
587,1,116.98,264.11
588,1,117.19,262.8
589,1,117.37,261.52
590,1,117.52,260.26
591,1,117.65,259.03
592,1,117.76,257.81
593,1,117.85,256.62
594,1,117.91,255.45
595,1,117.95,254.29
596,1,117.97,253.16
597,1,117.97,252.05
598,1,117.94,250.96
599,1,117.9,249.89
600,1,117.83,248.84
601,1,117.75,247.8
602,1,117.65,246.79
603,1,117.53,245.8
604,1,117.39,244.82
605,1,117.23,243.86
606,1,117.05,242.92
607,1,116.86,242
608,1,116.66,241.09
609,1,116.43,240.2
610,1,116.2,239.33
611,1,115.95,238.48
612,1,115.69,237.64
613,1,115.41,236.82
614,1,115.12,236.02
615,1,114.83,235.23
616,1,114.52,234.45
617,1,114.2,233.7
618,1,113.87,232.96
619,1,113.54,232.23
620,1,113.2,231.52
621,1,112.85,230.83
622,1,112.49,230.15
623,1,112.13,229.48
624,1,111.77,228.83
625,1,111.4,228.2
626,1,111.03,227.58
627,1,110.66,226.98
628,1,110.28,226.39
629,1,109.91,225.82
630,1,109.53,225.26
631,1,109.16,224.72
632,1,108.78,224.19
633,1,108.41,223.67
634,1,108.03,223.17
635,1,107.66,222.69
636,1,107.29,222.21
637,1,106.93,221.75
638,1,106.57,221.31
639,1,106.21,220.88
640,1,105.85,220.46
641,1,105.5,220.05
642,1,105.15,219.66
643,1,104.81,219.28
644,1,104.47,218.91
645,1,104.14,218.55
646,1,103.81,218.2
647,1,103.49,217.86
648,1,103.17,217.54
649,1,102.86,217.22
650,1,102.55,216.92
651,1,102.25,216.62
652,1,101.96,216.34
653,1,101.67,216.06
654,1,101.38,215.79
655,1,101.1,215.53
656,1,100.83,215.28
657,1,100.56,215.03
658,1,100.3,214.8
659,1,100.04,214.57
660,1,99.791,214.35
661,1,99.546,214.13
662,1,99.306,213.92
663,1,99.071,213.72
664,1,98.842,213.52
665,1,98.617,213.33
666,1,98.398,213.15
667,1,98.184,212.97
668,1,97.974,212.79
669,1,97.769,212.62
670,1,97.569,212.46
671,1,97.374,212.29
672,1,97.183,212.14
673,1,96.996,211.98
674,1,96.813,211.84
675,1,96.634,211.69
676,1,96.459,211.55
677,1,96.288,211.41
678,1,96.12,211.27
679,1,95.956,211.14
680,1,95.795,211.01
681,1,95.638,210.89
682,1,95.483,210.77
683,1,95.331,210.65
684,1,95.182,210.53
685,1,95.036,210.42
686,1,94.892,210.31
687,1,94.75,210.2
688,1,94.611,210.1
689,1,94.473,210
690,1,94.338,209.9
691,1,94.205,209.81
692,1,94.073,209.71
693,1,93.943,209.63
694,1,93.815,209.54
695,1,93.688,209.46
696,1,93.562,209.39
697,1,93.438,209.32
698,1,93.314,209.25
699,1,93.192,209.19
700,1,93.071,209.13
701,1,92.951,209.08
702,1,92.832,209.03
703,1,92.713,208.99
704,1,92.596,208.95
705,1,92.479,208.92
706,1,92.363,208.9
707,1,92.248,208.88
708,1,92.133,208.88
709,1,92.019,208.88
710,1,91.906,208.89
711,1,91.794,208.9
712,1,91.682,208.93
713,1,91.571,208.97
714,1,91.461,209.01
715,1,91.352,209.07
716,1,91.244,209.14
717,1,91.137,209.22
718,1,91.031,209.31
719,1,90.927,209.42
720,1,90.823,209.54
721,1,90.722,209.68
722,1,90.622,209.83
723,1,90.523,209.99
724,1,90.427,210.17
725,1,90.333,210.37
726,1,90.241,210.59
727,1,90.152,210.83
728,1,90.065,211.08
729,1,89.982,211.36
730,1,89.902,211.66
731,1,89.825,211.97
732,1,89.752,212.31
733,1,89.683,212.68
734,1,89.618,213.07
735,1,89.558,213.48
736,1,89.503,213.92
737,1,89.454,214.39
738,1,89.41,214.88
739,1,89.372,215.41
740,1,89.341,215.96
741,1,89.317,216.54
742,1,89.3,217.15
743,1,89.291,217.8
744,1,89.29,218.48
745,1,89.298,219.19
746,1,89.315,219.94
747,1,89.342,220.73
748,1,89.379,221.55
749,1,89.427,222.4
750,1,89.486,223.3
751,1,89.557,224.23
752,1,89.641,225.21
753,1,89.738,226.23
754,1,89.848,227.28
755,1,89.973,228.38
756,1,90.113,229.52
757,1,90.269,230.71
758,1,90.441,231.94
759,1,90.63,233.22
760,1,90.836,234.54
761,1,91.061,235.91
762,1,91.306,237.32
763,1,91.57,238.79
764,1,91.854,240.3
765,1,92.16,241.86
766,1,92.488,243.47
767,1,92.839,245.13
768,1,93.213,246.84
769,1,93.612,248.6
770,1,94.036,250.41
771,1,94.486,252.27
772,1,94.962,254.18
773,1,95.466,256.14
774,1,95.998,258.16
775,1,96.559,260.22
776,1,97.15,262.34
777,1,97.771,264.51
778,1,98.424,266.73
779,1,99.109,269
780,1,99.826,271.32
781,1,100.58,273.7
782,1,101.36,276.12
783,1,102.18,278.6
784,1,103.04,281.12
785,1,103.93,283.69
786,1,104.86,286.31
787,1,105.83,288.98
788,1,106.83,291.69
789,1,107.88,294.45
790,1,108.96,297.26
791,1,110.09,300.11
792,1,111.25,303
793,1,112.46,305.94
794,1,113.71,308.92
795,1,115.01,311.93
796,1,116.34,314.99
797,1,117.72,318.08
798,1,119.15,321.21
799,1,120.62,324.37
800,1,122.14,327.57
801,1,123.7,330.8
802,1,125.31,334.06
803,1,126.96,337.35
804,1,128.66,340.66
805,1,130.41,344
806,1,132.21,347.36
807,1,134.06,350.75
808,1,135.96,354.15
809,1,137.9,357.57
810,1,139.89,361.01
811,1,141.94,364.46
812,1,144.03,367.92
813,1,146.17,371.4
814,1,148.36,374.88
815,1,150.6,378.36
816,1,152.89,381.85
817,1,155.22,385.35
818,1,157.61,388.84
819,1,160.04,392.33
820,1,162.53,395.81
821,1,165.06,399.29
822,1,167.63,402.76
823,1,170.26,406.22
824,1,172.93,409.66
825,1,175.65,413.09
826,1,178.41,416.51
827,1,181.21,419.9
828,1,184.06,423.27
829,1,186.95,426.62
830,1,189.89,429.94
831,1,192.86,433.24
832,1,195.87,436.5
833,1,198.93,439.74
834,1,202.01,442.94
835,1,205.14,446.1
836,1,208.3,449.23
837,1,211.49,452.32
838,1,214.72,455.37
839,1,217.98,458.38
840,1,221.26,461.34
841,1,224.58,464.26
842,1,227.92,467.12
843,1,231.28,469.95
844,1,234.67,472.72
845,1,238.07,475.44
846,1,241.5,478.1
847,1,244.95,480.72
848,1,248.41,483.28
849,1,251.88,485.78
850,1,255.37,488.22
851,1,258.87,490.61
852,1,262.38,492.94
853,1,265.89,495.21
854,1,269.41,497.42
855,1,272.93,499.56
856,1,276.46,501.65
857,1,279.98,503.67
858,1,283.51,505.63
859,1,287.03,507.52
860,1,290.54,509.35
861,1,294.05,511.12
862,1,297.55,512.82
863,1,301.04,514.45
864,1,304.51,516.02
865,1,307.98,517.52
866,1,311.43,518.96
867,1,314.86,520.32
868,1,318.27,521.62
869,1,321.66,522.86
870,1,325.04,524.03
871,1,328.39,525.13
872,1,331.72,526.16
873,1,335.02,527.12
874,1,338.29,528.02
875,1,341.54,528.85
876,1,344.76,529.61
877,1,347.95,530.3
878,1,351.11,530.93
879,1,354.23,531.49
880,1,357.33,531.99
881,1,360.39,532.41
882,1,363.42,532.78
883,1,366.41,533.07
884,1,369.37,533.3
885,1,372.29,533.47
886,1,375.18,533.57
887,1,378.03,533.61
888,1,380.84,533.58
889,1,383.62,533.49
890,1,386.36,533.34
891,1,389.06,533.13
892,1,391.72,532.85
893,1,394.35,532.52
894,1,396.94,532.12
895,1,399.49,531.66
896,1,402.01,531.15
897,1,404.49,530.57
898,1,406.93,529.94
899,1,409.33,529.25
900,1,411.69,528.51
901,1,414.02,527.71
902,1,416.31,526.85
903,1,418.56,525.93
904,1,420.78,524.97
905,1,422.95,523.94
906,1,425.09,522.87
907,1,427.2,521.74
908,1,429.26,520.56
909,1,431.29,519.32
910,1,433.28,518.04
911,1,435.24,516.7
912,1,437.16,515.31
913,1,439.04,513.88
914,1,440.88,512.39
915,1,442.69,510.85
916,1,444.46,509.26
917,1,446.2,507.62
918,1,447.89,505.94
919,1,449.56,504.2
920,1,451.18,502.42
921,1,452.77,500.59
922,1,454.33,498.71
923,1,455.85,496.78
924,1,457.33,494.81
925,1,458.78,492.79
926,1,460.19,490.72
927,1,461.57,488.6
928,1,462.92,486.44
929,1,464.23,484.24
930,1,465.51,481.99
931,1,466.76,479.69
932,1,467.97,477.35
933,1,469.15,474.96
934,1,470.3,472.53
935,1,471.42,470.05
936,1,472.51,467.53
937,1,473.56,464.97
938,1,474.59,462.37
939,1,475.59,459.72
940,1,476.55,457.04
941,1,477.49,454.31
942,1,478.4,451.54
943,1,479.29,448.73
944,1,480.14,445.89
945,1,480.97,443.01
946,1,481.77,440.09
947,1,482.55,437.13
948,1,483.3,434.14
949,1,484.02,431.11
950,1,484.72,428.05
951,1,485.4,424.96
952,1,486.05,421.84
953,1,486.68,418.68
954,1,487.29,415.5
955,1,487.87,412.29
956,1,488.43,409.05
957,1,488.97,405.78
958,1,489.49,402.49
959,1,489.99,399.17
960,1,490.47,395.83
961,1,490.93,392.47
962,1,491.37,389.08
963,1,491.79,385.68
964,1,492.19,382.25
965,1,492.57,378.81
966,1,492.93,375.34
967,1,493.27,371.86
968,1,493.6,368.36
969,1,493.91,364.85
970,1,494.2,361.32
971,1,494.47,357.78
972,1,494.73,354.22
973,1,494.97,350.66
974,1,495.19,347.07
975,1,495.4,343.48
976,1,495.58,339.88
977,1,495.75,336.27
978,1,495.91,332.64
979,1,496.05,329.01
980,1,496.17,325.37
981,1,496.27,321.72
982,1,496.36,318.06
983,1,496.43,314.4
984,1,496.49,310.73
985,1,496.53,307.05
986,1,496.56,303.37
987,1,496.56,299.68
988,1,496.56,295.99
989,1,496.53,292.29
990,1,496.49,288.59
991,1,496.44,284.89
992,1,496.37,281.18
993,1,496.29,277.47
994,1,496.19,273.76
995,1,496.07,270.04
996,1,495.94,266.33
997,1,495.8,262.61
998,1,495.65,258.9
999,1,495.48,255.19
1000,1,495.29,251.48
1001,1,495.09,247.77
1002,1,494.89,244.07
1003,1,494.66,240.37
1004,1,494.43,236.68
1005,1,494.18,233
1006,1,493.92,229.33
1007,1,493.65,225.66
1008,1,493.37,222.01
1009,1,493.08,218.36
1010,1,492.78,214.73
1011,1,492.47,211.12
1012,1,492.15,207.52
1013,1,491.83,203.94
1014,1,491.49,200.37
1015,1,491.15,196.83
1016,1,490.8,193.3
1017,1,490.44,189.8
1018,1,490.07,186.32
1019,1,489.7,182.87
1020,1,489.33,179.44
1021,1,488.94,176.03
1022,1,488.56,172.66
1023,1,488.17,169.31
1024,1,487.78,166
1025,1,487.38,162.72
1026,1,486.98,159.47
1027,1,486.58,156.25
1028,1,486.18,153.07
1029,1,485.78,149.93
1030,1,485.37,146.83
1031,1,484.97,143.76
1032,1,484.56,140.74
1033,1,484.16,137.76
1034,1,483.76,134.83
1035,1,483.36,131.93
1036,1,482.97,129.09
1037,1,482.57,126.29
1038,1,482.18,123.55
1039,1,481.79,120.85
1040,1,481.41,118.2
1041,1,481.03,115.61
1042,1,480.66,113.07
1043,1,480.29,110.59
1044,1,479.92,108.17
1045,1,479.56,105.8
1046,1,479.21,103.5
1047,1,478.86,101.26
1048,1,478.52,99.083
1049,1,478.18,96.97
1050,1,477.86,94.925
1051,1,477.53,92.949
1052,1,477.22,91.042
1053,1,476.91,89.208
1054,1,476.61,87.447
1055,1,476.32,85.761
1056,1,476.04,84.152
1057,1,475.76,82.621
1058,1,475.49,81.171
1059,1,475.23,79.802
1060,1,474.98,78.517
1061,1,474.74,77.318
1062,1,474.5,76.205
1063,1,474.27,75.18
1064,1,474.05,74.246
1065,1,473.84,73.403
1066,1,473.64,72.653
1067,1,473.45,71.999
1068,1,473.27,71.441
1069,1,473.09,70.982
1070,1,472.93,70.622
1071,1,472.78,70.364
1072,1,472.63,70.209
1073,1,472.49,70.158
1074,1,472.37,70.214
1075,1,472.25,70.378
1076,1,472.14,70.651
1077,1,472.04,71.035
1078,1,471.96,71.532
1079,1,471.88,72.143
1080,1,471.81,72.869
1081,1,471.76,73.713
1082,1,471.71,74.676
1083,1,471.68,75.759
1084,1,471.65,76.964
1085,1,471.64,78.292
1086,1,471.64,79.745
1087,1,471.65,81.324
1088,1,471.67,83.031
1089,1,471.7,84.866
1090,1,471.75,86.832
1091,1,471.81,88.928
1092,1,471.88,91.157
1093,1,471.96,93.52
1094,1,472.05,96.017
1095,1,472.16,98.65
1096,1,472.28,101.42
1097,1,472.42,104.32
1098,1,472.57,107.37
1099,1,472.73,110.55
1100,1,472.9,113.87
1101,1,473.09,117.33
1102,1,473.3,120.93
1103,1,473.52,124.67
1104,1,473.75,128.55
1105,1,474,132.57
1106,1,474.26,136.72
1107,1,474.54,141.02
1108,1,474.84,145.45
1109,1,475.15,150.02
1110,1,475.48,154.72
1111,1,475.82,159.56
1112,1,476.18,164.53
1113,1,476.55,169.63
1114,1,476.95,174.86
1115,1,477.36,180.21
1116,1,477.78,185.69
1117,1,478.23,191.3
1118,1,478.69,197.01
1119,1,479.17,202.85
1120,1,479.67,208.79
1121,1,480.18,214.84
1122,1,480.71,221
1123,1,481.26,227.25
1124,1,481.83,233.59
1125,1,482.41,240.02
1126,1,483.02,246.54
1127,1,483.64,253.12
1128,1,484.28,259.78
1129,1,484.94,266.51
1130,1,485.61,273.29
1131,1,486.31,280.12
1132,1,487.02,286.99
1133,1,487.75,293.91
1134,1,488.49,300.84
1135,1,489.26,307.81
1136,1,490.04,314.78
1137,1,490.85,321.76
1138,1,491.67,328.75
1139,1,492.5,335.72
1140,1,493.36,342.68
1141,1,494.23,349.61
1142,1,495.12,356.52
1143,1,496.03,363.38
1144,1,496.96,370.21
1145,1,497.9,376.98
1146,1,498.86,383.69
1147,1,499.84,390.34
1148,1,500.83,396.92
1149,1,501.85,403.42
1150,1,502.88,409.84
1151,1,503.92,416.17
1152,1,504.98,422.41
1153,1,506.06,428.55
1154,1,507.15,434.59
1155,1,508.26,440.53
1156,1,509.39,446.35
1157,1,510.53,452.06
1158,1,511.68,457.65
1159,1,512.85,463.12
1160,1,514.04,468.46
1161,1,515.23,473.67
1162,1,516.45,478.76
1163,1,517.67,483.71
1164,1,518.91,488.52
1165,1,520.16,493.2
1166,1,521.42,497.74
1167,1,522.7,502.13
1168,1,523.98,506.38
1169,1,525.28,510.49
1170,1,526.59,514.44
1171,1,527.91,518.25
1172,1,529.24,521.91
1173,1,530.59,525.42
1174,1,531.94,528.78
1175,1,533.3,531.98
1176,1,534.67,535.03
1177,1,536.05,537.93
1178,1,537.43,540.67
1179,1,538.83,543.26
1180,1,540.23,545.69
1181,1,541.64,547.97
1182,1,543.05,550.09
1183,1,544.48,552.06
1184,1,545.9,553.87
1185,1,547.33,555.52
1186,1,548.77,557.02
1187,1,550.21,558.36
1188,1,551.65,559.55
1189,1,553.1,560.58
1190,1,554.55,561.46
1191,1,556,562.18
1192,1,557.45,562.76
1193,1,558.91,563.17
1194,1,560.36,563.44
1195,1,561.81,563.56
1196,1,563.27,563.52
1197,1,564.72,563.34
1198,1,566.16,563.01
1199,1,567.61,562.52
1200,1,569.05,561.9
1201,1,570.49,561.12
1202,1,571.93,560.2
1203,1,573.36,559.14
1204,1,574.78,557.94
1205,1,576.2,556.59
1206,1,577.61,555.11
1207,1,579.01,553.48
1208,1,580.4,551.72
1209,1,581.79,549.83
1210,1,583.16,547.79
1211,1,584.53,545.63
1212,1,585.88,543.33
1213,1,587.22,540.91
1214,1,588.55,538.35
1215,1,589.87,535.67
1216,1,591.17,532.87
1217,1,592.46,529.94
1218,1,593.73,526.89
1219,1,594.99,523.73
1220,1,596.23,520.44
1221,1,597.45,517.05
1222,1,598.66,513.53
1223,1,599.85,509.91
1224,1,601.01,506.18
1225,1,602.17,502.35
1226,1,603.3,498.41
1227,1,604.41,494.37
1228,1,605.5,490.24
1229,1,606.57,486.01
1230,1,607.62,481.68
1231,1,608.65,477.27
1232,1,609.66,472.77
1233,1,610.65,468.19
1234,1,611.61,463.53
1235,1,612.55,458.79
1236,1,613.47,453.97
1237,1,614.37,449.09
1238,1,615.25,444.13
1239,1,616.1,439.12
1240,1,616.94,434.04
1241,1,617.75,428.91
1242,1,618.54,423.72
1243,1,619.3,418.48
1244,1,620.05,413.2
1245,1,620.78,407.87
1246,1,621.48,402.5
1247,1,622.16,397.1
1248,1,622.82,391.67
1249,1,623.47,386.2
1250,1,624.09,380.71
1251,1,624.69,375.2
1252,1,625.27,369.67
1253,1,625.84,364.12
1254,1,626.39,358.57
1255,1,626.91,353
1256,1,627.42,347.43
1257,1,627.91,341.85
1258,1,628.39,336.28
1259,1,628.84,330.71
1260,1,629.28,325.14
1261,1,629.7,319.59
1262,1,630.11,314.04
1263,1,630.5,308.51
1264,1,630.87,303
1265,1,631.23,297.51
1266,1,631.57,292.05
1267,1,631.89,286.6
1268,1,632.2,281.19
1269,1,632.5,275.81
1270,1,632.78,270.46
1271,1,633.04,265.15
1272,1,633.29,259.88
1273,1,633.53,254.65
1274,1,633.75,249.46
1275,1,633.96,244.32
1276,1,634.16,239.23
1277,1,634.35,234.19
1278,1,634.52,229.2
1279,1,634.68,224.27
1280,1,634.82,219.39
1281,1,634.96,214.58
1282,1,635.09,209.83
1283,1,635.2,205.15
1284,1,635.3,200.53
1285,1,635.4,195.99
1286,1,635.48,191.51
1287,1,635.56,187.12
1288,1,635.63,182.8
1289,1,635.68,178.56
1290,1,635.73,174.4
1291,1,635.78,170.32
1292,1,635.81,166.33
1293,1,635.84,162.43
1294,1,635.86,158.63
1295,1,635.88,154.91
1296,1,635.89,151.29
1297,1,635.89,147.76
1298,1,635.89,144.34
1299,1,635.89,141.01
1300,1,635.88,137.79
1301,1,635.86,134.67
1302,1,635.84,131.65
1303,1,635.82,128.74
1304,1,635.79,125.95
1305,1,635.76,123.26
1306,1,635.72,120.69
1307,1,635.68,118.23
1308,1,635.64,115.88
1309,1,635.6,113.66
1310,1,635.55,111.55
1311,1,635.5,109.56
1312,1,635.45,107.7
1313,1,635.39,105.95
1314,1,635.34,104.34
1315,1,635.28,102.85
1316,1,635.22,101.49
1317,1,635.16,100.26
1318,1,635.1,99.159
1319,1,635.03,98.193
1320,1,634.97,97.362
1321,1,634.9,96.667
1322,1,634.83,96.109
1323,1,634.76,95.691
1324,1,634.7,95.413
1325,1,634.63,95.276
1326,1,634.56,95.283
1327,1,634.49,95.435
1328,1,634.43,95.732
1329,1,634.36,96.177
1330,1,634.3,96.77
1331,1,634.23,97.512
1332,1,634.17,98.406
1333,1,634.11,99.451
1334,1,634.06,100.65
1335,1,634,102
1336,1,633.95,103.51
1337,1,633.91,105.17
1338,1,633.87,106.99
1339,1,633.83,108.97
1340,1,633.8,111.1
1341,1,633.77,113.4
1342,1,633.75,115.85
1343,1,633.74,118.47
1344,1,633.73,121.24
1345,1,633.73,124.18
1346,1,633.74,127.28
1347,1,633.76,130.54
1348,1,633.79,133.95
1349,1,633.83,137.53
1350,1,633.88,141.27
1351,1,633.94,145.17
1352,1,634.02,149.23
1353,1,634.11,153.45
1354,1,634.21,157.82
1355,1,634.33,162.34
1356,1,634.46,167.02
1357,1,634.61,171.86
1358,1,634.77,176.84
1359,1,634.96,181.96
1360,1,635.17,187.24
1361,1,635.39,192.65
1362,1,635.64,198.2
1363,1,635.91,203.89
1364,1,636.2,209.7
1365,1,636.51,215.65
1366,1,636.86,221.71
1367,1,637.22,227.9
1368,1,637.62,234.19
1369,1,638.04,240.59
1370,1,638.5,247.1
1371,1,638.98,253.69
1372,1,639.5,260.38
1373,1,640.05,267.15
1374,1,640.64,273.99
1375,1,641.26,280.89
1376,1,641.91,287.86
1377,1,642.61,294.87
1378,1,643.34,301.93
1379,1,644.12,309.02
1380,1,644.93,316.14
1381,1,645.79,323.27
1382,1,646.69,330.41
1383,1,647.64,337.56
1384,1,648.63,344.7
1385,1,649.66,351.82
1386,1,650.74,358.92
1387,1,651.87,365.99
1388,1,653.04,373.02
1389,1,654.26,380.01
1390,1,655.53,386.95
1391,1,656.84,393.83
1392,1,658.19,400.65
1393,1,659.6,407.39
1394,1,661.04,414.06
1395,1,662.53,420.64
1396,1,664.06,427.13
1397,1,665.64,433.53
1398,1,667.25,439.83
1399,1,668.9,446.02
1400,1,670.6,452.1
1401,1,672.33,458.06
1402,1,674.09,463.89
1403,1,675.89,469.6
1404,1,677.72,475.18
1405,1,679.59,480.62
1406,1,681.48,485.92
1407,1,683.41,491.07
1408,1,685.36,496.07
1409,1,687.33,500.92
1410,1,689.34,505.61
1411,1,691.36,510.13
1412,1,693.41,514.49
1413,1,695.48,518.69
1414,1,697.56,522.71
1415,1,699.67,526.55
1416,1,701.79,530.22
1417,1,703.93,533.71
1418,1,706.08,537.02
1419,1,708.25,540.14
1420,1,710.43,543.08
1421,1,712.62,545.83
1422,1,714.82,548.39
1423,1,717.03,550.76
1424,1,719.25,552.95
1425,1,721.48,554.94
1426,1,723.72,556.73
1427,1,725.96,558.34
1428,1,728.2,559.75
1429,1,730.46,560.97
1430,1,732.71,562
1431,1,734.97,562.84
1432,1,737.23,563.48
1433,1,739.49,563.93
1434,1,741.75,564.2
1435,1,744,564.27
1436,1,746.26,564.16
1437,1,748.52,563.86
1438,1,750.77,563.37
1439,1,753.02,562.71
1440,1,755.26,561.86
1441,1,757.5,560.83
1442,1,759.73,559.63
1443,1,761.95,558.25
1444,1,764.16,556.7
1445,1,766.36,554.98
1446,1,768.55,553.1
1447,1,770.73,551.05
1448,1,772.9,548.85
1449,1,775.05,546.48
1450,1,777.18,543.97
1451,1,779.3,541.31
1452,1,781.4,538.5
1453,1,783.48,535.55
1454,1,785.54,532.47
1455,1,787.58,529.25
1456,1,789.6,525.91
1457,1,791.59,522.44
1458,1,793.56,518.85
1459,1,795.5,515.15
1460,1,797.42,511.34
1461,1,799.31,507.42
1462,1,801.17,503.41
1463,1,803,499.3
1464,1,804.79,495.1
1465,1,806.56,490.81
1466,1,808.3,486.45
1467,1,810,482.01
1468,1,811.66,477.5
1469,1,813.29,472.92
1470,1,814.89,468.29
1471,1,816.44,463.6
1472,1,817.96,458.86
1473,1,819.44,454.07
1474,1,820.88,449.24
1475,1,822.28,444.37
1476,1,823.63,439.47
1477,1,824.95,434.54
1478,1,826.22,429.59
1479,1,827.46,424.61
1480,1,828.65,419.62
1481,1,829.79,414.62
1482,1,830.89,409.6
1483,1,831.95,404.57
1484,1,832.97,399.54
1485,1,833.94,394.51
1486,1,834.87,389.48
1487,1,835.75,384.46
1488,1,836.6,379.44
1489,1,837.39,374.43
1490,1,838.15,369.43
1491,1,838.86,364.44
1492,1,839.53,359.47
1493,1,840.16,354.51
1494,1,840.75,349.58
1495,1,841.29,344.66
1496,1,841.8,339.77
1497,1,842.26,334.9
1498,1,842.69,330.05
1499,1,843.07,325.23
1500,1,843.42,320.44
1501,1,843.74,315.68
1502,1,844.01,310.95
1503,1,844.25,306.25
1504,1,844.46,301.58
1505,1,844.63,296.95
1506,1,844.77,292.35
1507,1,844.88,287.79
1508,1,844.95,283.27
1509,1,845,278.78
1510,1,845.02,274.34
1511,1,845.01,269.93
1512,1,844.97,265.57
1513,1,844.9,261.24
1514,1,844.81,256.96
1515,1,844.7,252.73
1516,1,844.56,248.53
1517,1,844.4,244.38
1518,1,844.23,240.28
1519,1,844.03,236.22
1520,1,843.81,232.21
1521,1,843.57,228.25
1522,1,843.32,224.34
1523,1,843.05,220.47
1524,1,842.76,216.66
1525,1,842.46,212.89
1526,1,842.15,209.18
1527,1,841.82,205.52
1528,1,841.49,201.91
1529,1,841.14,198.35
1530,1,840.79,194.84
1531,1,840.42,191.39
1532,1,840.05,187.99
1533,1,839.67,184.65
1534,1,839.28,181.37
1535,1,838.89,178.14
1536,1,838.49,174.96
1537,1,838.09,171.84
1538,1,837.69,168.78
1539,1,837.28,165.78
1540,1,836.87,162.84
1541,1,836.45,159.95
1542,1,836.04,157.12
1543,1,835.63,154.35
1544,1,835.21,151.64
1545,1,834.8,148.99
1546,1,834.38,146.41
1547,1,833.97,143.88
1548,1,833.55,141.41
1549,1,833.14,139.01
1550,1,832.73,136.67
1551,1,832.32,134.39
1552,1,831.91,132.17
1553,1,831.5,130.02
1554,1,831.1,127.93
1555,1,830.69,125.91
1556,1,830.29,123.95
1557,1,829.89,122.06
1558,1,829.48,120.24
1559,1,829.08,118.49
1560,1,828.68,116.8
1561,1,828.29,115.18
1562,1,827.89,113.64
1563,1,827.49,112.16
1564,1,827.09,110.76
1565,1,826.69,109.43
1566,1,826.29,108.18
1567,1,825.89,107
1568,1,825.48,105.89
1569,1,825.07,104.87
1570,1,824.66,103.92
1571,1,824.25,103.05
1572,1,823.83,102.26
1573,1,823.41,101.55
1574,1,822.99,100.93
1575,1,822.55,100.39
1576,1,822.12,99.931
1577,1,821.67,99.562
1578,1,821.22,99.282
1579,1,820.76,99.091
1580,1,820.29,98.99
1581,1,819.81,98.983
1582,1,819.32,99.069
1583,1,818.82,99.25
1584,1,818.31,99.529
1585,1,817.79,99.906
1586,1,817.25,100.38
1587,1,816.71,100.96
1588,1,816.15,101.65
1589,1,815.57,102.44
1590,1,814.98,103.33
1591,1,814.38,104.34
1592,1,813.76,105.45
1593,1,813.12,106.68
1594,1,812.46,108.02
1595,1,811.79,109.47
1596,1,811.1,111.04
1597,1,810.39,112.73
1598,1,809.67,114.54
1599,1,808.92,116.47
1600,1,808.16,118.52
1601,1,807.37,120.7
1602,1,806.57,123
1603,1,805.74,125.43
1604,1,804.89,127.99
1605,1,804.02,130.67
1606,1,803.13,133.49
1607,1,802.22,136.43
1608,1,801.29,139.51
1609,1,800.34,142.72
1610,1,799.36,146.06
1611,1,798.37,149.53
1612,1,797.35,153.14
1613,1,796.31,156.89
1614,1,795.25,160.76
1615,1,794.17,164.78
1616,1,793.07,168.92
1617,1,791.95,173.2
1618,1,790.81,177.62
1619,1,789.65,182.17
1620,1,788.47,186.84
1621,1,787.28,191.65
1622,1,786.06,196.59
1623,1,784.83,201.66
1624,1,783.59,206.86
1625,1,782.33,212.17
1626,1,781.06,217.61
1627,1,779.78,223.17
1628,1,778.48,228.85
1629,1,777.18,234.64
1630,1,775.87,240.54
1631,1,774.55,246.54
1632,1,773.23,252.65
1633,1,771.9,258.85
1634,1,770.58,265.15
1635,1,769.25,271.53
1636,1,767.93,278
1637,1,766.61,284.54
1638,1,765.31,291.15
1639,1,764.01,297.82
1640,1,762.72,304.54
1641,1,761.46,311.31
1642,1,760.2,318.12
1643,1,758.98,324.96
1644,1,757.77,331.83
1645,1,756.59,338.71
1646,1,755.45,345.59
1647,1,754.33,352.47
1648,1,753.26,359.34
1649,1,752.22,366.19
1650,1,751.22,373.01
1651,1,750.27,379.8
1652,1,749.36,386.53
1653,1,748.51,393.22
1654,1,747.71,399.85
1655,1,746.96,406.4
1656,1,746.26,412.89
1657,1,745.62,419.29
1658,1,745.05,425.61
1659,1,744.53,431.83
1660,1,744.07,437.95
1661,1,743.67,443.97
1662,1,743.33,449.88
1663,1,743.06,455.67
1664,1,742.85,461.35
1665,1,742.7,466.9
1666,1,742.61,472.32
1667,1,742.59,477.62
1668,1,742.63,482.77
1669,1,742.73,487.79
1670,1,742.9,492.67
1671,1,743.13,497.41
1672,1,743.41,501.99
1673,1,743.76,506.43
1674,1,744.17,510.71
1675,1,744.64,514.85
1676,1,745.17,518.82
1677,1,745.76,522.64
1678,1,746.41,526.3
1679,1,747.12,529.8
1680,1,747.88,533.14
1681,1,748.7,536.31
1682,1,749.57,539.32
1683,1,750.5,542.17
1684,1,751.48,544.85
1685,1,752.52,547.37
1686,1,753.61,549.72
1687,1,754.75,551.91
1688,1,755.94,553.93
1689,1,757.18,555.79
1690,1,758.47,557.48
1691,1,759.81,559.01
1692,1,761.19,560.37
1693,1,762.62,561.58
1694,1,764.1,562.62
1695,1,765.62,563.5
1696,1,767.18,564.22
1697,1,768.78,564.78
1698,1,770.43,565.18
1699,1,772.11,565.43
1700,1,773.83,565.52
1701,1,775.59,565.46
1702,1,777.38,565.25
1703,1,779.2,564.89
1704,1,781.06,564.39
1705,1,782.94,563.74
1706,1,784.86,562.95
1707,1,786.8,562.02
1708,1,788.76,560.95
1709,1,790.76,559.75
1710,1,792.77,558.42
1711,1,794.8,556.96
1712,1,796.85,555.38
1713,1,798.92,553.67
1714,1,801.01,551.85
1715,1,803.11,549.91
1716,1,805.22,547.86
1717,1,807.34,545.71
1718,1,809.47,543.45
1719,1,811.6,541.09
1720,1,813.74,538.64
1721,1,815.89,536.1
1722,1,818.03,533.47
1723,1,820.18,530.76
1724,1,822.32,527.97
1725,1,824.45,525.1
1726,1,826.58,522.17
1727,1,828.71,519.17
1728,1,830.82,516.11
1729,1,832.92,512.99
1730,1,835.01,509.82
1731,1,837.09,506.6
1732,1,839.15,503.33
1733,1,841.2,500.03
1734,1,843.22,496.69
1735,1,845.23,493.31
1736,1,847.22,489.9
1737,1,849.18,486.47
1738,1,851.12,483.02
1739,1,853.05,479.54
1740,1,854.94,476.05
1741,1,856.81,472.55
1742,1,858.66,469.04
1743,1,860.48,465.52
1744,1,862.28,462
1745,1,864.05,458.47
1746,1,865.79,454.95
1747,1,867.5,451.43
1748,1,869.19,447.92
1749,1,870.85,444.41
1750,1,872.49,440.92
1751,1,874.09,437.44
1752,1,875.67,433.97
1753,1,877.23,430.52
1754,1,878.76,427.09
1755,1,880.26,423.68
1756,1,881.73,420.28
1757,1,883.18,416.91
1758,1,884.61,413.57
1759,1,886,410.25
1760,1,887.38,406.95
1761,1,888.73,403.68
1762,1,890.06,400.44
1763,1,891.36,397.23
1764,1,892.65,394.04
1765,1,893.91,390.88
1766,1,895.15,387.75
1767,1,896.37,384.65
1768,1,897.57,381.57
1769,1,898.75,378.53
1770,1,899.91,375.51
1771,1,901.05,372.52
1772,1,902.18,369.56
1773,1,903.29,366.63
1774,1,904.39,363.72
1775,1,905.47,360.84
1776,1,906.54,357.99
1777,1,907.59,355.17
1778,1,908.63,352.36
1779,1,909.66,349.58
1780,1,910.68,346.83
1781,1,911.68,344.1
1782,1,912.68,341.39
1783,1,913.66,338.7
1784,1,914.64,336.03
1785,1,915.61,333.39
1786,1,916.57,330.76
1787,1,917.53,328.14
1788,1,918.48,325.55
1789,1,919.42,322.97
1790,1,920.36,320.41
1791,1,921.29,317.86
1792,1,922.22,315.32
1793,1,923.14,312.79
1794,1,924.07,310.28
1795,1,924.98,307.78
1796,1,925.9,305.28
1797,1,926.81,302.79
1798,1,927.73,300.31
1799,1,928.64,297.84
1800,1,929.55,295.37
1801,1,930.46,292.9
1802,1,931.37,290.44
1803,1,932.28,287.97
1804,1,933.18,285.51
1805,1,934.09,283.05
1806,1,935,280.59
1807,1,935.91,278.13
1808,1,936.82,275.66
1809,1,937.73,273.19
1810,1,938.64,270.72
1811,1,939.56,268.25
1812,1,940.47,265.77
1813,1,941.38,263.28
1814,1,942.29,260.79
1815,1,943.2,258.29
1816,1,944.12,255.79
1817,1,945.03,253.29
1818,1,945.94,250.77
1819,1,946.85,248.25
1820,1,947.76,245.73
1821,1,948.66,243.2
1822,1,949.57,240.66
1823,1,950.47,238.12
1824,1,951.37,235.57
1825,1,952.26,233.02
1826,1,953.15,230.47
1827,1,954.04,227.91
1828,1,954.92,225.36
1829,1,955.79,222.8
1830,1,956.66,220.24
1831,1,957.52,217.68
1832,1,958.37,215.13
1833,1,959.21,212.58
1834,1,960.05,210.04
1835,1,960.87,207.5
1836,1,961.69,204.97
1837,1,962.49,202.46
1838,1,963.28,199.95
1839,1,964.05,197.46
1840,1,964.82,194.99
1841,1,965.57,192.54
1842,1,966.3,190.11
1843,1,967.02,187.7
1844,1,967.72,185.31
1845,1,968.4,182.96
1846,1,969.07,180.63
1847,1,969.72,178.34
1848,1,970.35,176.09
1849,1,970.97,173.87
1850,1,971.56,171.7
1851,1,972.13,169.57
1852,1,972.68,167.48
1853,1,973.22,165.45
1854,1,973.73,163.47
1855,1,974.22,161.55
1856,1,974.68,159.69
1857,1,975.13,157.89
1858,1,975.55,156.15
1859,1,975.95,154.49
1860,1,976.33,152.89
1861,1,976.69,151.37
1862,1,977.02,149.94
1863,1,977.33,148.58
1864,1,977.61,147.3
1865,1,977.88,146.12
1866,1,978.11,145.02
1867,1,978.33,144.02
1868,1,978.52,143.12
1869,1,978.69,142.31
1870,1,978.83,141.6
1871,1,978.95,141.01
1872,1,979.05,140.51
1873,1,979.12,140.13
1874,1,979.17,139.86
1875,1,979.2,139.71
1876,1,979.2,139.67
1877,1,979.18,139.75
1878,1,979.14,139.95
1879,1,979.08,140.28
1880,1,978.99,140.74
1881,1,978.88,141.32
1882,1,978.75,142.04
1883,1,978.6,142.88
1884,1,978.43,143.86
1885,1,978.24,144.98
1886,1,978.02,146.24
1887,1,977.79,147.63
1888,1,977.54,149.17
1889,1,977.27,150.85
1890,1,976.98,152.67
1891,1,976.67,154.64
1892,1,976.34,156.76
1893,1,976,159.02
1894,1,975.64,161.43
1895,1,975.27,163.99
1896,1,974.88,166.7
1897,1,974.47,169.56
1898,1,974.05,172.57
1899,1,973.62,175.73
1900,1,973.18,179.05
1901,1,972.72,182.51
1902,1,972.26,186.12
1903,1,971.78,189.88
1904,1,971.3,193.79
1905,1,970.8,197.84
1906,1,970.3,202.04
1907,1,969.8,206.39
1908,1,969.28,210.88
1909,1,968.77,215.51
1910,1,968.25,220.27
1911,1,967.73,225.17
1912,1,967.21,230.2
1913,1,966.69,235.37
1914,1,966.18,240.65
1915,1,965.66,246.06
1916,1,965.16,251.58
1917,1,964.66,257.21
1918,1,964.16,262.95
1919,1,963.68,268.79
1920,1,963.21,274.72
1921,1,962.75,280.75
1922,1,962.31,286.85
1923,1,961.88,293.02
1924,1,961.47,299.27
1925,1,961.09,305.57
1926,1,960.72,311.91
1927,1,960.38,318.3
1928,1,960.07,324.72
1929,1,959.78,331.17
1930,1,959.53,337.62
1931,1,959.31,344.08
1932,1,959.12,350.53
1933,1,958.98,356.96
1934,1,958.86,363.36
1935,1,958.79,369.73
1936,1,958.77,376.05
1937,1,958.78,382.31
1938,1,958.84,388.52
1939,1,958.95,394.65
1940,1,959.1,400.7
1941,1,959.31,406.66
1942,1,959.56,412.52
1943,1,959.86,418.29
1944,1,960.22,423.94
1945,1,960.62,429.49
1946,1,961.08,434.91
1947,1,961.59,440.2
1948,1,962.15,445.36
1949,1,962.77,450.39
1950,1,963.44,455.27
1951,1,964.16,460.01
1952,1,964.94,464.6
1953,1,965.76,469.04
1954,1,966.65,473.32
1955,1,967.58,477.43
1956,1,968.57,481.39
1957,1,969.6,485.18
1958,1,970.69,488.8
1959,1,971.83,492.25
1960,1,973.02,495.52
1961,1,974.26,498.63
1962,1,975.54,501.55
1963,1,976.87,504.3
1964,1,978.25,506.88
1965,1,979.67,509.27
1966,1,981.14,511.49
1967,1,982.65,513.53
1968,1,984.21,515.39
1969,1,985.8,517.07
1970,1,987.43,518.57
1971,1,989.1,519.9
1972,1,990.81,521.05
1973,1,992.56,522.02
1974,1,994.34,522.82
1975,1,996.15,523.45
1976,1,997.99,523.92
1977,1,999.87,524.21
1978,1,1001.8,524.33
1979,1,1003.7,524.3
1980,1,1005.7,524.1
1981,1,1007.6,523.74
1982,1,1009.6,523.23
1983,1,1011.7,522.56
1984,1,1013.7,521.74
1985,1,1015.8,520.78
1986,1,1017.9,519.67
1987,1,1020,518.42
1988,1,1022.1,517.04
1989,1,1024.2,515.52
1990,1,1026.3,513.87
1991,1,1028.5,512.1
1992,1,1030.6,510.21
1993,1,1032.8,508.2
1994,1,1035,506.08
1995,1,1037.2,503.85
1996,1,1039.3,501.51
1997,1,1041.5,499.08
1998,1,1043.7,496.55
1999,1,1045.9,493.93
2000,1,1048.1,491.23
2001,1,1050.2,488.44
2002,1,1052.4,485.58
2003,1,1054.6,482.65
2004,1,1056.7,479.65
2005,1,1058.9,476.58
2006,1,1061,473.46
2007,1,1063.1,470.28
2008,1,1065.2,467.05
2009,1,1067.3,463.78
2010,1,1069.4,460.46
2011,1,1071.5,457.11
2012,1,1073.6,453.72
2013,1,1075.6,450.3
2014,1,1077.6,446.85
2015,1,1079.6,443.38
2016,1,1081.6,439.88
2017,1,1083.6,436.37
2018,1,1085.5,432.85
2019,1,1087.5,429.31
2020,1,1089.4,425.76
2021,1,1091.3,422.21
2022,1,1093.1,418.65
2023,1,1095,415.09
2024,1,1096.8,411.53
2025,1,1098.6,407.97
2026,1,1100.3,404.41
2027,1,1102.1,400.86
2028,1,1103.8,397.32
2029,1,1105.5,393.78
2030,1,1107.2,390.26
2031,1,1108.8,386.74
2032,1,1110.4,383.24
2033,1,1112,379.75
2034,1,1113.6,376.27
2035,1,1115.1,372.81
2036,1,1116.6,369.36
2037,1,1118.1,365.93
2038,1,1119.6,362.51
2039,1,1121.1,359.11
2040,1,1122.5,355.73
2041,1,1123.9,352.37
2042,1,1125.2,349.02
2043,1,1126.6,345.69
2044,1,1127.9,342.39
2045,1,1129.2,339.1
2046,1,1130.5,335.83
2047,1,1131.7,332.57
2048,1,1133,329.34
2049,1,1134.2,326.13
2050,1,1135.3,322.93
2051,1,1136.5,319.76
2052,1,1137.6,316.6
2053,1,1138.8,313.46
2054,1,1139.9,310.34
2055,1,1140.9,307.25
2056,1,1142,304.17
2057,1,1143,301.1
2058,1,1144,298.06
2059,1,1145,295.04
2060,1,1146,292.04
2061,1,1146.9,289.05
2062,1,1147.9,286.08
2063,1,1148.8,283.14
2064,1,1149.7,280.21
2065,1,1150.5,277.29
2066,1,1151.4,274.4
2067,1,1152.2,271.53
2068,1,1153,268.67
2069,1,1153.8,265.83
2070,1,1154.6,263.01
2071,1,1155.3,260.21
2072,1,1156.1,257.43
2073,1,1156.8,254.67
2074,1,1157.5,251.92
2075,1,1158.2,249.2
2076,1,1158.8,246.49
2077,1,1159.5,243.81
2078,1,1160.1,241.14
2079,1,1160.7,238.49
2080,1,1161.3,235.86
2081,1,1161.9,233.25
2082,1,1162.4,230.67
2083,1,1163,228.1
2084,1,1163.5,225.56
2085,1,1164,223.03
2086,1,1164.5,220.53
2087,1,1164.9,218.06
2088,1,1165.4,215.61
2089,1,1165.8,213.18
2090,1,1166.2,210.78
2091,1,1166.6,208.4
2092,1,1167,206.05
2093,1,1167.4,203.73
2094,1,1167.7,201.44
2095,1,1168.1,199.17
2096,1,1168.4,196.94
2097,1,1168.7,194.73
2098,1,1169,192.56
2099,1,1169.3,190.42
2100,1,1169.5,188.31
2101,1,1169.8,186.24
2102,1,1170,184.2
2103,1,1170.2,182.2
2104,1,1170.4,180.24
2105,1,1170.6,178.31
2106,1,1170.7,176.42
2107,1,1170.9,174.58
2108,1,1171,172.77
2109,1,1171.1,171.01
2110,1,1171.3,169.29
2111,1,1171.4,167.61
2112,1,1171.4,165.98
2113,1,1171.5,164.4
2114,1,1171.6,162.87
2115,1,1171.6,161.38
2116,1,1171.7,159.95
2117,1,1171.7,158.57
2118,1,1171.7,157.24
2119,1,1171.8,155.96
2120,1,1171.8,154.74
2121,1,1171.8,153.58
2122,1,1171.8,152.47
2123,1,1171.7,151.42
2124,1,1171.7,150.43
2125,1,1171.7,149.5
2126,1,1171.7,148.64
2127,1,1171.6,147.84
2128,1,1171.6,147.1
2129,1,1171.5,146.42
2130,1,1171.5,145.82
2131,1,1171.4,145.28
2132,1,1171.4,144.8
2133,1,1171.3,144.4
2134,1,1171.3,144.07
2135,1,1171.2,143.81
2136,1,1171.2,143.62
2137,1,1171.1,143.51
2138,1,1171,143.47
2139,1,1171,143.5
2140,1,1170.9,143.61
2141,1,1170.9,143.8
2142,1,1170.9,144.06
2143,1,1170.8,144.41
2144,1,1170.8,144.83
2145,1,1170.7,145.33
2146,1,1170.7,145.91
2147,1,1170.7,146.58
2148,1,1170.7,147.32
2149,1,1170.7,148.15
2150,1,1170.7,149.06
2151,1,1170.7,150.05
2152,1,1170.7,151.13
2153,1,1170.8,152.29
2154,1,1170.8,153.53
2155,1,1170.9,154.86
2156,1,1171,156.27
2157,1,1171.1,157.77
2158,1,1171.2,159.35
2159,1,1171.3,161.02
2160,1,1171.4,162.77
2161,1,1171.5,164.6
2162,1,1171.7,166.52
2163,1,1171.9,168.52
2164,1,1172.1,170.61
2165,1,1172.3,172.77
2166,1,1172.5,175.02
2167,1,1172.8,177.35
2168,1,1173,179.76
2169,1,1173.3,182.25
2170,1,1173.6,184.81
2171,1,1174,187.45
2172,1,1174.3,190.16
2173,1,1174.7,192.95
2174,1,1175.1,195.81
2175,1,1175.5,198.74
2176,1,1175.9,201.74
2177,1,1176.4,204.8
2178,1,1176.9,207.92
2179,1,1177.4,211.1
2180,1,1178,214.34
2181,1,1178.5,217.64
2182,1,1179.1,220.98
2183,1,1179.8,224.37
2184,1,1180.4,227.81
2185,1,1181.1,231.29
2186,1,1181.8,234.81
2187,1,1182.5,238.35
2188,1,1183.3,241.93
2189,1,1184.1,245.53
2190,1,1184.9,249.15
2191,1,1185.8,252.78
2192,1,1186.6,256.43
2193,1,1187.6,260.08
2194,1,1188.5,263.73
2195,1,1189.5,267.37
2196,1,1190.5,271
2197,1,1191.5,274.62
2198,1,1192.5,278.22
2199,1,1193.6,281.79
2200,1,1194.8,285.32
2201,1,1195.9,288.82
2202,1,1197.1,292.28
2203,1,1198.3,295.69
2204,1,1199.5,299.05
2205,1,1200.8,302.35
2206,1,1202.1,305.59
2207,1,1203.4,308.76
2208,1,1204.7,311.86
2209,1,1206.1,314.88
2210,1,1207.5,317.83
2211,1,1209,320.68
2212,1,1210.4,323.45
2213,1,1211.9,326.12
2214,1,1213.4,328.7
2215,1,1214.9,331.18
2216,1,1216.5,333.54
2217,1,1218.1,335.81
2218,1,1219.6,337.96
2219,1,1221.3,339.99
2220,1,1222.9,341.91
2221,1,1224.6,343.7
2222,1,1226.2,345.37
2223,1,1227.9,346.92
2224,1,1229.6,348.33
2225,1,1231.4,349.62
2226,1,1233.1,350.77
2227,1,1234.8,351.79
2228,1,1236.6,352.67
2229,1,1238.4,353.42
2230,1,1240.2,354.02
2231,1,1242,354.48
2232,1,1243.8,354.81
2233,1,1245.6,354.99
2234,1,1247.4,355.02
2235,1,1249.3,354.92
2236,1,1251.1,354.67
2237,1,1253,354.28
2238,1,1254.8,353.74
2239,1,1256.7,353.06
2240,1,1258.5,352.24
2241,1,1260.4,351.28
2242,1,1262.2,350.19
2243,1,1264.1,348.95
2244,1,1266,347.58
2245,1,1267.8,346.07
2246,1,1269.7,344.43
2247,1,1271.5,342.66
2248,1,1273.4,340.77
2249,1,1275.3,338.75
2250,1,1277.1,336.62
2251,1,1279,334.37
2252,1,1280.8,332
2253,1,1282.6,329.53
2254,1,1284.5,326.95
2255,1,1286.3,324.28
2256,1,1288.1,321.51
2257,1,1289.9,318.65
2258,1,1291.7,315.7
2259,1,1293.5,312.68
2260,1,1295.3,309.59
2261,1,1297.1,306.42
2262,1,1298.8,303.2
2263,1,1300.6,299.92
2264,1,1302.3,296.59
2265,1,1304,293.22
2266,1,1305.7,289.81
2267,1,1307.4,286.38
2268,1,1309,282.91
2269,1,1310.7,279.43
2270,1,1312.3,275.95
2271,1,1313.9,272.45
2272,1,1315.5,268.96
2273,1,1317,265.48
2274,1,1318.6,262.02
2275,1,1320.1,258.58
2276,1,1321.5,255.17
2277,1,1323,251.79
2278,1,1324.4,248.46
2279,1,1325.8,245.18
2280,1,1327.1,241.96
2281,1,1328.5,238.79
2282,1,1329.8,235.69
2283,1,1331,232.67
2284,1,1332.2,229.73
2285,1,1333.4,226.87
2286,1,1334.6,224.1
2287,1,1335.7,221.43
2288,1,1336.8,218.86
2289,1,1337.8,216.4
2290,1,1338.8,214.05
2291,1,1339.8,211.82
2292,1,1340.7,209.72
2293,1,1341.6,207.73
2294,1,1342.5,205.88
2295,1,1343.3,204.17
2296,1,1344,202.6
2297,1,1344.8,201.17
2298,1,1345.5,199.89
2299,1,1346.1,198.76
2300,1,1346.7,197.78
2301,1,1347.3,196.96
2302,1,1347.8,196.31
2303,1,1348.3,195.82
2304,1,1348.8,195.5
2305,1,1349.2,195.34
2306,1,1349.6,195.36
2307,1,1349.9,195.55
2308,1,1350.3,195.92
2309,1,1350.5,196.46
2310,1,1350.8,197.18
2311,1,1351,198.09
2312,1,1351.2,199.17
2313,1,1351.3,200.43
2314,1,1351.4,201.88
2315,1,1351.5,203.51
2316,1,1351.6,205.32
2317,1,1351.6,207.32
2318,1,1351.6,209.49
2319,1,1351.6,211.85
2320,1,1351.6,214.39
2321,1,1351.5,217.11
2322,1,1351.4,220
2323,1,1351.3,223.07
2324,1,1351.2,226.31
2325,1,1351.1,229.73
2326,1,1350.9,233.31
2327,1,1350.8,237.06
2328,1,1350.6,240.96
2329,1,1350.4,245.03
2330,1,1350.2,249.25
2331,1,1350,253.62
2332,1,1349.9,258.13
2333,1,1349.7,262.77
2334,1,1349.5,267.56
2335,1,1349.3,272.46
2336,1,1349.1,277.49
2337,1,1348.9,282.63
2338,1,1348.8,287.87
2339,1,1348.6,293.22
2340,1,1348.5,298.64
2341,1,1348.4,304.15
2342,1,1348.3,309.73
2343,1,1348.2,315.37
2344,1,1348.2,321.06
2345,1,1348.2,326.79
2346,1,1348.2,332.54
2347,1,1348.2,338.32
2348,1,1348.3,344.1
2349,1,1348.4,349.87
2350,1,1348.6,355.63
2351,1,1348.8,361.35
2352,1,1349,367.04
2353,1,1349.3,372.68
2354,1,1349.7,378.26
2355,1,1350.1,383.78
2356,1,1350.5,389.21
2357,1,1351,394.55
2358,1,1351.6,399.8
2359,1,1352.2,404.94
2360,1,1352.9,409.96
2361,1,1353.7,414.87
2362,1,1354.5,419.65
2363,1,1355.3,424.29
2364,1,1356.3,428.78
2365,1,1357.2,433.13
2366,1,1358.3,437.33
2367,1,1359.4,441.36
2368,1,1360.6,445.22
2369,1,1361.8,448.92
2370,1,1363.1,452.44
2371,1,1364.4,455.79
2372,1,1365.9,458.95
2373,1,1367.3,461.92
2374,1,1368.8,464.71
2375,1,1370.4,467.3
2376,1,1372.1,469.71
2377,1,1373.7,471.92
2378,1,1375.5,473.93
2379,1,1377.3,475.75
2380,1,1379.1,477.37
2381,1,1381,478.79
2382,1,1382.9,480.02
2383,1,1384.9,481.04
2384,1,1386.9,481.87
2385,1,1389,482.51
2386,1,1391,482.95
2387,1,1393.2,483.2
2388,1,1395.3,483.26
2389,1,1397.5,483.14
2390,1,1399.7,482.83
2391,1,1401.9,482.33
2392,1,1404.2,481.66
2393,1,1406.4,480.81
2394,1,1408.7,479.79
2395,1,1411,478.6
2396,1,1413.3,477.25
2397,1,1415.6,475.74
2398,1,1417.9,474.07
2399,1,1420.2,472.26
2400,1,1422.5,470.29
2401,1,1424.8,468.18
2402,1,1427.1,465.94
2403,1,1429.4,463.56
2404,1,1431.6,461.05
2405,1,1433.9,458.42
2406,1,1436.1,455.67
2407,1,1438.3,452.8
2408,1,1440.5,449.82
2409,1,1442.7,446.74
2410,1,1444.8,443.56
2411,1,1446.9,440.27
2412,1,1449,436.9
2413,1,1451.1,433.44
2414,1,1453.1,429.9
2415,1,1455.1,426.28
2416,1,1457.1,422.58
2417,1,1459,418.81
2418,1,1460.9,414.98
2419,1,1462.7,411.08
2420,1,1464.5,407.12
2421,1,1466.3,403.11
2422,1,1468,399.05
2423,1,1469.7,394.93
2424,1,1471.3,390.78
2425,1,1472.9,386.58
2426,1,1474.5,382.34
2427,1,1476,378.07
2428,1,1477.4,373.76
2429,1,1478.8,369.42
2430,1,1480.2,365.06
2431,1,1481.5,360.67
2432,1,1482.8,356.25
2433,1,1484,351.82
2434,1,1485.2,347.37
2435,1,1486.3,342.9
2436,1,1487.4,338.42
2437,1,1488.5,333.93
2438,1,1489.4,329.42
2439,1,1490.4,324.92
2440,1,1491.3,320.4
2441,1,1492.2,315.89
2442,1,1493,311.37
2443,1,1493.8,306.86
2444,1,1494.5,302.34
2445,1,1495.2,297.84
2446,1,1495.8,293.34
2447,1,1496.4,288.84
2448,1,1497,284.36
2449,1,1497.5,279.89
2450,1,1498,275.44
2451,1,1498.5,271
2452,1,1498.9,266.57
2453,1,1499.3,262.17
2454,1,1499.6,257.78
2455,1,1500,253.42
2456,1,1500.2,249.08
2457,1,1500.5,244.76
2458,1,1500.7,240.47
2459,1,1500.9,236.21
2460,1,1501.1,231.98
2461,1,1501.2,227.78
2462,1,1501.3,223.61
2463,1,1501.4,219.48
2464,1,1501.5,215.38
2465,1,1501.5,211.32
2466,1,1501.5,207.3
2467,1,1501.5,203.32
2468,1,1501.5,199.39
2469,1,1501.4,195.5
2470,1,1501.3,191.66
2471,1,1501.3,187.86
2472,1,1501.1,184.12
2473,1,1501,180.44
2474,1,1500.9,176.81
2475,1,1500.7,173.24
2476,1,1500.6,169.73
2477,1,1500.4,166.29
2478,1,1500.2,162.91
2479,1,1500,159.6
2480,1,1499.8,156.36
2481,1,1499.5,153.2
2482,1,1499.3,150.12
2483,1,1499,147.12
2484,1,1498.8,144.2
2485,1,1498.5,141.37
2486,1,1498.3,138.63
2487,1,1498,135.98
2488,1,1497.7,133.43
2489,1,1497.4,130.98
2490,1,1497.1,128.64
2491,1,1496.8,126.4
2492,1,1496.6,124.28
2493,1,1496.3,122.27
2494,1,1496,120.38
2495,1,1495.7,118.61
2496,1,1495.4,116.97
2497,1,1495.1,115.46
2498,1,1494.7,114.08
2499,1,1494.4,112.84
2500,1,1494.1,111.74
2501,1,1493.8,110.78
2502,1,1493.5,109.97
2503,1,1493.2,109.32
2504,1,1492.9,108.81
2505,1,1492.6,108.46
2506,1,1492.3,108.27
2507,1,1492,108.25
2508,1,1491.8,108.38
2509,1,1491.5,108.69
2510,1,1491.2,109.16
2511,1,1490.9,109.8
2512,1,1490.6,110.62
2513,1,1490.3,111.61
2514,1,1490.1,112.77
2515,1,1489.8,114.12
2516,1,1489.6,115.64
2517,1,1489.3,117.33
2518,1,1489.1,119.21
2519,1,1488.8,121.27
2520,1,1488.6,123.51
2521,1,1488.4,125.93
2522,1,1488.2,128.52
2523,1,1487.9,131.3
2524,1,1487.8,134.25
2525,1,1487.6,137.39
2526,1,1487.4,140.69
2527,1,1487.2,144.18
2528,1,1487.1,147.83
2529,1,1486.9,151.66
2530,1,1486.8,155.66
2531,1,1486.7,159.82
2532,1,1486.6,164.15
2533,1,1486.5,168.63
2534,1,1486.5,173.28
2535,1,1486.4,178.08
2536,1,1486.4,183.03
2537,1,1486.4,188.13
2538,1,1486.4,193.37
2539,1,1486.4,198.74
2540,1,1486.5,204.25
2541,1,1486.6,209.89
2542,1,1486.7,215.64
2543,1,1486.8,221.52
2544,1,1486.9,227.5
2545,1,1487.1,233.58
2546,1,1487.3,239.76
2547,1,1487.5,246.03
2548,1,1487.8,252.37
2549,1,1488,258.79
2550,1,1488.4,265.28
2551,1,1488.7,271.82
2552,1,1489.1,278.4
2553,1,1489.5,285.03
2554,1,1489.9,291.68
2555,1,1490.4,298.35
2556,1,1490.9,305.03
2557,1,1491.4,311.71
2558,1,1492,318.38
2559,1,1492.6,325.03
2560,1,1493.2,331.65
2561,1,1493.9,338.23
2562,1,1494.7,344.76
2563,1,1495.4,351.24
2564,1,1496.3,357.65
2565,1,1497.1,363.98
2566,1,1498,370.23
2567,1,1499,376.39
2568,1,1500,382.45
2569,1,1501,388.39
2570,1,1502.1,394.22
2571,1,1503.2,399.93
2572,1,1504.4,405.5
2573,1,1505.6,410.94
2574,1,1506.9,416.22
2575,1,1508.2,421.36
2576,1,1509.6,426.33
2577,1,1511,431.13
2578,1,1512.5,435.76
2579,1,1514.1,440.22
2580,1,1515.7,444.48
2581,1,1517.3,448.56
2582,1,1519,452.44
2583,1,1520.7,456.12
2584,1,1522.5,459.59
2585,1,1524.4,462.85
2586,1,1526.3,465.91
2587,1,1528.3,468.74
2588,1,1530.3,471.35
2589,1,1532.4,473.75
2590,1,1534.5,475.91
2591,1,1536.7,477.85
2592,1,1538.9,479.55
2593,1,1541.2,481.03
2594,1,1543.6,482.27
2595,1,1546,483.28
2596,1,1548.4,484.05
2597,1,1550.9,484.59
2598,1,1553.5,484.89
2599,1,1556.1,484.95
2600,1,1558.7,484.78
2601,1,1561.4,484.38
2602,1,1564.2,483.74
2603,1,1566.9,482.87
2604,1,1569.8,481.77
2605,1,1572.6,480.45
2606,1,1575.5,478.89
2607,1,1578.5,477.11
2608,1,1581.4,475.12
2609,1,1584.4,472.9
2610,1,1587.5,470.48
2611,1,1590.5,467.84
2612,1,1593.6,465
2613,1,1596.7,461.96
2614,1,1599.8,458.73
2615,1,1602.9,455.3
2616,1,1606.1,451.69
2617,1,1609.2,447.91
2618,1,1612.4,443.95
2619,1,1615.5,439.82
2620,1,1618.6,435.53
2621,1,1621.8,431.09
2622,1,1624.9,426.51
2623,1,1628,421.78
2624,1,1631,416.92
2625,1,1634.1,411.93
2626,1,1637.1,406.82
2627,1,1640.1,401.6
2628,1,1643.1,396.28
2629,1,1646.1,390.86
2630,1,1649,385.34
2631,1,1651.8,379.75
2632,1,1654.7,374.07
2633,1,1657.4,368.33
2634,1,1660.2,362.53
2635,1,1662.8,356.68
2636,1,1665.5,350.77
2637,1,1668,344.83
2638,1,1670.6,338.85
2639,1,1673,332.85
2640,1,1675.4,326.83
2641,1,1677.8,320.8
2642,1,1680.1,314.76
2643,1,1682.3,308.73
2644,1,1684.5,302.7
2645,1,1686.6,296.68
2646,1,1688.6,290.69
2647,1,1690.6,284.72
2648,1,1692.5,278.79
2649,1,1694.3,272.89
2650,1,1696.1,267.04
2651,1,1697.8,261.24
2652,1,1699.5,255.49
2653,1,1701.1,249.8
2654,1,1702.6,244.18
2655,1,1704,238.63
2656,1,1705.4,233.15
2657,1,1706.8,227.74
2658,1,1708,222.43
2659,1,1709.2,217.19
2660,1,1710.4,212.05
2661,1,1711.5,207
2662,1,1712.5,202.04
2663,1,1713.5,197.19
2664,1,1714.4,192.44
2665,1,1715.2,187.79
2666,1,1716,183.24
2667,1,1716.8,178.81
2668,1,1717.5,174.48
2669,1,1718.1,170.27
2670,1,1718.7,166.17
2671,1,1719.3,162.19
2672,1,1719.8,158.31
2673,1,1720.2,154.56
2674,1,1720.7,150.92
2675,1,1721,147.39
2676,1,1721.4,143.99
2677,1,1721.6,140.7
2678,1,1721.9,137.52
2679,1,1722.1,134.47
2680,1,1722.3,131.52
2681,1,1722.4,128.7
2682,1,1722.5,125.99
2683,1,1722.6,123.39
2684,1,1722.7,120.91
2685,1,1722.7,118.53
2686,1,1722.7,116.27
2687,1,1722.7,114.12
2688,1,1722.6,112.08
2689,1,1722.6,110.15
2690,1,1722.5,108.32
2691,1,1722.4,106.59
2692,1,1722.3,104.97
2693,1,1722.1,103.44
2694,1,1722,102.02
2695,1,1721.8,100.7
2696,1,1721.6,99.464
2697,1,1721.4,98.326
2698,1,1721.2,97.279
2699,1,1721,96.321
2700,1,1720.8,95.45
2701,1,1720.6,94.664
2702,1,1720.3,93.96
2703,1,1720.1,93.336
2704,1,1719.9,92.789
2705,1,1719.6,92.318
2706,1,1719.4,91.919
2707,1,1719.1,91.59
2708,1,1718.8,91.328
2709,1,1718.6,91.13
2710,1,1718.3,90.995
2711,1,1718.1,90.919
2712,1,1717.8,90.898
2713,1,1717.5,90.931
2714,1,1717.3,91.014
2715,1,1717,91.145
2716,1,1716.8,91.32
2717,1,1716.5,91.536
2718,1,1716.3,91.789
2719,1,1716,92.078
2720,1,1715.8,92.398
2721,1,1715.6,92.746
2722,1,1715.4,93.119
2723,1,1715.1,93.513
2724,1,1714.9,93.925
2725,1,1714.7,94.352
2726,1,1714.5,94.79
2727,1,1714.3,95.236
2728,1,1714.1,95.686
2729,1,1714,96.138
2730,1,1713.8,96.589
2731,1,1713.6,97.035
2732,1,1713.5,97.474
2733,1,1713.3,97.903
2734,1,1713.2,98.32
2735,1,1713.1,98.722
2736,1,1713,99.108
2737,1,1712.9,99.475
2738,1,1712.8,99.823
2739,1,1712.7,100.15
2740,1,1712.6,100.45
2741,1,1712.5,100.74
2742,1,1712.4,100.99
2743,1,1712.4,101.23
2744,1,1712.3,101.44
2745,1,1712.3,101.63
2746,1,1712.2,101.79
2747,1,1712.2,101.93
2748,1,1712.2,102.05
2749,1,1712.1,102.15
2750,1,1712.1,102.23
2751,1,1712.1,102.29
