1,3,332,106
2,3,332,106
3,3,332,106
4,3,332,106
5,3,332,106
6,3,332,106
7,3,332,106
8,3,332,106
9,3,332,106
10,3,332,106
11,3,332,106
12,3,332,106
13,3,332,106
14,3,332,106
15,3,332,106
16,3,332,106
17,3,332,106
18,3,332,106
19,3,332,106
20,3,332,106
21,3,332,106
22,3,332,106
23,3,332,106
24,3,332,106
25,3,332,106
26,3,332,106
27,3,332,106
28,3,332,106
29,3,332,106
30,3,332,106
31,3,332,106
32,3,332,106
33,3,332,106
34,3,332,106
35,3,332,106
36,3,332,106
37,3,332,106
38,3,332,106
39,3,332,106
40,3,332,106
41,3,332,106
42,3,332,106
43,3,332,106
44,3,332,106
45,3,332,106
46,3,332,106
47,3,332,106
48,3,332,106
49,3,332,106
50,3,332,106
51,3,332,106
52,3,332,106
53,3,332,106
54,3,332,106
55,3,332,106
56,3,332,106
57,3,332,106
58,3,332,106
59,3,332,106
60,3,332,106
61,3,332,106
62,3,332,106
63,3,332,106
64,3,332,106
65,3,332,106
66,3,332,106
67,3,332,106
68,3,332,106
69,3,332,106
70,3,332,106
71,3,332,106
72,3,332,106
73,3,332,106
74,3,332,106
75,3,332,106
76,3,332,106
77,3,332,106
78,3,332,106
79,3,332,106
80,3,332,106
81,3,332,106
82,3,332,106
83,3,332,106
84,3,332,106
85,3,332,106
86,3,332,106
87,3,332,106
88,3,332,106
89,3,332,106
90,3,332,106
91,3,332,106
92,3,332,106
93,3,332,106
94,3,332,106
95,3,332,106
96,3,332,106
97,3,332,106
98,3,332,106
99,3,332,106
100,3,332,106
101,3,332,106
102,3,332,106
103,3,332,106
104,3,332,106
105,3,332,106
106,3,332,106
107,3,332,106
108,3,332,106
109,3,332,106
110,3,332,106
111,3,332,106
112,3,332,106
113,3,332,106
114,3,332,106
115,3,332,106
116,3,332,106
117,3,332,106
118,3,332,106
119,3,332,106
120,3,332,106
121,3,332,106
122,3,332,106
123,3,332,106
124,3,332,106
125,3,332,106
126,3,332,106
127,3,332,106
128,3,332,106
129,3,332,106
130,3,332,106
131,3,332,106
132,3,332,106
133,3,332,106
134,3,332,106
135,3,332,106
136,3,332,106
137,3,332,106
138,3,332,106
139,3,332,106
140,3,332,106
141,3,332,106
142,3,332,106
143,3,332,106
144,3,332,106
145,3,332,106
146,3,332,106
147,3,332,106
148,3,332,106
149,3,332,106
150,3,332,105.99
151,3,332,105.99
152,3,332,105.99
153,3,332,105.99
154,3,332,105.99
155,3,332,105.99
156,3,332,105.99
157,3,332,105.99
158,3,332,105.99
159,3,332,105.99
160,3,332,105.99
161,3,332,105.99
162,3,332,105.99
163,3,332,105.99
164,3,332,105.99
165,3,332,105.99
166,3,332,105.99
167,3,332,105.99
168,3,332,105.99
169,3,332,105.99
170,3,332,105.99
171,3,332,105.99
172,3,332,105.99
173,3,332,105.99
174,3,332,105.99
175,3,332,105.99
176,3,332,105.99
177,3,332,105.99
178,3,332,105.99
179,3,332,105.99
180,3,332,105.99
181,3,332,105.99
182,3,332,105.99
183,3,332,105.99
184,3,332,105.99
185,3,332,105.99
186,3,332,105.99
187,3,332,105.99
188,3,332,105.99
189,3,332,105.99
190,3,332,105.99
191,3,332,105.99
192,3,332,105.99
193,3,332,105.99
194,3,332,105.99
195,3,332,105.99
196,3,332,105.99
197,3,332,105.99
198,3,332,105.99
199,3,332,105.99
200,3,332,105.99
201,3,332,105.99
202,3,332,105.99
203,3,331.99,105.99
204,3,331.99,105.99
205,3,331.99,105.99
206,3,331.99,105.99
207,3,331.99,105.99
208,3,331.99,105.99
209,3,331.99,105.99
210,3,331.99,106
211,3,331.99,106
212,3,331.99,106
213,3,331.99,106
214,3,331.99,106
215,3,331.99,106
216,3,331.99,106
217,3,331.99,106
218,3,331.99,106
219,3,331.99,106
220,3,331.99,106
221,3,331.99,106.01
222,3,331.99,106.01
223,3,331.99,106.01
224,3,331.99,106.01
225,3,331.99,106.01
226,3,331.99,106.01
227,3,331.99,106.01
228,3,331.99,106.02
229,3,331.99,106.02
230,3,331.99,106.02
231,3,331.98,106.02
232,3,331.98,106.02
233,3,331.98,106.02
234,3,331.98,106.03
235,3,331.98,106.03
236,3,331.98,106.03
237,3,331.98,106.03
238,3,331.98,106.03
239,3,331.98,106.04
240,3,331.98,106.04
241,3,331.98,106.04
242,3,331.98,106.04
243,3,331.98,106.05
244,3,331.98,106.05
245,3,331.98,106.05
246,3,331.98,106.06
247,3,331.98,106.06
248,3,331.98,106.06
249,3,331.98,106.06
250,3,331.98,106.07
251,3,331.98,106.07
252,3,331.98,106.07
253,3,331.98,106.08
254,3,331.98,106.08
255,3,331.98,106.09
256,3,331.98,106.09
257,3,331.98,106.09
258,3,331.98,106.1
259,3,331.98,106.1
260,3,331.98,106.1
261,3,331.98,106.11
262,3,331.98,106.11
263,3,331.98,106.12
264,3,331.98,106.12
265,3,331.98,106.12
266,3,331.98,106.13
267,3,331.98,106.13
268,3,331.98,106.14
269,3,331.98,106.14
270,3,331.98,106.15
271,3,331.98,106.15
272,3,331.98,106.15
273,3,331.98,106.16
274,3,331.98,106.16
275,3,331.98,106.17
276,3,331.99,106.17
277,3,331.99,106.18
278,3,331.99,106.18
279,3,331.99,106.18
280,3,331.99,106.19
281,3,331.99,106.19
282,3,331.99,106.2
283,3,331.99,106.2
284,3,332,106.2
285,3,332,106.21
286,3,332,106.21
287,3,332,106.22
288,3,332,106.22
289,3,332.01,106.22
290,3,332.01,106.22
291,3,332.01,106.23
292,3,332.01,106.23
293,3,332.02,106.23
294,3,332.02,106.23
295,3,332.02,106.24
296,3,332.02,106.24
297,3,332.03,106.24
298,3,332.03,106.24
299,3,332.03,106.24
300,3,332.04,106.24
301,3,332.04,106.24
302,3,332.05,106.24
303,3,332.05,106.24
304,3,332.05,106.24
305,3,332.06,106.24
306,3,332.06,106.24
307,3,332.07,106.23
308,3,332.07,106.23
309,3,332.08,106.23
310,3,332.08,106.22
311,3,332.09,106.22
312,3,332.09,106.21
313,3,332.1,106.21
314,3,332.11,106.2
315,3,332.11,106.19
316,3,332.12,106.18
317,3,332.12,106.18
318,3,332.13,106.17
319,3,332.14,106.16
320,3,332.14,106.14
321,3,332.15,106.13
322,3,332.16,106.12
323,3,332.17,106.1
324,3,332.17,106.09
325,3,332.18,106.07
326,3,332.19,106.06
327,3,332.2,106.04
328,3,332.2,106.02
329,3,332.21,106
330,3,332.22,105.98
331,3,332.23,105.95
332,3,332.24,105.93
333,3,332.25,105.91
334,3,332.25,105.88
335,3,332.26,105.85
336,3,332.27,105.82
337,3,332.28,105.79
338,3,332.29,105.76
339,3,332.3,105.73
340,3,332.31,105.69
341,3,332.32,105.65
342,3,332.33,105.62
343,3,332.34,105.58
344,3,332.35,105.54
345,3,332.36,105.49
346,3,332.36,105.45
347,3,332.37,105.4
348,3,332.38,105.36
349,3,332.39,105.31
350,3,332.4,105.26
351,3,332.41,105.2
352,3,332.42,105.15
353,3,332.43,105.09
354,3,332.43,105.03
355,3,332.44,104.97
356,3,332.45,104.91
357,3,332.46,104.85
358,3,332.47,104.78
359,3,332.47,104.72
360,3,332.48,104.65
361,3,332.48,104.58
362,3,332.49,104.51
363,3,332.5,104.43
364,3,332.5,104.36
365,3,332.5,104.28
366,3,332.51,104.2
367,3,332.51,104.12
368,3,332.51,104.04
369,3,332.52,103.95
370,3,332.52,103.87
371,3,332.52,103.78
372,3,332.52,103.69
373,3,332.52,103.6
374,3,332.51,103.51
375,3,332.51,103.42
376,3,332.51,103.32
377,3,332.5,103.23
378,3,332.5,103.13
379,3,332.49,103.03
380,3,332.48,102.94
381,3,332.47,102.84
382,3,332.46,102.74
383,3,332.45,102.64
384,3,332.43,102.54
385,3,332.42,102.44
386,3,332.4,102.34
387,3,332.38,102.24
388,3,332.36,102.14
389,3,332.34,102.04
390,3,332.31,101.94
391,3,332.29,101.84
392,3,332.26,101.74
393,3,332.23,101.65
394,3,332.2,101.55
395,3,332.17,101.46
396,3,332.13,101.37
397,3,332.09,101.28
398,3,332.05,101.19
399,3,332.01,101.11
400,3,331.96,101.03
401,3,331.92,100.95
402,3,331.87,100.88
403,3,331.81,100.81
404,3,331.76,100.74
405,3,331.7,100.68
406,3,331.64,100.62
407,3,331.57,100.57
408,3,331.51,100.53
409,3,331.44,100.49
410,3,331.36,100.46
411,3,331.29,100.43
412,3,331.21,100.41
413,3,331.12,100.4
414,3,331.04,100.4
415,3,330.95,100.41
416,3,330.85,100.42
417,3,330.75,100.45
418,3,330.65,100.48
419,3,330.55,100.53
420,3,330.44,100.59
421,3,330.33,100.66
422,3,330.21,100.74
423,3,330.1,100.83
424,3,329.97,100.94
425,3,329.85,101.07
426,3,329.72,101.2
427,3,329.58,101.36
428,3,329.44,101.53
429,3,329.3,101.71
430,3,329.15,101.92
431,3,329,102.14
432,3,328.85,102.38
433,3,328.69,102.64
434,3,328.53,102.92
435,3,328.37,103.22
436,3,328.2,103.54
437,3,328.03,103.89
438,3,327.85,104.26
439,3,327.67,104.65
440,3,327.49,105.07
441,3,327.31,105.51
442,3,327.12,105.98
443,3,326.92,106.47
444,3,326.73,106.99
445,3,326.53,107.55
446,3,326.33,108.13
447,3,326.12,108.74
448,3,325.92,109.38
449,3,325.71,110.05
450,3,325.49,110.76
451,3,325.28,111.5
452,3,325.06,112.27
453,3,324.84,113.08
454,3,324.62,113.92
455,3,324.39,114.8
456,3,324.17,115.72
457,3,323.94,116.68
458,3,323.71,117.67
459,3,323.48,118.7
460,3,323.24,119.78
461,3,323.01,120.89
462,3,322.78,122.05
463,3,322.54,123.25
464,3,322.3,124.49
465,3,322.06,125.78
466,3,321.83,127.11
467,3,321.59,128.49
468,3,321.35,129.91
469,3,321.11,131.38
470,3,320.87,132.89
471,3,320.64,134.45
472,3,320.4,136.06
473,3,320.16,137.72
474,3,319.93,139.42
475,3,319.69,141.17
476,3,319.46,142.98
477,3,319.23,144.83
478,3,319,146.73
479,3,318.77,148.68
480,3,318.54,150.68
481,3,318.32,152.73
482,3,318.1,154.83
483,3,317.88,156.98
484,3,317.67,159.18
485,3,317.46,161.43
486,3,317.25,163.73
487,3,317.05,166.08
488,3,316.85,168.47
489,3,316.65,170.92
490,3,316.46,173.41
491,3,316.27,175.96
492,3,316.09,178.55
493,3,315.91,181.18
494,3,315.74,183.87
495,3,315.58,186.6
496,3,315.42,189.38
497,3,315.27,192.2
498,3,315.12,195.07
499,3,314.98,197.98
500,3,314.85,200.93
501,3,314.72,203.93
502,3,314.61,206.97
503,3,314.5,210.04
504,3,314.39,213.16
505,3,314.3,216.32
506,3,314.21,219.52
507,3,314.13,222.75
508,3,314.07,226.01
509,3,314.01,229.31
510,3,313.95,232.65
511,3,313.91,236.02
512,3,313.88,239.41
513,3,313.86,242.84
514,3,313.84,246.29
515,3,313.84,249.78
516,3,313.84,253.28
517,3,313.86,256.81
518,3,313.89,260.37
519,3,313.92,263.94
520,3,313.97,267.53
521,3,314.02,271.14
522,3,314.09,274.76
523,3,314.17,278.4
524,3,314.25,282.05
525,3,314.35,285.71
526,3,314.46,289.38
527,3,314.58,293.06
528,3,314.71,296.74
529,3,314.84,300.42
530,3,314.99,304.1
531,3,315.15,307.79
532,3,315.32,311.47
533,3,315.5,315.15
534,3,315.69,318.82
535,3,315.89,322.48
536,3,316.1,326.13
537,3,316.32,329.77
538,3,316.54,333.4
539,3,316.78,337.02
540,3,317.03,340.61
541,3,317.29,344.2
542,3,317.55,347.76
543,3,317.83,351.3
544,3,318.11,354.81
545,3,318.41,358.31
546,3,318.71,361.78
547,3,319.02,365.22
548,3,319.34,368.64
549,3,319.67,372.03
550,3,320,375.38
551,3,320.35,378.71
552,3,320.7,382
553,3,321.07,385.27
554,3,321.43,388.49
555,3,321.81,391.69
556,3,322.2,394.84
557,3,322.59,397.96
558,3,322.99,401.05
559,3,323.4,404.09
560,3,323.81,407.1
561,3,324.23,410.07
562,3,324.66,412.99
563,3,325.1,415.88
564,3,325.54,418.73
565,3,325.99,421.54
566,3,326.44,424.3
567,3,326.9,427.02
568,3,327.37,429.7
569,3,327.84,432.34
570,3,328.32,434.94
571,3,328.81,437.49
572,3,329.3,440
573,3,329.79,442.47
574,3,330.29,444.89
575,3,330.8,447.27
576,3,331.31,449.61
577,3,331.82,451.9
578,3,332.34,454.15
579,3,332.87,456.35
580,3,333.4,458.51
581,3,333.93,460.63
582,3,334.47,462.7
583,3,335.01,464.73
584,3,335.56,466.72
585,3,336.11,468.66
586,3,336.66,470.56
587,3,337.22,472.42
588,3,337.78,474.23
589,3,338.35,476
590,3,338.92,477.73
591,3,339.49,479.41
592,3,340.06,481.05
593,3,340.64,482.65
594,3,341.22,484.21
595,3,341.81,485.73
596,3,342.4,487.2
597,3,342.99,488.64
598,3,343.58,490.03
599,3,344.18,491.38
600,3,344.78,492.69
601,3,345.38,493.96
602,3,345.99,495.19
603,3,346.59,496.39
604,3,347.21,497.54
605,3,347.82,498.65
606,3,348.44,499.72
607,3,349.06,500.76
608,3,349.69,501.76
609,3,350.32,502.71
610,3,350.95,503.64
611,3,351.59,504.52
612,3,352.23,505.37
613,3,352.87,506.18
614,3,353.52,506.95
615,3,354.18,507.69
616,3,354.83,508.39
617,3,355.5,509.05
618,3,356.16,509.68
619,3,356.83,510.28
620,3,357.51,510.84
621,3,358.19,511.36
622,3,358.88,511.85
623,3,359.57,512.3
624,3,360.27,512.72
625,3,360.98,513.11
626,3,361.69,513.46
627,3,362.4,513.78
628,3,363.12,514.07
629,3,363.85,514.32
630,3,364.58,514.53
631,3,365.32,514.72
632,3,366.07,514.86
633,3,366.83,514.98
634,3,367.59,515.06
635,3,368.35,515.11
636,3,369.13,515.12
637,3,369.91,515.1
638,3,370.7,515.04
639,3,371.5,514.95
640,3,372.3,514.82
641,3,373.12,514.66
642,3,373.94,514.47
643,3,374.77,514.23
644,3,375.61,513.97
645,3,376.46,513.66
646,3,377.31,513.32
647,3,378.18,512.94
648,3,379.06,512.53
649,3,379.94,512.08
650,3,380.84,511.59
651,3,381.74,511.06
652,3,382.66,510.49
653,3,383.59,509.88
654,3,384.53,509.23
655,3,385.48,508.55
656,3,386.44,507.82
657,3,387.42,507.05
658,3,388.4,506.24
659,3,389.4,505.38
660,3,390.41,504.48
661,3,391.44,503.54
662,3,392.48,502.56
663,3,393.53,501.53
664,3,394.59,500.46
665,3,395.68,499.34
666,3,396.77,498.17
667,3,397.88,496.96
668,3,399,495.7
669,3,400.14,494.39
670,3,401.3,493.04
671,3,402.47,491.64
672,3,403.66,490.18
673,3,404.86,488.68
674,3,406.07,487.14
675,3,407.31,485.54
676,3,408.56,483.89
677,3,409.82,482.19
678,3,411.1,480.44
679,3,412.4,478.64
680,3,413.71,476.79
681,3,415.03,474.89
682,3,416.37,472.95
683,3,417.73,470.95
684,3,419.1,468.9
685,3,420.48,466.8
686,3,421.88,464.65
687,3,423.29,462.45
688,3,424.72,460.2
689,3,426.15,457.91
690,3,427.6,455.56
691,3,429.06,453.17
692,3,430.53,450.73
693,3,432.01,448.25
694,3,433.5,445.72
695,3,435,443.15
696,3,436.5,440.53
697,3,438.01,437.87
698,3,439.53,435.16
699,3,441.05,432.42
700,3,442.58,429.64
701,3,444.11,426.81
702,3,445.64,423.95
703,3,447.17,421.05
704,3,448.71,418.11
705,3,450.24,415.14
706,3,451.78,412.14
707,3,453.31,409.1
708,3,454.84,406.02
709,3,456.36,402.92
710,3,457.88,399.79
711,3,459.4,396.63
712,3,460.9,393.44
713,3,462.4,390.22
714,3,463.9,386.98
715,3,465.38,383.71
716,3,466.85,380.42
717,3,468.32,377.1
718,3,469.77,373.77
719,3,471.21,370.41
720,3,472.64,367.03
721,3,474.05,363.63
722,3,475.45,360.22
723,3,476.83,356.79
724,3,478.2,353.34
725,3,479.55,349.88
726,3,480.89,346.4
727,3,482.21,342.91
728,3,483.51,339.41
729,3,484.79,335.9
730,3,486.06,332.37
731,3,487.3,328.84
732,3,488.53,325.3
733,3,489.74,321.75
734,3,490.92,318.2
735,3,492.09,314.64
736,3,493.23,311.07
737,3,494.36,307.5
738,3,495.46,303.93
739,3,496.54,300.36
740,3,497.6,296.79
741,3,498.64,293.22
742,3,499.66,289.64
743,3,500.65,286.08
744,3,501.63,282.51
745,3,502.58,278.95
746,3,503.51,275.39
747,3,504.42,271.84
748,3,505.31,268.3
749,3,506.17,264.76
750,3,507.02,261.24
751,3,507.84,257.72
752,3,508.65,254.22
753,3,509.43,250.73
754,3,510.19,247.25
755,3,510.93,243.79
756,3,511.65,240.34
757,3,512.35,236.9
758,3,513.03,233.49
759,3,513.69,230.1
760,3,514.33,226.72
761,3,514.95,223.36
762,3,515.55,220.03
763,3,516.13,216.72
764,3,516.69,213.44
765,3,517.23,210.18
766,3,517.76,206.94
767,3,518.26,203.73
768,3,518.75,200.55
769,3,519.22,197.4
770,3,519.67,194.28
771,3,520.1,191.18
772,3,520.51,188.12
773,3,520.91,185.09
774,3,521.28,182.09
775,3,521.64,179.13
776,3,521.98,176.2
777,3,522.31,173.3
778,3,522.62,170.44
779,3,522.91,167.61
780,3,523.18,164.82
781,3,523.43,162.07
782,3,523.67,159.35
783,3,523.9,156.66
784,3,524.1,154.01
785,3,524.29,151.4
786,3,524.47,148.83
787,3,524.62,146.29
788,3,524.77,143.79
789,3,524.9,141.32
790,3,525.01,138.89
791,3,525.11,136.5
792,3,525.19,134.14
793,3,525.26,131.82
794,3,525.31,129.53
795,3,525.35,127.28
796,3,525.38,125.07
797,3,525.39,122.89
798,3,525.39,120.74
799,3,525.38,118.64
800,3,525.36,116.56
801,3,525.32,114.52
802,3,525.27,112.52
803,3,525.21,110.54
804,3,525.13,108.61
805,3,525.05,106.7
806,3,524.95,104.83
807,3,524.84,103
808,3,524.73,101.19
809,3,524.6,99.421
810,3,524.46,97.683
811,3,524.32,95.979
812,3,524.16,94.307
813,3,523.99,92.667
814,3,523.82,91.06
815,3,523.64,89.485
816,3,523.45,87.943
817,3,523.25,86.432
818,3,523.04,84.954
819,3,522.83,83.508
820,3,522.61,82.094
821,3,522.39,80.711
822,3,522.16,79.36
823,3,521.92,78.041
824,3,521.68,76.753
825,3,521.43,75.496
826,3,521.18,74.271
827,3,520.92,73.077
828,3,520.66,71.914
829,3,520.4,70.782
830,3,520.13,69.681
831,3,519.86,68.611
832,3,519.59,67.572
833,3,519.31,66.563
834,3,519.03,65.584
835,3,518.75,64.637
836,3,518.47,63.719
837,3,518.19,62.832
838,3,517.9,61.975
839,3,517.62,61.149
840,3,517.34,60.352
841,3,517.05,59.586
842,3,516.77,58.85
843,3,516.48,58.144
844,3,516.2,57.468
845,3,515.92,56.823
846,3,515.63,56.207
847,3,515.35,55.623
848,3,515.07,55.068
849,3,514.79,54.545
850,3,514.51,54.052
851,3,514.24,53.59
852,3,513.96,53.159
853,3,513.69,52.76
854,3,513.42,52.392
855,3,513.15,52.057
856,3,512.88,51.754
857,3,512.62,51.483
858,3,512.35,51.246
859,3,512.09,51.042
860,3,511.83,50.873
861,3,511.57,50.738
862,3,511.31,50.638
863,3,511.06,50.573
864,3,510.8,50.545
865,3,510.55,50.554
866,3,510.3,50.6
867,3,510.05,50.685
868,3,509.8,50.808
869,3,509.56,50.972
870,3,509.31,51.175
871,3,509.07,51.421
872,3,508.83,51.708
873,3,508.58,52.039
874,3,508.34,52.413
875,3,508.1,52.832
876,3,507.86,53.297
877,3,507.62,53.809
878,3,507.38,54.369
879,3,507.14,54.978
880,3,506.9,55.636
881,3,506.66,56.345
882,3,506.42,57.107
883,3,506.18,57.921
884,3,505.94,58.79
885,3,505.7,59.714
886,3,505.46,60.694
887,3,505.21,61.732
888,3,504.97,62.829
889,3,504.72,63.985
890,3,504.47,65.203
891,3,504.22,66.482
892,3,503.96,67.825
893,3,503.71,69.232
894,3,503.45,70.705
895,3,503.19,72.245
896,3,502.93,73.852
897,3,502.67,75.528
898,3,502.4,77.273
899,3,502.13,79.09
900,3,501.85,80.978
901,3,501.58,82.939
902,3,501.3,84.974
903,3,501.02,87.083
904,3,500.73,89.267
905,3,500.44,91.527
906,3,500.15,93.864
907,3,499.85,96.278
908,3,499.55,98.769
909,3,499.25,101.34
910,3,498.94,103.99
911,3,498.64,106.72
912,3,498.32,109.52
913,3,498.01,112.41
914,3,497.69,115.37
915,3,497.37,118.42
916,3,497.04,121.54
917,3,496.72,124.74
918,3,496.38,128.02
919,3,496.05,131.37
920,3,495.72,134.81
921,3,495.38,138.32
922,3,495.04,141.9
923,3,494.7,145.56
924,3,494.35,149.29
925,3,494.01,153.09
926,3,493.66,156.97
927,3,493.31,160.91
928,3,492.96,164.91
929,3,492.61,168.98
930,3,492.26,173.12
931,3,491.91,177.32
932,3,491.56,181.57
933,3,491.21,185.88
934,3,490.85,190.24
935,3,490.5,194.66
936,3,490.15,199.12
937,3,489.81,203.63
938,3,489.46,208.19
939,3,489.12,212.78
940,3,488.77,217.41
941,3,488.43,222.08
942,3,488.1,226.77
943,3,487.77,231.5
944,3,487.44,236.24
945,3,487.11,241.01
946,3,486.79,245.8
947,3,486.48,250.61
948,3,486.17,255.42
949,3,485.87,260.25
950,3,485.57,265.08
951,3,485.28,269.91
952,3,485,274.75
953,3,484.72,279.58
954,3,484.45,284.4
955,3,484.19,289.22
956,3,483.94,294.03
957,3,483.7,298.82
958,3,483.46,303.6
959,3,483.24,308.35
960,3,483.03,313.09
961,3,482.82,317.8
962,3,482.63,322.48
963,3,482.44,327.14
964,3,482.27,331.76
965,3,482.11,336.35
966,3,481.96,340.9
967,3,481.82,345.42
968,3,481.69,349.89
969,3,481.58,354.33
970,3,481.48,358.72
971,3,481.39,363.06
972,3,481.31,367.35
973,3,481.24,371.59
974,3,481.19,375.78
975,3,481.15,379.92
976,3,481.12,384
977,3,481.11,388.02
978,3,481.11,391.98
979,3,481.12,395.88
980,3,481.15,399.72
981,3,481.19,403.5
982,3,481.24,407.2
983,3,481.31,410.85
984,3,481.39,414.42
985,3,481.49,417.92
986,3,481.6,421.35
987,3,481.72,424.71
988,3,481.86,427.99
989,3,482.02,431.2
990,3,482.19,434.34
991,3,482.37,437.4
992,3,482.57,440.38
993,3,482.79,443.29
994,3,483.02,446.11
995,3,483.27,448.86
996,3,483.54,451.53
997,3,483.82,454.12
998,3,484.12,456.62
999,3,484.44,459.05
1000,3,484.78,461.4
1001,3,485.13,463.66
1002,3,485.51,465.85
1003,3,485.9,467.95
1004,3,486.32,469.97
1005,3,486.75,471.91
1006,3,487.2,473.76
1007,3,487.68,475.54
1008,3,488.17,477.23
1009,3,488.69,478.84
1010,3,489.23,480.38
1011,3,489.79,481.83
1012,3,490.38,483.2
1013,3,490.98,484.49
1014,3,491.62,485.7
1015,3,492.27,486.83
1016,3,492.95,487.89
1017,3,493.65,488.86
1018,3,494.38,489.76
1019,3,495.14,490.59
1020,3,495.92,491.33
1021,3,496.72,492
1022,3,497.55,492.6
1023,3,498.41,493.12
1024,3,499.3,493.57
1025,3,500.21,493.94
1026,3,501.15,494.24
1027,3,502.11,494.48
1028,3,503.11,494.64
1029,3,504.13,494.73
1030,3,505.17,494.75
1031,3,506.25,494.7
1032,3,507.35,494.59
1033,3,508.48,494.41
1034,3,509.64,494.16
1035,3,510.83,493.85
1036,3,512.04,493.47
1037,3,513.28,493.03
1038,3,514.55,492.53
1039,3,515.84,491.96
1040,3,517.16,491.33
1041,3,518.51,490.65
1042,3,519.88,489.9
1043,3,521.28,489.09
1044,3,522.71,488.23
1045,3,524.16,487.31
1046,3,525.63,486.33
1047,3,527.13,485.29
1048,3,528.65,484.2
1049,3,530.2,483.06
1050,3,531.77,481.86
1051,3,533.36,480.61
1052,3,534.97,479.31
1053,3,536.61,477.95
1054,3,538.26,476.55
1055,3,539.93,475.09
1056,3,541.62,473.59
1057,3,543.33,472.04
1058,3,545.06,470.44
1059,3,546.8,468.79
1060,3,548.56,467.1
1061,3,550.33,465.36
1062,3,552.12,463.58
1063,3,553.92,461.75
1064,3,555.73,459.88
1065,3,557.55,457.97
1066,3,559.37,456.02
1067,3,561.21,454.03
1068,3,563.05,452
1069,3,564.9,449.93
1070,3,566.75,447.83
1071,3,568.61,445.68
1072,3,570.46,443.5
1073,3,572.32,441.29
1074,3,574.18,439.04
1075,3,576.04,436.76
1076,3,577.89,434.45
1077,3,579.73,432.1
1078,3,581.58,429.72
1079,3,583.41,427.31
1080,3,585.24,424.88
1081,3,587.05,422.41
1082,3,588.86,419.91
1083,3,590.65,417.39
1084,3,592.43,414.83
1085,3,594.19,412.25
1086,3,595.94,409.65
1087,3,597.67,407.01
1088,3,599.38,404.35
1089,3,601.07,401.66
1090,3,602.74,398.94
1091,3,604.39,396.2
1092,3,606.01,393.43
1093,3,607.61,390.63
1094,3,609.19,387.8
1095,3,610.74,384.94
1096,3,612.26,382.06
1097,3,613.76,379.14
1098,3,615.23,376.19
1099,3,616.67,373.21
1100,3,618.08,370.2
1101,3,619.46,367.16
1102,3,620.81,364.08
1103,3,622.12,360.97
1104,3,623.41,357.82
1105,3,624.67,354.64
1106,3,625.89,351.42
1107,3,627.08,348.16
1108,3,628.24,344.86
1109,3,629.36,341.52
1110,3,630.46,338.14
1111,3,631.52,334.72
1112,3,632.55,331.25
1113,3,633.54,327.74
1114,3,634.5,324.19
1115,3,635.43,320.59
1116,3,636.32,316.94
1117,3,637.19,313.25
1118,3,638.02,309.51
1119,3,638.81,305.73
1120,3,639.58,301.89
1121,3,640.31,298.01
1122,3,641.01,294.08
1123,3,641.68,290.1
1124,3,642.32,286.07
1125,3,642.92,282
1126,3,643.5,277.87
1127,3,644.04,273.7
1128,3,644.56,269.48
1129,3,645.04,265.21
1130,3,645.49,260.9
1131,3,645.92,256.54
1132,3,646.31,252.14
1133,3,646.68,247.69
1134,3,647.02,243.2
1135,3,647.33,238.67
1136,3,647.61,234.1
1137,3,647.87,229.5
1138,3,648.1,224.85
1139,3,648.31,220.18
1140,3,648.49,215.47
1141,3,648.64,210.73
1142,3,648.78,205.97
1143,3,648.88,201.18
1144,3,648.97,196.36
1145,3,649.04,191.53
1146,3,649.08,186.68
1147,3,649.1,181.82
1148,3,649.11,176.94
1149,3,649.09,172.06
1150,3,649.06,167.17
1151,3,649,162.29
1152,3,648.93,157.4
1153,3,648.85,152.52
1154,3,648.75,147.65
1155,3,648.63,142.79
1156,3,648.5,137.95
1157,3,648.36,133.13
1158,3,648.21,128.34
1159,3,648.04,123.58
1160,3,647.86,118.85
1161,3,647.68,114.15
1162,3,647.48,109.5
1163,3,647.28,104.9
1164,3,647.07,100.35
1165,3,646.85,95.852
1166,3,646.63,91.418
1167,3,646.4,87.049
1168,3,646.16,82.75
1169,3,645.93,78.527
1170,3,645.69,74.383
1171,3,645.45,70.324
1172,3,645.21,66.355
1173,3,644.97,62.48
1174,3,644.73,58.704
1175,3,644.49,55.031
1176,3,644.25,51.466
1177,3,644.01,48.015
1178,3,643.78,44.68
1179,3,643.55,41.468
1180,3,643.33,38.382
1181,3,643.11,35.426
1182,3,642.89,32.606
1183,3,642.68,29.925
1184,3,642.48,27.387
1185,3,642.29,24.996
1186,3,642.1,22.757
1187,3,641.92,20.673
1188,3,641.74,18.748
1189,3,641.58,16.985
1190,3,641.42,15.387
1191,3,641.28,13.959
1192,3,641.14,12.703
1193,3,641.01,11.623
1194,3,640.89,10.721
1195,3,640.78,9.9993
1196,3,640.68,9.4616
1197,3,640.59,9.1101
1198,3,640.51,8.947
1199,3,640.44,8.9744
1200,3,640.38,9.1945
1201,3,640.33,9.6091
1202,3,640.3,10.22
1203,3,640.27,11.028
1204,3,640.26,12.036
1205,3,640.25,13.244
1206,3,640.26,14.654
1207,3,640.28,16.266
1208,3,640.31,18.082
1209,3,640.35,20.101
1210,3,640.4,22.325
1211,3,640.46,24.753
1212,3,640.54,27.385
1213,3,640.63,30.222
1214,3,640.73,33.263
1215,3,640.84,36.508
1216,3,640.96,39.955
1217,3,641.09,43.604
1218,3,641.24,47.454
1219,3,641.4,51.503
1220,3,641.57,55.749
1221,3,641.75,60.19
1222,3,641.94,64.825
1223,3,642.15,69.651
1224,3,642.36,74.665
1225,3,642.59,79.863
1226,3,642.83,85.243
1227,3,643.08,90.801
1228,3,643.34,96.533
1229,3,643.61,102.43
1230,3,643.89,108.5
1231,3,644.19,114.73
1232,3,644.49,121.11
1233,3,644.8,127.64
1234,3,645.13,134.32
1235,3,645.46,141.13
1236,3,645.81,148.07
1237,3,646.16,155.14
1238,3,646.52,162.32
1239,3,646.89,169.62
1240,3,647.27,177.02
1241,3,647.66,184.51
1242,3,648.05,192.09
1243,3,648.46,199.75
1244,3,648.87,207.48
1245,3,649.29,215.28
1246,3,649.72,223.13
1247,3,650.16,231.03
1248,3,650.6,238.97
1249,3,651.05,246.94
1250,3,651.51,254.93
1251,3,651.98,262.94
1252,3,652.46,270.95
1253,3,652.95,278.97
1254,3,653.45,286.98
1255,3,653.95,294.97
1256,3,654.47,302.94
1257,3,655,310.87
1258,3,655.54,318.77
1259,3,656.09,326.63
1260,3,656.65,334.43
1261,3,657.23,342.17
1262,3,657.81,349.85
1263,3,658.42,357.46
1264,3,659.03,364.99
1265,3,659.66,372.44
1266,3,660.31,379.8
1267,3,660.97,387.07
1268,3,661.64,394.23
1269,3,662.33,401.3
1270,3,663.04,408.25
1271,3,663.77,415.09
1272,3,664.51,421.81
1273,3,665.27,428.42
1274,3,666.05,434.89
1275,3,666.84,441.24
1276,3,667.65,447.45
1277,3,668.48,453.53
1278,3,669.33,459.48
1279,3,670.2,465.28
1280,3,671.09,470.93
1281,3,671.99,476.44
1282,3,672.91,481.81
1283,3,673.86,487.02
1284,3,674.82,492.08
1285,3,675.8,496.99
1286,3,676.8,501.75
1287,3,677.82,506.35
1288,3,678.85,510.79
1289,3,679.91,515.08
1290,3,680.98,519.21
1291,3,682.08,523.18
1292,3,683.19,526.99
1293,3,684.33,530.65
1294,3,685.48,534.14
1295,3,686.65,537.48
1296,3,687.84,540.65
1297,3,689.04,543.67
1298,3,690.27,546.53
1299,3,691.52,549.23
1300,3,692.78,551.77
1301,3,694.06,554.16
1302,3,695.37,556.38
1303,3,696.68,558.46
1304,3,698.02,560.37
1305,3,699.38,562.13
1306,3,700.75,563.74
1307,3,702.14,565.19
1308,3,703.55,566.49
1309,3,704.97,567.64
1310,3,706.41,568.64
1311,3,707.87,569.49
1312,3,709.34,570.2
1313,3,710.83,570.75
1314,3,712.34,571.16
1315,3,713.86,571.42
1316,3,715.4,571.54
1317,3,716.95,571.52
1318,3,718.51,571.36
1319,3,720.09,571.06
1320,3,721.68,570.62
1321,3,723.28,570.04
1322,3,724.9,569.33
1323,3,726.52,568.48
1324,3,728.16,567.5
1325,3,729.81,566.39
1326,3,731.47,565.15
1327,3,733.14,563.78
1328,3,734.81,562.29
1329,3,736.5,560.67
1330,3,738.19,558.93
1331,3,739.88,557.07
1332,3,741.58,555.09
1333,3,743.29,552.99
1334,3,745,550.78
1335,3,746.71,548.45
1336,3,748.42,546.01
1337,3,750.13,543.46
1338,3,751.85,540.8
1339,3,753.56,538.04
1340,3,755.27,535.17
1341,3,756.97,532.2
1342,3,758.68,529.13
1343,3,760.37,525.96
1344,3,762.06,522.7
1345,3,763.75,519.34
1346,3,765.42,515.89
1347,3,767.09,512.36
1348,3,768.74,508.73
1349,3,770.38,505.02
1350,3,772.01,501.23
1351,3,773.63,497.35
1352,3,775.23,493.4
1353,3,776.82,489.37
1354,3,778.39,485.27
1355,3,779.94,481.1
1356,3,781.47,476.86
1357,3,782.98,472.56
1358,3,784.47,468.19
1359,3,785.94,463.76
1360,3,787.39,459.27
1361,3,788.81,454.72
1362,3,790.21,450.12
1363,3,791.58,445.47
1364,3,792.92,440.76
1365,3,794.23,436.01
1366,3,795.52,431.22
1367,3,796.78,426.38
1368,3,798,421.5
1369,3,799.2,416.58
1370,3,800.36,411.62
1371,3,801.49,406.62
1372,3,802.59,401.6
1373,3,803.66,396.54
1374,3,804.69,391.45
1375,3,805.68,386.33
1376,3,806.65,381.18
1377,3,807.57,376.01
1378,3,808.46,370.82
1379,3,809.32,365.6
1380,3,810.13,360.36
1381,3,810.92,355.1
1382,3,811.66,349.83
1383,3,812.37,344.54
1384,3,813.05,339.23
1385,3,813.68,333.91
1386,3,814.28,328.58
1387,3,814.85,323.24
1388,3,815.38,317.89
1389,3,815.87,312.54
1390,3,816.33,307.18
1391,3,816.75,301.81
1392,3,817.14,296.44
1393,3,817.49,291.08
1394,3,817.81,285.71
1395,3,818.1,280.36
1396,3,818.35,275
1397,3,818.57,269.66
1398,3,818.76,264.32
1399,3,818.92,259
1400,3,819.04,253.7
1401,3,819.14,248.41
1402,3,819.21,243.14
1403,3,819.24,237.9
1404,3,819.25,232.68
1405,3,819.24,227.49
1406,3,819.19,222.33
1407,3,819.12,217.21
1408,3,819.03,212.12
1409,3,818.91,207.07
1410,3,818.77,202.06
1411,3,818.6,197.1
1412,3,818.41,192.19
1413,3,818.21,187.34
1414,3,817.98,182.54
1415,3,817.74,177.79
1416,3,817.47,173.11
1417,3,817.19,168.5
1418,3,816.89,163.95
1419,3,816.58,159.48
1420,3,816.26,155.08
1421,3,815.92,150.77
1422,3,815.56,146.53
1423,3,815.2,142.38
1424,3,814.83,138.32
1425,3,814.44,134.36
1426,3,814.05,130.49
1427,3,813.65,126.72
1428,3,813.25,123.05
1429,3,812.83,119.5
1430,3,812.42,116.05
1431,3,811.99,112.72
1432,3,811.57,109.5
1433,3,811.14,106.4
1434,3,810.71,103.43
1435,3,810.28,100.59
1436,3,809.85,97.877
1437,3,809.42,95.298
1438,3,808.99,92.856
1439,3,808.57,90.554
1440,3,808.14,88.394
1441,3,807.72,86.381
1442,3,807.3,84.516
1443,3,806.89,82.803
1444,3,806.48,81.245
1445,3,806.08,79.843
1446,3,805.68,78.602
1447,3,805.29,77.523
1448,3,804.91,76.609
1449,3,804.53,75.862
1450,3,804.16,75.285
1451,3,803.8,74.88
1452,3,803.45,74.649
1453,3,803.11,74.594
1454,3,802.77,74.718
1455,3,802.45,75.021
1456,3,802.13,75.506
1457,3,801.83,76.175
1458,3,801.53,77.028
1459,3,801.24,78.067
1460,3,800.97,79.294
1461,3,800.71,80.709
1462,3,800.45,82.314
1463,3,800.21,84.108
1464,3,799.98,86.094
1465,3,799.76,88.271
1466,3,799.54,90.639
1467,3,799.35,93.2
1468,3,799.16,95.953
1469,3,798.98,98.897
1470,3,798.81,102.03
1471,3,798.66,105.36
1472,3,798.51,108.88
1473,3,798.38,112.59
1474,3,798.26,116.48
1475,3,798.15,120.57
1476,3,798.05,124.84
1477,3,797.96,129.29
1478,3,797.88,133.93
1479,3,797.81,138.74
1480,3,797.75,143.73
1481,3,797.7,148.9
1482,3,797.66,154.24
1483,3,797.63,159.75
1484,3,797.61,165.42
1485,3,797.6,171.26
1486,3,797.6,177.25
1487,3,797.61,183.39
1488,3,797.63,189.68
1489,3,797.65,196.11
1490,3,797.69,202.68
1491,3,797.73,209.38
1492,3,797.78,216.2
1493,3,797.84,223.14
1494,3,797.9,230.19
1495,3,797.98,237.35
1496,3,798.06,244.6
1497,3,798.14,251.94
1498,3,798.24,259.36
1499,3,798.34,266.86
1500,3,798.45,274.42
1501,3,798.56,282.04
1502,3,798.68,289.7
1503,3,798.81,297.41
1504,3,798.94,305.14
1505,3,799.08,312.9
1506,3,799.22,320.67
1507,3,799.37,328.45
1508,3,799.52,336.23
1509,3,799.68,343.99
1510,3,799.85,351.74
1511,3,800.03,359.45
1512,3,800.21,367.13
1513,3,800.39,374.77
1514,3,800.59,382.35
1515,3,800.79,389.88
1516,3,801,397.34
1517,3,801.22,404.72
1518,3,801.45,412.03
1519,3,801.68,419.25
1520,3,801.93,426.38
1521,3,802.19,433.41
1522,3,802.46,440.33
1523,3,802.74,447.15
1524,3,803.03,453.85
1525,3,803.34,460.44
1526,3,803.66,466.9
1527,3,803.99,473.23
1528,3,804.34,479.43
1529,3,804.7,485.49
1530,3,805.08,491.42
1531,3,805.48,497.21
1532,3,805.89,502.85
1533,3,806.33,508.34
1534,3,806.78,513.69
1535,3,807.25,518.88
1536,3,807.74,523.92
1537,3,808.25,528.81
1538,3,808.78,533.54
1539,3,809.33,538.11
1540,3,809.91,542.53
1541,3,810.51,546.78
1542,3,811.13,550.88
1543,3,811.77,554.81
1544,3,812.44,558.58
1545,3,813.13,562.2
1546,3,813.85,565.65
1547,3,814.6,568.94
1548,3,815.36,572.06
1549,3,816.16,575.03
1550,3,816.98,577.83
1551,3,817.83,580.47
1552,3,818.7,582.96
1553,3,819.6,585.28
1554,3,820.53,587.44
1555,3,821.49,589.44
1556,3,822.47,591.29
1557,3,823.48,592.98
1558,3,824.52,594.51
1559,3,825.59,595.88
1560,3,826.68,597.1
1561,3,827.8,598.16
1562,3,828.95,599.07
1563,3,830.13,599.83
1564,3,831.33,600.44
1565,3,832.56,600.89
1566,3,833.81,601.2
1567,3,835.1,601.36
1568,3,836.4,601.37
1569,3,837.74,601.24
1570,3,839.1,600.96
1571,3,840.48,600.53
1572,3,841.89,599.97
1573,3,843.32,599.27
1574,3,844.78,598.42
1575,3,846.25,597.44
1576,3,847.75,596.32
1577,3,849.27,595.07
1578,3,850.81,593.68
1579,3,852.36,592.16
1580,3,853.94,590.51
1581,3,855.53,588.73
1582,3,857.14,586.83
1583,3,858.76,584.8
1584,3,860.39,582.65
1585,3,862.04,580.37
1586,3,863.69,577.98
1587,3,865.35,575.47
1588,3,867.02,572.85
1589,3,868.7,570.11
1590,3,870.37,567.26
1591,3,872.05,564.3
1592,3,873.73,561.24
1593,3,875.41,558.07
1594,3,877.08,554.8
1595,3,878.75,551.43
1596,3,880.41,547.96
1597,3,882.06,544.39
1598,3,883.7,540.74
1599,3,885.33,536.99
1600,3,886.94,533.15
1601,3,888.54,529.22
1602,3,890.12,525.21
1603,3,891.69,521.12
1604,3,893.23,516.95
1605,3,894.75,512.7
1606,3,896.25,508.38
1607,3,897.73,503.98
1608,3,899.18,499.51
1609,3,900.6,494.98
1610,3,902,490.37
1611,3,903.37,485.71
1612,3,904.7,480.98
1613,3,906.01,476.19
1614,3,907.28,471.35
1615,3,908.53,466.45
1616,3,909.73,461.5
1617,3,910.91,456.49
1618,3,912.05,451.44
1619,3,913.15,446.35
1620,3,914.21,441.21
1621,3,915.24,436.03
1622,3,916.24,430.81
1623,3,917.19,425.55
1624,3,918.11,420.26
1625,3,918.99,414.94
1626,3,919.83,409.58
1627,3,920.63,404.2
1628,3,921.4,398.79
1629,3,922.12,393.36
1630,3,922.81,387.91
1631,3,923.46,382.44
1632,3,924.07,376.95
1633,3,924.65,371.45
1634,3,925.18,365.94
1635,3,925.69,360.41
1636,3,926.15,354.88
1637,3,926.58,349.34
1638,3,926.97,343.8
1639,3,927.33,338.26
1640,3,927.65,332.72
1641,3,927.94,327.18
1642,3,928.2,321.64
1643,3,928.43,316.12
1644,3,928.62,310.6
1645,3,928.79,305.09
1646,3,928.93,299.6
1647,3,929.04,294.12
1648,3,929.12,288.66
1649,3,929.17,283.23
1650,3,929.21,277.81
1651,3,929.22,272.42
1652,3,929.2,267.06
1653,3,929.17,261.72
1654,3,929.12,256.42
1655,3,929.04,251.15
1656,3,928.95,245.92
1657,3,928.85,240.73
1658,3,928.73,235.58
1659,3,928.59,230.47
1660,3,928.44,225.42
1661,3,928.29,220.41
1662,3,928.12,215.45
1663,3,927.94,210.54
1664,3,927.75,205.7
1665,3,927.55,200.91
1666,3,927.35,196.18
1667,3,927.15,191.51
1668,3,926.93,186.91
1669,3,926.72,182.38
1670,3,926.5,177.92
1671,3,926.28,173.53
1672,3,926.06,169.21
1673,3,925.83,164.97
1674,3,925.61,160.8
1675,3,925.39,156.71
1676,3,925.17,152.7
1677,3,924.95,148.77
1678,3,924.73,144.93
1679,3,924.51,141.17
1680,3,924.3,137.49
1681,3,924.09,133.9
1682,3,923.89,130.4
1683,3,923.69,126.99
1684,3,923.49,123.67
1685,3,923.3,120.43
1686,3,923.12,117.29
1687,3,922.94,114.25
1688,3,922.76,111.29
1689,3,922.59,108.43
1690,3,922.43,105.67
1691,3,922.28,103
1692,3,922.13,100.43
1693,3,921.98,97.951
1694,3,921.85,95.573
1695,3,921.72,93.293
1696,3,921.6,91.112
1697,3,921.48,89.03
1698,3,921.37,87.048
1699,3,921.27,85.166
1700,3,921.18,83.385
1701,3,921.1,81.705
1702,3,921.02,80.126
1703,3,920.95,78.65
1704,3,920.89,77.276
1705,3,920.84,76.005
1706,3,920.79,74.838
1707,3,920.76,73.775
1708,3,920.73,72.816
1709,3,920.71,71.963
1710,3,920.7,71.215
1711,3,920.69,70.574
1712,3,920.7,70.04
1713,3,920.71,69.613
1714,3,920.74,69.295
1715,3,920.77,69.086
1716,3,920.81,68.987
1717,3,920.85,68.998
1718,3,920.91,69.12
1719,3,920.98,69.355
1720,3,921.05,69.703
1721,3,921.14,70.164
1722,3,921.23,70.74
1723,3,921.33,71.431
1724,3,921.44,72.239
1725,3,921.56,73.164
1726,3,921.69,74.208
1727,3,921.83,75.37
1728,3,921.97,76.652
1729,3,922.13,78.054
1730,3,922.3,79.578
1731,3,922.47,81.225
1732,3,922.66,82.995
1733,3,922.86,84.889
1734,3,923.06,86.908
1735,3,923.28,89.052
1736,3,923.5,91.323
1737,3,923.74,93.72
1738,3,923.98,96.245
1739,3,924.24,98.899
1740,3,924.5,101.68
1741,3,924.78,104.59
1742,3,925.06,107.63
1743,3,925.36,110.8
1744,3,925.67,114.1
1745,3,925.99,117.53
1746,3,926.32,121.09
1747,3,926.66,124.77
1748,3,927.01,128.59
1749,3,927.37,132.53
1750,3,927.75,136.61
1751,3,928.13,140.81
1752,3,928.53,145.13
1753,3,928.94,149.58
1754,3,929.35,154.16
1755,3,929.79,158.86
1756,3,930.23,163.67
1757,3,930.68,168.61
1758,3,931.15,173.66
1759,3,931.63,178.82
1760,3,932.12,184.1
1761,3,932.63,189.49
1762,3,933.14,194.97
1763,3,933.67,200.56
1764,3,934.21,206.25
1765,3,934.76,212.03
1766,3,935.32,217.9
1767,3,935.9,223.86
1768,3,936.49,229.89
1769,3,937.09,235.99
1770,3,937.7,242.17
1771,3,938.33,248.4
1772,3,938.96,254.69
1773,3,939.61,261.03
1774,3,940.27,267.42
1775,3,940.94,273.84
1776,3,941.63,280.28
1777,3,942.32,286.75
1778,3,943.03,293.23
1779,3,943.75,299.72
1780,3,944.48,306.21
1781,3,945.23,312.7
1782,3,945.99,319.16
1783,3,946.76,325.61
1784,3,947.54,332.03
1785,3,948.33,338.41
1786,3,949.14,344.75
1787,3,949.97,351.04
1788,3,950.8,357.28
1789,3,951.66,363.45
1790,3,952.52,369.56
1791,3,953.4,375.6
1792,3,954.3,381.56
1793,3,955.21,387.44
1794,3,956.13,393.22
1795,3,957.07,398.92
1796,3,958.03,404.51
1797,3,959,410
1798,3,959.99,415.39
1799,3,961,420.66
1800,3,962.02,425.82
1801,3,963.06,430.86
1802,3,964.12,435.78
1803,3,965.2,440.57
1804,3,966.29,445.24
1805,3,967.41,449.77
1806,3,968.54,454.17
1807,3,969.7,458.43
1808,3,970.87,462.56
1809,3,972.06,466.55
1810,3,973.27,470.39
1811,3,974.51,474.09
1812,3,975.76,477.65
1813,3,977.04,481.05
1814,3,978.33,484.31
1815,3,979.65,487.42
1816,3,980.99,490.38
1817,3,982.34,493.19
1818,3,983.72,495.85
1819,3,985.12,498.35
1820,3,986.54,500.7
1821,3,987.99,502.9
1822,3,989.45,504.94
1823,3,990.93,506.83
1824,3,992.43,508.57
1825,3,993.95,510.15
1826,3,995.49,511.57
1827,3,997.05,512.84
1828,3,998.63,513.96
1829,3,1000.2,514.93
1830,3,1001.8,515.74
1831,3,1003.5,516.4
1832,3,1005.1,516.9
1833,3,1006.8,517.26
1834,3,1008.4,517.47
1835,3,1010.1,517.52
1836,3,1011.8,517.43
1837,3,1013.5,517.19
1838,3,1015.2,516.8
1839,3,1017,516.27
1840,3,1018.7,515.59
1841,3,1020.4,514.78
1842,3,1022.2,513.81
1843,3,1023.9,512.71
1844,3,1025.7,511.48
1845,3,1027.4,510.1
1846,3,1029.2,508.59
1847,3,1031,506.94
1848,3,1032.7,505.17
1849,3,1034.5,503.26
1850,3,1036.2,501.22
1851,3,1038,499.06
1852,3,1039.7,496.78
1853,3,1041.4,494.37
1854,3,1043.2,491.84
1855,3,1044.9,489.2
1856,3,1046.6,486.44
1857,3,1048.3,483.56
1858,3,1050,480.58
1859,3,1051.6,477.48
1860,3,1053.3,474.28
1861,3,1054.9,470.97
1862,3,1056.6,467.56
1863,3,1058.2,464.05
1864,3,1059.7,460.44
1865,3,1061.3,456.73
1866,3,1062.9,452.93
1867,3,1064.4,449.04
1868,3,1065.9,445.06
1869,3,1067.4,440.99
1870,3,1068.8,436.83
1871,3,1070.3,432.6
1872,3,1071.7,428.28
1873,3,1073.1,423.89
1874,3,1074.4,419.42
1875,3,1075.8,414.88
1876,3,1077.1,410.27
1877,3,1078.4,405.59
1878,3,1079.6,400.85
1879,3,1080.8,396.05
1880,3,1082.1,391.18
1881,3,1083.2,386.26
1882,3,1084.4,381.29
1883,3,1085.5,376.27
1884,3,1086.6,371.2
1885,3,1087.7,366.09
1886,3,1088.8,360.93
1887,3,1089.8,355.74
1888,3,1090.8,350.51
1889,3,1091.7,345.25
1890,3,1092.7,339.97
1891,3,1093.6,334.65
1892,3,1094.5,329.31
1893,3,1095.4,323.96
1894,3,1096.2,318.59
1895,3,1097,313.2
1896,3,1097.8,307.81
1897,3,1098.6,302.41
1898,3,1099.3,297
1899,3,1100.1,291.6
1900,3,1100.8,286.19
1901,3,1101.4,280.8
1902,3,1102.1,275.41
1903,3,1102.7,270.04
1904,3,1103.4,264.68
1905,3,1104,259.34
1906,3,1104.5,254.02
1907,3,1105.1,248.73
1908,3,1105.6,243.46
1909,3,1106.1,238.23
1910,3,1106.6,233.03
1911,3,1107.1,227.87
1912,3,1107.6,222.76
1913,3,1108,217.68
1914,3,1108.5,212.66
1915,3,1108.9,207.69
1916,3,1109.3,202.78
1917,3,1109.7,197.92
1918,3,1110.1,193.13
1919,3,1110.5,188.4
1920,3,1110.8,183.75
1921,3,1111.1,179.16
1922,3,1111.5,174.66
1923,3,1111.8,170.23
1924,3,1112.1,165.89
1925,3,1112.4,161.64
1926,3,1112.7,157.47
1927,3,1113,153.41
1928,3,1113.3,149.44
1929,3,1113.5,145.57
1930,3,1113.8,141.81
1931,3,1114,138.16
1932,3,1114.3,134.62
1933,3,1114.5,131.2
1934,3,1114.7,127.9
1935,3,1115,124.73
1936,3,1115.2,121.68
1937,3,1115.4,118.76
1938,3,1115.6,115.98
1939,3,1115.8,113.33
1940,3,1116,110.83
1941,3,1116.2,108.46
1942,3,1116.4,106.25
1943,3,1116.6,104.18
1944,3,1116.8,102.27
1945,3,1117,100.51
1946,3,1117.1,98.916
1947,3,1117.3,97.478
1948,3,1117.5,96.205
1949,3,1117.7,95.097
1950,3,1117.8,94.158
1951,3,1118,93.39
1952,3,1118.2,92.795
1953,3,1118.3,92.375
1954,3,1118.5,92.132
1955,3,1118.7,92.068
1956,3,1118.8,92.185
1957,3,1119,92.485
1958,3,1119.2,92.968
1959,3,1119.3,93.637
1960,3,1119.5,94.493
1961,3,1119.7,95.537
1962,3,1119.8,96.769
1963,3,1120,98.192
1964,3,1120.1,99.805
1965,3,1120.3,101.61
1966,3,1120.5,103.61
1967,3,1120.6,105.8
1968,3,1120.8,108.18
1969,3,1121,110.75
1970,3,1121.2,113.52
1971,3,1121.3,116.48
1972,3,1121.5,119.63
1973,3,1121.7,122.97
1974,3,1121.9,126.5
1975,3,1122.1,130.22
1976,3,1122.3,134.12
1977,3,1122.5,138.21
1978,3,1122.7,142.49
1979,3,1122.9,146.95
1980,3,1123.1,151.59
1981,3,1123.3,156.4
1982,3,1123.5,161.39
1983,3,1123.8,166.55
1984,3,1124,171.88
1985,3,1124.3,177.38
1986,3,1124.5,183.03
1987,3,1124.8,188.84
1988,3,1125,194.8
1989,3,1125.3,200.9
1990,3,1125.6,207.15
1991,3,1125.9,213.53
1992,3,1126.2,220.05
1993,3,1126.5,226.68
1994,3,1126.8,233.43
1995,3,1127.1,240.3
1996,3,1127.5,247.26
1997,3,1127.8,254.32
1998,3,1128.2,261.47
1999,3,1128.5,268.7
2000,3,1128.9,276
2001,3,1129.3,283.36
2002,3,1129.7,290.78
2003,3,1130.1,298.25
2004,3,1130.6,305.75
2005,3,1131,313.28
2006,3,1131.4,320.83
2007,3,1131.9,328.38
2008,3,1132.4,335.94
2009,3,1132.9,343.49
2010,3,1133.4,351.02
2011,3,1134,358.52
2012,3,1134.5,365.99
2013,3,1135.1,373.4
2014,3,1135.7,380.76
2015,3,1136.3,388.06
2016,3,1136.9,395.28
2017,3,1137.5,402.42
2018,3,1138.2,409.47
2019,3,1138.9,416.41
2020,3,1139.6,423.25
2021,3,1140.4,429.97
2022,3,1141.1,436.57
2023,3,1141.9,443.03
2024,3,1142.8,449.36
2025,3,1143.6,455.55
2026,3,1144.5,461.58
2027,3,1145.4,467.45
2028,3,1146.3,473.16
2029,3,1147.3,478.7
2030,3,1148.3,484.07
2031,3,1149.4,489.26
2032,3,1150.4,494.27
2033,3,1151.5,499.09
2034,3,1152.7,503.72
2035,3,1153.8,508.15
2036,3,1155.1,512.38
2037,3,1156.3,516.42
2038,3,1157.6,520.25
2039,3,1158.9,523.87
2040,3,1160.3,527.28
2041,3,1161.7,530.48
2042,3,1163.1,533.46
2043,3,1164.6,536.23
2044,3,1166.1,538.79
2045,3,1167.6,541.12
2046,3,1169.2,543.24
2047,3,1170.8,545.14
2048,3,1172.5,546.81
2049,3,1174.2,548.27
2050,3,1175.9,549.5
2051,3,1177.7,550.51
2052,3,1179.5,551.3
2053,3,1181.4,551.87
2054,3,1183.3,552.21
2055,3,1185.2,552.34
2056,3,1187.1,552.25
2057,3,1189.1,551.93
2058,3,1191.1,551.41
2059,3,1193.2,550.66
2060,3,1195.2,549.7
2061,3,1197.4,548.53
2062,3,1199.5,547.15
2063,3,1201.7,545.56
2064,3,1203.8,543.77
2065,3,1206,541.77
2066,3,1208.3,539.57
2067,3,1210.5,537.17
2068,3,1212.8,534.58
2069,3,1215.1,531.8
2070,3,1217.4,528.83
2071,3,1219.7,525.68
2072,3,1222,522.34
2073,3,1224.4,518.83
2074,3,1226.7,515.15
2075,3,1229.1,511.31
2076,3,1231.4,507.3
2077,3,1233.8,503.13
2078,3,1236.1,498.81
2079,3,1238.5,494.34
2080,3,1240.8,489.73
2081,3,1243.2,484.98
2082,3,1245.5,480.09
2083,3,1247.8,475.08
2084,3,1250.1,469.96
2085,3,1252.4,464.71
2086,3,1254.7,459.36
2087,3,1256.9,453.9
2088,3,1259.2,448.34
2089,3,1261.4,442.7
2090,3,1263.6,436.97
2091,3,1265.7,431.16
2092,3,1267.9,425.27
2093,3,1270,419.32
2094,3,1272.1,413.31
2095,3,1274.1,407.25
2096,3,1276.1,401.14
2097,3,1278.1,394.98
2098,3,1280.1,388.79
2099,3,1282,382.57
2100,3,1283.8,376.33
2101,3,1285.7,370.06
2102,3,1287.5,363.79
2103,3,1289.3,357.51
2104,3,1291,351.23
2105,3,1292.7,344.95
2106,3,1294.3,338.69
2107,3,1295.9,332.44
2108,3,1297.5,326.21
2109,3,1299,320.02
2110,3,1300.5,313.85
2111,3,1302,307.73
2112,3,1303.4,301.65
2113,3,1304.8,295.62
2114,3,1306.1,289.65
2115,3,1307.4,283.74
2116,3,1308.6,277.89
2117,3,1309.8,272.11
2118,3,1311,266.41
2119,3,1312.1,260.79
2120,3,1313.2,255.26
2121,3,1314.3,249.82
2122,3,1315.3,244.47
2123,3,1316.3,239.23
2124,3,1317.2,234.09
2125,3,1318.1,229.06
2126,3,1319,224.15
2127,3,1319.8,219.35
2128,3,1320.6,214.68
2129,3,1321.4,210.14
2130,3,1322.1,205.73
2131,3,1322.8,201.46
2132,3,1323.5,197.34
2133,3,1324.2,193.35
2134,3,1324.8,189.52
2135,3,1325.4,185.84
2136,3,1325.9,182.32
2137,3,1326.4,178.97
2138,3,1326.9,175.77
2139,3,1327.4,172.75
2140,3,1327.9,169.89
2141,3,1328.3,167.21
2142,3,1328.7,164.71
2143,3,1329.1,162.39
2144,3,1329.5,160.25
2145,3,1329.8,158.3
2146,3,1330.2,156.53
2147,3,1330.5,154.95
2148,3,1330.8,153.57
2149,3,1331.1,152.37
2150,3,1331.3,151.38
2151,3,1331.6,150.57
2152,3,1331.9,149.97
2153,3,1332.1,149.57
2154,3,1332.3,149.37
2155,3,1332.6,149.37
2156,3,1332.8,149.57
2157,3,1333,149.98
2158,3,1333.2,150.59
2159,3,1333.4,151.41
2160,3,1333.6,152.43
2161,3,1333.8,153.65
2162,3,1334,155.09
2163,3,1334.2,156.72
2164,3,1334.4,158.57
2165,3,1334.7,160.61
2166,3,1334.9,162.86
2167,3,1335.1,165.31
2168,3,1335.3,167.96
2169,3,1335.6,170.81
2170,3,1335.8,173.86
2171,3,1336.1,177.1
2172,3,1336.3,180.54
2173,3,1336.6,184.16
2174,3,1336.9,187.97
2175,3,1337.2,191.96
2176,3,1337.5,196.13
2177,3,1337.8,200.48
2178,3,1338.1,205
2179,3,1338.5,209.69
2180,3,1338.9,214.54
2181,3,1339.3,219.54
2182,3,1339.7,224.7
2183,3,1340.1,230
2184,3,1340.5,235.44
2185,3,1341,241.01
2186,3,1341.4,246.7
2187,3,1341.9,252.52
2188,3,1342.4,258.44
2189,3,1343,264.47
2190,3,1343.5,270.59
2191,3,1344.1,276.8
2192,3,1344.7,283.09
2193,3,1345.3,289.44
2194,3,1345.9,295.86
2195,3,1346.6,302.32
2196,3,1347.2,308.83
2197,3,1347.9,315.37
2198,3,1348.6,321.94
2199,3,1349.4,328.51
2200,3,1350.1,335.09
2201,3,1350.9,341.67
2202,3,1351.7,348.23
2203,3,1352.5,354.77
2204,3,1353.3,361.28
2205,3,1354.2,367.74
2206,3,1355.1,374.16
2207,3,1356,380.51
2208,3,1356.9,386.8
2209,3,1357.8,393.02
2210,3,1358.8,399.15
2211,3,1359.8,405.18
2212,3,1360.8,411.12
2213,3,1361.8,416.96
2214,3,1362.8,422.68
2215,3,1363.9,428.29
2216,3,1365,433.77
2217,3,1366.1,439.12
2218,3,1367.2,444.33
2219,3,1368.4,449.41
2220,3,1369.6,454.33
2221,3,1370.8,459.11
2222,3,1372,463.73
2223,3,1373.3,468.19
2224,3,1374.5,472.49
2225,3,1375.8,476.62
2226,3,1377.1,480.58
2227,3,1378.5,484.36
2228,3,1379.8,487.97
2229,3,1381.2,491.4
2230,3,1382.6,494.65
2231,3,1384.1,497.71
2232,3,1385.5,500.58
2233,3,1387,503.27
2234,3,1388.4,505.77
2235,3,1389.9,508.08
2236,3,1391.5,510.19
2237,3,1393,512.12
2238,3,1394.6,513.84
2239,3,1396.1,515.38
2240,3,1397.7,516.71
2241,3,1399.3,517.86
2242,3,1400.9,518.8
2243,3,1402.5,519.55
2244,3,1404.1,520.11
2245,3,1405.8,520.47
2246,3,1407.4,520.64
2247,3,1409.1,520.61
2248,3,1410.7,520.4
2249,3,1412.4,519.99
2250,3,1414.1,519.39
2251,3,1415.7,518.6
2252,3,1417.4,517.62
2253,3,1419.1,516.46
2254,3,1420.7,515.12
2255,3,1422.4,513.6
2256,3,1424,511.89
2257,3,1425.7,510.02
2258,3,1427.3,507.96
2259,3,1428.9,505.74
2260,3,1430.5,503.35
2261,3,1432.1,500.8
2262,3,1433.7,498.09
2263,3,1435.2,495.22
2264,3,1436.8,492.19
2265,3,1438.3,489.02
2266,3,1439.8,485.7
2267,3,1441.3,482.24
2268,3,1442.7,478.64
2269,3,1444.2,474.91
2270,3,1445.6,471.05
2271,3,1446.9,467.07
2272,3,1448.3,462.96
2273,3,1449.6,458.74
2274,3,1450.9,454.4
2275,3,1452.1,449.96
2276,3,1453.4,445.41
2277,3,1454.6,440.77
2278,3,1455.7,436.03
2279,3,1456.8,431.19
2280,3,1457.9,426.28
2281,3,1459,421.28
2282,3,1460,416.21
2283,3,1461,411.07
2284,3,1462,405.85
2285,3,1462.9,400.58
2286,3,1463.8,395.25
2287,3,1464.6,389.86
2288,3,1465.4,384.42
2289,3,1466.2,378.94
2290,3,1467,373.42
2291,3,1467.7,367.87
2292,3,1468.4,362.28
2293,3,1469.1,356.67
2294,3,1469.7,351.04
2295,3,1470.3,345.39
2296,3,1470.9,339.73
2297,3,1471.5,334.06
2298,3,1472,328.38
2299,3,1472.5,322.71
2300,3,1472.9,317.04
2301,3,1473.4,311.38
2302,3,1473.8,305.73
2303,3,1474.2,300.1
2304,3,1474.6,294.49
2305,3,1474.9,288.91
2306,3,1475.2,283.36
2307,3,1475.5,277.85
2308,3,1475.8,272.37
2309,3,1476,266.94
2310,3,1476.3,261.55
2311,3,1476.5,256.22
2312,3,1476.7,250.94
2313,3,1476.9,245.73
2314,3,1477,240.58
2315,3,1477.1,235.5
2316,3,1477.3,230.49
2317,3,1477.4,225.55
2318,3,1477.4,220.7
2319,3,1477.5,215.94
2320,3,1477.6,211.26
2321,3,1477.6,206.68
2322,3,1477.6,202.19
2323,3,1477.6,197.8
2324,3,1477.6,193.52
2325,3,1477.6,189.34
2326,3,1477.6,185.27
2327,3,1477.5,181.32
2328,3,1477.4,177.48
2329,3,1477.4,173.76
2330,3,1477.3,170.17
2331,3,1477.2,166.7
2332,3,1477.1,163.35
2333,3,1477,160.13
2334,3,1476.9,157.05
2335,3,1476.7,154.1
2336,3,1476.6,151.29
2337,3,1476.4,148.62
2338,3,1476.3,146.09
2339,3,1476.1,143.7
2340,3,1475.9,141.45
2341,3,1475.7,139.36
2342,3,1475.5,137.41
2343,3,1475.3,135.61
2344,3,1475.1,133.97
2345,3,1474.9,132.48
2346,3,1474.7,131.14
2347,3,1474.5,129.96
2348,3,1474.3,128.94
2349,3,1474.1,128.08
2350,3,1473.8,127.38
2351,3,1473.6,126.84
2352,3,1473.4,126.46
2353,3,1473.2,126.24
2354,3,1472.9,126.19
2355,3,1472.7,126.31
2356,3,1472.5,126.58
2357,3,1472.2,127.03
2358,3,1472,127.64
2359,3,1471.8,128.41
2360,3,1471.5,129.35
2361,3,1471.3,130.46
2362,3,1471.1,131.74
2363,3,1470.9,133.18
2364,3,1470.6,134.79
2365,3,1470.4,136.56
2366,3,1470.2,138.5
2367,3,1470,140.6
2368,3,1469.8,142.87
2369,3,1469.6,145.3
2370,3,1469.4,147.9
2371,3,1469.2,150.65
2372,3,1469.1,153.57
2373,3,1468.9,156.64
2374,3,1468.7,159.88
2375,3,1468.6,163.26
2376,3,1468.5,166.81
2377,3,1468.3,170.5
2378,3,1468.2,174.34
2379,3,1468.1,178.33
2380,3,1468,182.47
2381,3,1467.9,186.74
2382,3,1467.8,191.15
2383,3,1467.8,195.7
2384,3,1467.7,200.38
2385,3,1467.7,205.18
2386,3,1467.7,210.11
2387,3,1467.7,215.16
2388,3,1467.7,220.32
2389,3,1467.7,225.58
2390,3,1467.7,230.95
2391,3,1467.8,236.42
2392,3,1467.9,241.97
2393,3,1468,247.61
2394,3,1468.1,253.33
2395,3,1468.2,259.12
2396,3,1468.4,264.96
2397,3,1468.6,270.87
2398,3,1468.8,276.82
2399,3,1469,282.8
2400,3,1469.3,288.82
2401,3,1469.5,294.85
2402,3,1469.8,300.9
2403,3,1470.2,306.95
2404,3,1470.5,312.99
2405,3,1470.9,319.02
2406,3,1471.3,325.02
2407,3,1471.8,330.98
2408,3,1472.2,336.91
2409,3,1472.7,342.78
2410,3,1473.3,348.59
2411,3,1473.8,354.33
2412,3,1474.4,360
2413,3,1475.1,365.58
2414,3,1475.7,371.07
2415,3,1476.4,376.46
2416,3,1477.2,381.74
2417,3,1478,386.91
2418,3,1478.8,391.96
2419,3,1479.6,396.88
2420,3,1480.5,401.67
2421,3,1481.5,406.33
2422,3,1482.5,410.84
2423,3,1483.5,415.2
2424,3,1484.6,419.4
2425,3,1485.7,423.45
2426,3,1486.8,427.34
2427,3,1488,431.06
2428,3,1489.3,434.6
2429,3,1490.6,437.98
2430,3,1491.9,441.17
2431,3,1493.3,444.19
2432,3,1494.7,447.02
2433,3,1496.2,449.66
2434,3,1497.7,452.11
2435,3,1499.3,454.37
2436,3,1500.9,456.44
2437,3,1502.5,458.31
2438,3,1504.2,459.98
2439,3,1506,461.45
2440,3,1507.8,462.71
2441,3,1509.7,463.78
2442,3,1511.5,464.64
2443,3,1513.5,465.3
2444,3,1515.5,465.75
2445,3,1517.5,465.99
2446,3,1519.6,466.03
2447,3,1521.7,465.86
2448,3,1523.9,465.49
2449,3,1526.1,464.91
2450,3,1528.3,464.13
2451,3,1530.6,463.14
2452,3,1532.9,461.94
2453,3,1535.3,460.55
2454,3,1537.7,458.96
2455,3,1540.1,457.17
2456,3,1542.6,455.18
2457,3,1545.1,453
2458,3,1547.6,450.63
2459,3,1550.2,448.07
2460,3,1552.7,445.32
2461,3,1555.4,442.4
2462,3,1558,439.3
2463,3,1560.6,436.03
2464,3,1563.3,432.59
2465,3,1566,428.99
2466,3,1568.7,425.23
2467,3,1571.4,421.31
2468,3,1574.1,417.26
2469,3,1576.9,413.06
2470,3,1579.6,408.73
2471,3,1582.3,404.28
2472,3,1585.1,399.71
2473,3,1587.8,395.02
2474,3,1590.5,390.24
2475,3,1593.2,385.36
2476,3,1595.9,380.39
2477,3,1598.5,375.35
2478,3,1601.2,370.24
2479,3,1603.8,365.07
2480,3,1606.4,359.85
2481,3,1608.9,354.59
2482,3,1611.4,349.3
2483,3,1613.9,343.99
2484,3,1616.3,338.66
2485,3,1618.7,333.33
2486,3,1621.1,328.01
2487,3,1623.4,322.7
2488,3,1625.6,317.41
2489,3,1627.8,312.15
2490,3,1630,306.92
2491,3,1632.1,301.74
2492,3,1634.1,296.62
2493,3,1636.1,291.55
2494,3,1638,286.54
2495,3,1639.9,281.61
2496,3,1641.7,276.75
2497,3,1643.5,271.98
2498,3,1645.2,267.29
2499,3,1646.9,262.69
2500,3,1648.4,258.2
2501,3,1650,253.8
2502,3,1651.5,249.51
2503,3,1652.9,245.33
2504,3,1654.3,241.26
2505,3,1655.6,237.3
2506,3,1656.8,233.46
2507,3,1658,229.74
2508,3,1659.2,226.15
2509,3,1660.3,222.67
2510,3,1661.3,219.32
2511,3,1662.3,216.1
2512,3,1663.3,213
2513,3,1664.2,210.03
2514,3,1665,207.18
2515,3,1665.8,204.46
2516,3,1666.6,201.87
2517,3,1667.3,199.41
2518,3,1668,197.07
2519,3,1668.6,194.85
2520,3,1669.2,192.76
2521,3,1669.8,190.79
2522,3,1670.3,188.93
2523,3,1670.7,187.2
2524,3,1671.2,185.58
2525,3,1671.6,184.07
2526,3,1672,182.68
2527,3,1672.3,181.39
2528,3,1672.6,180.2
2529,3,1672.9,179.12
2530,3,1673.1,178.14
2531,3,1673.4,177.25
2532,3,1673.6,176.45
2533,3,1673.7,175.74
2534,3,1673.9,175.11
2535,3,1674,174.56
2536,3,1674.2,174.08
2537,3,1674.3,173.67
2538,3,1674.3,173.33
2539,3,1674.4,173.04
2540,3,1674.5,172.82
2541,3,1674.5,172.63
2542,3,1674.5,172.5
