1,2,332.88,106.53
2,2,332.9,106.54
3,2,332.91,106.55
4,2,332.93,106.55
5,2,332.94,106.56
6,2,332.95,106.57
7,2,332.97,106.57
8,2,332.98,106.58
9,2,332.99,106.59
10,2,333,106.59
11,2,333.01,106.59
12,2,333.01,106.6
13,2,333.02,106.6
14,2,333.03,106.6
15,2,333.03,106.6
16,2,333.03,106.6
17,2,333.03,106.6
18,2,333.03,106.6
19,2,333.03,106.6
20,2,333.02,106.59
21,2,333.02,106.59
22,2,333.01,106.58
23,2,333,106.57
24,2,332.99,106.57
25,2,332.97,106.56
26,2,332.96,106.54
27,2,332.94,106.53
28,2,332.91,106.51
29,2,332.89,106.5
30,2,332.86,106.48
31,2,332.83,106.46
32,2,332.8,106.44
33,2,332.76,106.41
34,2,332.72,106.39
35,2,332.68,106.36
36,2,332.63,106.33
37,2,332.58,106.3
38,2,332.52,106.26
39,2,332.47,106.22
40,2,332.4,106.18
41,2,332.34,106.14
42,2,332.27,106.09
43,2,332.19,106.05
44,2,332.11,106
45,2,332.02,105.94
46,2,331.93,105.89
47,2,331.84,105.83
48,2,331.74,105.76
49,2,331.63,105.7
50,2,331.52,105.63
51,2,331.41,105.55
52,2,331.28,105.48
53,2,331.16,105.4
54,2,331.02,105.32
55,2,330.88,105.23
56,2,330.74,105.14
57,2,330.58,105.04
58,2,330.42,104.94
59,2,330.26,104.84
60,2,330.09,104.74
61,2,329.91,104.63
62,2,329.72,104.51
63,2,329.53,104.39
64,2,329.33,104.27
65,2,329.12,104.14
66,2,328.9,104.01
67,2,328.68,103.87
68,2,328.45,103.73
69,2,328.21,103.59
70,2,327.97,103.44
71,2,327.72,103.29
72,2,327.46,103.13
73,2,327.19,102.97
74,2,326.91,102.8
75,2,326.63,102.63
76,2,326.34,102.45
77,2,326.04,102.27
78,2,325.74,102.09
79,2,325.42,101.9
80,2,325.1,101.7
81,2,324.78,101.51
82,2,324.44,101.3
83,2,324.1,101.1
84,2,323.75,100.89
85,2,323.39,100.68
86,2,323.03,100.46
87,2,322.66,100.24
88,2,322.28,100.01
89,2,321.9,99.784
90,2,321.51,99.553
91,2,321.12,99.319
92,2,320.72,99.082
93,2,320.32,98.842
94,2,319.91,98.6
95,2,319.5,98.356
96,2,319.08,98.11
97,2,318.66,97.862
98,2,318.24,97.612
99,2,317.81,97.361
100,2,317.38,97.109
101,2,316.95,96.857
102,2,316.52,96.603
103,2,316.08,96.349
104,2,315.65,96.095
105,2,315.21,95.841
106,2,314.77,95.587
107,2,314.33,95.333
108,2,313.89,95.08
109,2,313.46,94.828
110,2,313.02,94.578
111,2,312.59,94.328
112,2,312.15,94.081
113,2,311.72,93.835
114,2,311.29,93.591
115,2,310.87,93.349
116,2,310.45,93.109
117,2,310.03,92.873
118,2,309.61,92.638
119,2,309.2,92.407
120,2,308.79,92.179
121,2,308.39,91.953
122,2,307.99,91.732
123,2,307.6,91.513
124,2,307.21,91.299
125,2,306.83,91.087
126,2,306.46,90.88
127,2,306.09,90.677
128,2,305.73,90.478
129,2,305.37,90.282
130,2,305.02,90.091
131,2,304.68,89.904
132,2,304.34,89.721
133,2,304.02,89.543
134,2,303.69,89.369
135,2,303.38,89.199
136,2,303.07,89.034
137,2,302.78,88.873
138,2,302.48,88.716
139,2,302.2,88.564
140,2,301.92,88.416
141,2,301.65,88.272
142,2,301.39,88.133
143,2,301.14,87.998
144,2,300.89,87.867
145,2,300.65,87.741
146,2,300.42,87.619
147,2,300.2,87.501
148,2,299.98,87.387
149,2,299.77,87.277
150,2,299.57,87.171
151,2,299.37,87.07
152,2,299.19,86.972
153,2,299,86.878
154,2,298.83,86.787
155,2,298.66,86.701
156,2,298.5,86.617
157,2,298.35,86.538
158,2,298.2,86.462
159,2,298.05,86.389
160,2,297.92,86.32
161,2,297.79,86.254
162,2,297.66,86.191
163,2,297.55,86.131
164,2,297.43,86.075
165,2,297.32,86.021
166,2,297.22,85.97
167,2,297.13,85.922
168,2,297.03,85.877
169,2,296.95,85.834
170,2,296.86,85.794
171,2,296.79,85.756
172,2,296.71,85.721
173,2,296.64,85.688
174,2,296.58,85.657
175,2,296.52,85.628
176,2,296.46,85.602
177,2,296.41,85.577
178,2,296.36,85.555
179,2,296.32,85.534
180,2,296.27,85.515
181,2,296.24,85.498
182,2,296.2,85.483
183,2,296.17,85.469
184,2,296.14,85.457
185,2,296.11,85.446
186,2,296.09,85.437
187,2,296.07,85.429
188,2,296.05,85.422
189,2,296.03,85.417
190,2,296.02,85.412
191,2,296.01,85.409
192,2,296,85.407
193,2,295.99,85.406
194,2,295.99,85.406
195,2,295.98,85.407
196,2,295.98,85.408
197,2,295.98,85.411
198,2,295.98,85.414
199,2,295.98,85.418
200,2,295.99,85.423
201,2,295.99,85.428
202,2,296,85.434
203,2,296.01,85.44
204,2,296.02,85.447
205,2,296.03,85.455
206,2,296.04,85.462
207,2,296.05,85.471
208,2,296.06,85.479
209,2,296.07,85.488
210,2,296.09,85.498
211,2,296.1,85.507
212,2,296.12,85.517
213,2,296.13,85.527
214,2,296.15,85.538
215,2,296.17,85.548
216,2,296.18,85.559
217,2,296.2,85.569
218,2,296.22,85.58
219,2,296.23,85.591
220,2,296.25,85.602
221,2,296.27,85.614
222,2,296.29,85.625
223,2,296.31,85.636
224,2,296.32,85.647
225,2,296.34,85.658
226,2,296.36,85.669
227,2,296.38,85.681
228,2,296.4,85.692
229,2,296.42,85.703
230,2,296.43,85.714
231,2,296.45,85.725
232,2,296.47,85.735
233,2,296.49,85.746
234,2,296.5,85.757
235,2,296.52,85.767
236,2,296.54,85.777
237,2,296.56,85.788
238,2,296.57,85.798
239,2,296.59,85.808
240,2,296.6,85.818
241,2,296.62,85.827
242,2,296.64,85.837
243,2,296.65,85.846
244,2,296.67,85.855
245,2,296.68,85.864
246,2,296.7,85.873
247,2,296.71,85.882
248,2,296.72,85.891
249,2,296.74,85.899
250,2,296.75,85.907
251,2,296.76,85.915
252,2,296.77,85.923
253,2,296.79,85.931
254,2,296.8,85.938
255,2,296.81,85.946
256,2,296.82,85.953
257,2,296.83,85.96
258,2,296.84,85.967
259,2,296.85,85.974
260,2,296.86,85.98
261,2,296.87,85.986
262,2,296.88,85.993
263,2,296.89,85.999
264,2,296.9,86.004
265,2,296.91,86.01
266,2,296.92,86.016
267,2,296.93,86.021
268,2,296.93,86.026
269,2,296.94,86.031
270,2,296.95,86.036
271,2,296.95,86.041
272,2,296.96,86.045
273,2,296.97,86.049
274,2,296.97,86.054
275,2,296.98,86.058
276,2,296.98,86.061
277,2,296.99,86.065
278,2,297,86.068
279,2,297,86.072
280,2,297,86.075
281,2,297.01,86.078
282,2,297.01,86.081
283,2,297.02,86.083
284,2,297.02,86.086
285,2,297.03,86.088
286,2,297.03,86.09
287,2,297.03,86.092
288,2,297.04,86.094
289,2,297.04,86.095
290,2,297.04,86.097
291,2,297.04,86.098
292,2,297.05,86.099
293,2,297.05,86.1
294,2,297.05,86.1
295,2,297.05,86.1
296,2,297.06,86.101
297,2,297.06,86.101
298,2,297.06,86.1
299,2,297.06,86.1
300,2,297.06,86.099
301,2,297.06,86.098
302,2,297.07,86.097
303,2,297.07,86.095
304,2,297.07,86.093
305,2,297.07,86.091
306,2,297.07,86.089
307,2,297.07,86.087
308,2,297.07,86.084
309,2,297.07,86.081
310,2,297.07,86.077
311,2,297.07,86.074
312,2,297.08,86.069
313,2,297.08,86.065
314,2,297.08,86.06
315,2,297.08,86.055
316,2,297.08,86.05
317,2,297.08,86.044
318,2,297.08,86.038
319,2,297.08,86.032
320,2,297.08,86.025
321,2,297.08,86.018
322,2,297.08,86.01
323,2,297.08,86.002
324,2,297.08,85.994
325,2,297.08,85.985
326,2,297.08,85.975
327,2,297.08,85.966
328,2,297.07,85.955
329,2,297.07,85.945
330,2,297.07,85.934
331,2,297.07,85.922
332,2,297.07,85.91
333,2,297.07,85.897
334,2,297.07,85.884
335,2,297.07,85.87
336,2,297.07,85.856
337,2,297.07,85.842
338,2,297.07,85.826
339,2,297.06,85.811
340,2,297.06,85.794
341,2,297.06,85.777
342,2,297.06,85.76
343,2,297.06,85.742
344,2,297.06,85.723
345,2,297.05,85.704
346,2,297.05,85.685
347,2,297.05,85.664
348,2,297.05,85.643
349,2,297.05,85.622
350,2,297.04,85.6
351,2,297.04,85.577
352,2,297.04,85.554
353,2,297.03,85.53
354,2,297.03,85.506
355,2,297.03,85.481
356,2,297.03,85.456
357,2,297.02,85.43
358,2,297.02,85.403
359,2,297.01,85.376
360,2,297.01,85.349
361,2,297.01,85.321
362,2,297,85.292
363,2,297,85.263
364,2,296.99,85.234
365,2,296.99,85.204
366,2,296.98,85.173
367,2,296.98,85.143
368,2,296.97,85.112
369,2,296.97,85.08
370,2,296.96,85.048
371,2,296.95,85.016
372,2,296.95,84.984
373,2,296.94,84.952
374,2,296.93,84.919
375,2,296.93,84.886
376,2,296.92,84.854
377,2,296.91,84.821
378,2,296.9,84.788
379,2,296.9,84.755
380,2,296.89,84.722
381,2,296.88,84.69
382,2,296.87,84.658
383,2,296.86,84.626
384,2,296.85,84.594
385,2,296.84,84.563
386,2,296.83,84.533
387,2,296.82,84.503
388,2,296.81,84.473
389,2,296.8,84.445
390,2,296.79,84.417
391,2,296.78,84.39
392,2,296.77,84.364
393,2,296.75,84.34
394,2,296.74,84.316
395,2,296.73,84.294
396,2,296.72,84.274
397,2,296.7,84.255
398,2,296.69,84.238
399,2,296.68,84.222
400,2,296.66,84.209
401,2,296.65,84.197
402,2,296.63,84.188
403,2,296.62,84.181
404,2,296.6,84.177
405,2,296.59,84.175
406,2,296.57,84.176
407,2,296.56,84.18
408,2,296.54,84.187
409,2,296.53,84.197
410,2,296.51,84.211
411,2,296.5,84.229
412,2,296.48,84.25
413,2,296.46,84.275
414,2,296.45,84.305
415,2,296.43,84.339
416,2,296.42,84.377
417,2,296.4,84.42
418,2,296.38,84.468
419,2,296.37,84.522
420,2,296.35,84.58
421,2,296.34,84.645
422,2,296.32,84.715
423,2,296.31,84.791
424,2,296.29,84.874
425,2,296.28,84.962
426,2,296.26,85.058
427,2,296.25,85.161
428,2,296.23,85.271
429,2,296.22,85.388
430,2,296.21,85.513
431,2,296.19,85.646
432,2,296.18,85.787
433,2,296.17,85.936
434,2,296.16,86.094
435,2,296.15,86.261
436,2,296.14,86.437
437,2,296.13,86.622
438,2,296.12,86.817
439,2,296.12,87.022
440,2,296.11,87.237
441,2,296.11,87.462
442,2,296.1,87.697
443,2,296.1,87.944
444,2,296.1,88.201
445,2,296.1,88.47
446,2,296.1,88.75
447,2,296.11,89.041
448,2,296.11,89.345
449,2,296.12,89.661
450,2,296.13,89.988
451,2,296.14,90.328
452,2,296.15,90.681
453,2,296.16,91.046
454,2,296.18,91.425
455,2,296.2,91.816
456,2,296.22,92.22
457,2,296.24,92.638
458,2,296.27,93.069
459,2,296.3,93.513
460,2,296.33,93.971
461,2,296.37,94.442
462,2,296.4,94.927
463,2,296.44,95.425
464,2,296.49,95.937
465,2,296.53,96.463
466,2,296.58,97.001
467,2,296.64,97.553
468,2,296.7,98.119
469,2,296.76,98.698
470,2,296.82,99.289
471,2,296.89,99.894
472,2,296.96,100.51
473,2,297.04,101.14
474,2,297.12,101.78
475,2,297.21,102.44
476,2,297.3,103.1
477,2,297.39,103.78
478,2,297.49,104.47
479,2,297.59,105.17
480,2,297.7,105.89
481,2,297.81,106.61
482,2,297.93,107.34
483,2,298.05,108.09
484,2,298.18,108.84
485,2,298.31,109.61
486,2,298.44,110.39
487,2,298.58,111.17
488,2,298.73,111.97
489,2,298.88,112.77
490,2,299.03,113.59
491,2,299.19,114.41
492,2,299.36,115.25
493,2,299.53,116.09
494,2,299.7,116.94
495,2,299.88,117.81
496,2,300.06,118.68
497,2,300.25,119.56
498,2,300.45,120.45
499,2,300.65,121.35
500,2,300.85,122.26
501,2,301.06,123.18
502,2,301.28,124.1
503,2,301.5,125.04
504,2,301.73,125.99
505,2,301.96,126.94
506,2,302.2,127.9
507,2,302.45,128.88
508,2,302.7,129.86
509,2,302.95,130.85
510,2,303.22,131.86
511,2,303.49,132.87
512,2,303.77,133.89
513,2,304.05,134.92
514,2,304.34,135.96
515,2,304.64,137.01
516,2,304.95,138.07
517,2,305.26,139.15
518,2,305.59,140.23
519,2,305.92,141.32
520,2,306.26,142.42
521,2,306.6,143.54
522,2,306.96,144.66
523,2,307.33,145.8
524,2,307.7,146.95
525,2,308.09,148.11
526,2,308.48,149.28
527,2,308.89,150.46
528,2,309.3,151.65
529,2,309.73,152.86
530,2,310.17,154.08
531,2,310.62,155.31
532,2,311.08,156.55
533,2,311.55,157.8
534,2,312.04,159.07
535,2,312.53,160.35
536,2,313.04,161.64
537,2,313.57,162.94
538,2,314.1,164.26
539,2,314.65,165.58
540,2,315.21,166.92
541,2,315.79,168.28
542,2,316.38,169.64
543,2,316.99,171.02
544,2,317.61,172.4
545,2,318.24,173.8
546,2,318.9,175.21
547,2,319.56,176.63
548,2,320.24,178.07
549,2,320.94,179.51
550,2,321.66,180.96
551,2,322.39,182.43
552,2,323.13,183.9
553,2,323.89,185.38
554,2,324.67,186.87
555,2,325.47,188.36
556,2,326.28,189.87
557,2,327.11,191.38
558,2,327.96,192.89
559,2,328.82,194.42
560,2,329.71,195.94
561,2,330.6,197.47
562,2,331.52,199.01
563,2,332.45,200.54
564,2,333.41,202.08
565,2,334.37,203.62
566,2,335.36,205.16
567,2,336.36,206.7
568,2,337.38,208.23
569,2,338.42,209.77
570,2,339.48,211.3
571,2,340.55,212.82
572,2,341.64,214.34
573,2,342.75,215.86
574,2,343.87,217.36
575,2,345.01,218.86
576,2,346.17,220.35
577,2,347.34,221.83
578,2,348.53,223.29
579,2,349.74,224.75
580,2,350.97,226.19
581,2,352.21,227.62
582,2,353.46,229.03
583,2,354.73,230.43
584,2,356.02,231.81
585,2,357.33,233.17
586,2,358.65,234.51
587,2,359.98,235.83
588,2,361.33,237.13
589,2,362.69,238.41
590,2,364.07,239.67
591,2,365.47,240.9
592,2,366.87,242.11
593,2,368.29,243.3
594,2,369.73,244.45
595,2,371.18,245.58
596,2,372.64,246.69
597,2,374.11,247.76
598,2,375.6,248.81
599,2,377.1,249.82
600,2,378.61,250.8
601,2,380.13,251.75
602,2,381.67,252.67
603,2,383.21,253.56
604,2,384.77,254.41
605,2,386.33,255.23
606,2,387.91,256.01
607,2,389.5,256.76
608,2,391.09,257.48
609,2,392.7,258.16
610,2,394.31,258.8
611,2,395.94,259.4
612,2,397.57,259.97
613,2,399.21,260.5
614,2,400.86,260.99
615,2,402.51,261.45
616,2,404.17,261.87
617,2,405.84,262.25
618,2,407.52,262.59
619,2,409.2,262.89
620,2,410.88,263.16
621,2,412.57,263.39
622,2,414.27,263.57
623,2,415.97,263.72
624,2,417.67,263.83
625,2,419.37,263.91
626,2,421.08,263.94
627,2,422.79,263.93
628,2,424.49,263.89
629,2,426.2,263.81
630,2,427.91,263.69
631,2,429.61,263.53
632,2,431.31,263.33
633,2,433.01,263.1
634,2,434.71,262.82
635,2,436.4,262.51
636,2,438.08,262.17
637,2,439.76,261.78
638,2,441.43,261.36
639,2,443.1,260.91
640,2,444.75,260.41
641,2,446.4,259.88
642,2,448.04,259.32
643,2,449.66,258.72
644,2,451.28,258.09
645,2,452.88,257.42
646,2,454.47,256.72
647,2,456.04,255.99
648,2,457.6,255.22
649,2,459.15,254.43
650,2,460.68,253.6
651,2,462.19,252.74
652,2,463.68,251.85
653,2,465.16,250.93
654,2,466.62,249.98
655,2,468.06,249.01
656,2,469.49,248.01
657,2,470.89,246.98
658,2,472.27,245.92
659,2,473.64,244.84
660,2,474.98,243.73
661,2,476.3,242.6
662,2,477.6,241.45
663,2,478.87,240.27
664,2,480.13,239.07
665,2,481.36,237.85
666,2,482.57,236.61
667,2,483.76,235.35
668,2,484.92,234.07
669,2,486.06,232.77
670,2,487.18,231.45
671,2,488.27,230.12
672,2,489.34,228.77
673,2,490.39,227.4
674,2,491.41,226.02
675,2,492.41,224.63
676,2,493.38,223.22
677,2,494.34,221.8
678,2,495.27,220.36
679,2,496.17,218.92
680,2,497.05,217.46
681,2,497.91,216
682,2,498.75,214.52
683,2,499.56,213.04
684,2,500.35,211.55
685,2,501.12,210.05
686,2,501.87,208.55
687,2,502.59,207.04
688,2,503.3,205.52
689,2,503.98,204.01
690,2,504.64,202.49
691,2,505.28,200.96
692,2,505.89,199.44
693,2,506.49,197.91
694,2,507.07,196.38
695,2,507.62,194.86
696,2,508.16,193.33
697,2,508.68,191.81
698,2,509.17,190.29
699,2,509.65,188.77
700,2,510.11,187.26
701,2,510.55,185.75
702,2,510.98,184.24
703,2,511.38,182.74
704,2,511.77,181.25
705,2,512.14,179.76
706,2,512.5,178.28
707,2,512.84,176.8
708,2,513.16,175.34
709,2,513.47,173.88
710,2,513.76,172.42
711,2,514.03,170.98
712,2,514.29,169.54
713,2,514.54,168.11
714,2,514.77,166.69
715,2,514.99,165.28
716,2,515.19,163.87
717,2,515.39,162.48
718,2,515.56,161.09
719,2,515.73,159.72
720,2,515.88,158.35
721,2,516.03,156.99
722,2,516.16,155.64
723,2,516.27,154.3
724,2,516.38,152.97
725,2,516.48,151.65
726,2,516.56,150.33
727,2,516.64,149.03
728,2,516.7,147.73
729,2,516.75,146.45
730,2,516.8,145.17
731,2,516.83,143.9
732,2,516.86,142.64
733,2,516.88,141.4
734,2,516.88,140.16
735,2,516.88,138.92
736,2,516.87,137.7
737,2,516.86,136.49
738,2,516.83,135.29
739,2,516.8,134.1
740,2,516.75,132.91
741,2,516.71,131.74
742,2,516.65,130.58
743,2,516.58,129.42
744,2,516.51,128.28
745,2,516.44,127.14
746,2,516.35,126.02
747,2,516.26,124.91
748,2,516.16,123.81
749,2,516.06,122.71
750,2,515.95,121.63
751,2,515.83,120.56
752,2,515.71,119.5
753,2,515.58,118.45
754,2,515.45,117.41
755,2,515.31,116.39
756,2,515.16,115.37
757,2,515.01,114.37
758,2,514.86,113.38
759,2,514.7,112.4
760,2,514.53,111.43
761,2,514.36,110.48
762,2,514.19,109.54
763,2,514.01,108.61
764,2,513.82,107.7
765,2,513.64,106.79
766,2,513.45,105.91
767,2,513.25,105.03
768,2,513.05,104.18
769,2,512.85,103.33
770,2,512.64,102.5
771,2,512.43,101.69
772,2,512.22,100.89
773,2,512,100.11
774,2,511.78,99.349
775,2,511.56,98.602
776,2,511.34,97.872
777,2,511.11,97.161
778,2,510.88,96.467
779,2,510.65,95.793
780,2,510.42,95.138
781,2,510.19,94.503
782,2,509.95,93.888
783,2,509.71,93.293
784,2,509.48,92.72
785,2,509.24,92.169
786,2,509,91.64
787,2,508.76,91.134
788,2,508.52,90.651
789,2,508.29,90.192
790,2,508.05,89.758
791,2,507.81,89.349
792,2,507.57,88.965
793,2,507.34,88.608
794,2,507.1,88.278
795,2,506.87,87.976
796,2,506.64,87.702
797,2,506.41,87.456
798,2,506.19,87.241
799,2,505.96,87.055
800,2,505.74,86.9
801,2,505.52,86.777
802,2,505.31,86.686
803,2,505.1,86.628
804,2,504.89,86.604
805,2,504.69,86.613
806,2,504.49,86.657
807,2,504.3,86.737
808,2,504.11,86.852
809,2,503.93,87.004
810,2,503.75,87.193
811,2,503.58,87.42
812,2,503.41,87.685
813,2,503.25,87.99
814,2,503.1,88.333
815,2,502.96,88.716
816,2,502.82,89.14
817,2,502.69,89.605
818,2,502.56,90.112
819,2,502.45,90.66
820,2,502.35,91.251
821,2,502.25,91.885
822,2,502.16,92.562
823,2,502.09,93.283
824,2,502.02,94.048
825,2,501.96,94.857
826,2,501.92,95.712
827,2,501.89,96.611
828,2,501.86,97.556
829,2,501.86,98.546
830,2,501.86,99.582
831,2,501.87,100.66
832,2,501.91,101.79
833,2,501.95,102.97
834,2,502.01,104.19
835,2,502.08,105.46
836,2,502.17,106.77
837,2,502.28,108.13
838,2,502.4,109.53
839,2,502.54,110.99
840,2,502.7,112.48
841,2,502.87,114.02
842,2,503.07,115.61
843,2,503.28,117.24
844,2,503.51,118.91
845,2,503.77,120.63
846,2,504.04,122.39
847,2,504.34,124.19
848,2,504.66,126.03
849,2,505,127.91
850,2,505.36,129.83
851,2,505.75,131.79
852,2,506.17,133.78
853,2,506.6,135.8
854,2,507.07,137.86
855,2,507.56,139.95
856,2,508.08,142.07
857,2,508.62,144.22
858,2,509.2,146.39
859,2,509.8,148.58
860,2,510.43,150.8
861,2,511.09,153.04
862,2,511.78,155.29
863,2,512.5,157.56
864,2,513.26,159.84
865,2,514.04,162.13
866,2,514.86,164.43
867,2,515.71,166.74
868,2,516.59,169.05
869,2,517.5,171.36
870,2,518.44,173.67
871,2,519.42,175.97
872,2,520.43,178.27
873,2,521.48,180.57
874,2,522.55,182.85
875,2,523.66,185.12
876,2,524.81,187.38
877,2,525.98,189.62
878,2,527.19,191.84
879,2,528.42,194.04
880,2,529.69,196.22
881,2,530.99,198.38
882,2,532.32,200.51
883,2,533.68,202.62
884,2,535.07,204.7
885,2,536.49,206.74
886,2,537.94,208.76
887,2,539.41,210.74
888,2,540.91,212.69
889,2,542.44,214.61
890,2,543.99,216.49
891,2,545.57,218.33
892,2,547.17,220.13
893,2,548.8,221.9
894,2,550.44,223.62
895,2,552.11,225.3
896,2,553.8,226.94
897,2,555.5,228.54
898,2,557.23,230.09
899,2,558.97,231.6
900,2,560.73,233.07
901,2,562.5,234.48
902,2,564.29,235.86
903,2,566.09,237.18
904,2,567.9,238.46
905,2,569.73,239.69
906,2,571.56,240.87
907,2,573.41,242
908,2,575.26,243.08
909,2,577.12,244.12
910,2,578.99,245.1
911,2,580.87,246.04
912,2,582.75,246.92
913,2,584.63,247.76
914,2,586.52,248.54
915,2,588.41,249.28
916,2,590.3,249.97
917,2,592.19,250.6
918,2,594.08,251.19
919,2,595.97,251.72
920,2,597.86,252.21
921,2,599.74,252.65
922,2,601.62,253.03
923,2,603.5,253.37
924,2,605.37,253.66
925,2,607.24,253.9
926,2,609.09,254.09
927,2,610.94,254.23
928,2,612.78,254.32
929,2,614.61,254.37
930,2,616.43,254.37
931,2,618.24,254.32
932,2,620.03,254.22
933,2,621.81,254.08
934,2,623.58,253.89
935,2,625.34,253.65
936,2,627.08,253.37
937,2,628.8,253.04
938,2,630.51,252.67
939,2,632.21,252.25
940,2,633.88,251.79
941,2,635.54,251.29
942,2,637.19,250.74
943,2,638.81,250.15
944,2,640.41,249.51
945,2,642,248.84
946,2,643.57,248.12
947,2,645.12,247.37
948,2,646.65,246.57
949,2,648.16,245.74
950,2,649.65,244.86
951,2,651.12,243.95
952,2,652.57,243
953,2,654,242.01
954,2,655.41,240.99
955,2,656.8,239.93
956,2,658.17,238.84
957,2,659.52,237.71
958,2,660.85,236.55
959,2,662.16,235.36
960,2,663.45,234.13
961,2,664.71,232.88
962,2,665.96,231.59
963,2,667.18,230.28
964,2,668.38,228.93
965,2,669.56,227.56
966,2,670.72,226.17
967,2,671.85,224.75
968,2,672.97,223.3
969,2,674.06,221.83
970,2,675.13,220.34
971,2,676.18,218.83
972,2,677.2,217.3
973,2,678.2,215.74
974,2,679.18,214.17
975,2,680.14,212.59
976,2,681.07,210.98
977,2,681.98,209.36
978,2,682.87,207.73
979,2,683.73,206.08
980,2,684.57,204.42
981,2,685.39,202.76
982,2,686.18,201.08
983,2,686.95,199.39
984,2,687.7,197.69
985,2,688.43,195.99
986,2,689.13,194.28
987,2,689.81,192.56
988,2,690.46,190.84
989,2,691.1,189.12
990,2,691.71,187.4
991,2,692.3,185.67
992,2,692.87,183.95
993,2,693.42,182.22
994,2,693.94,180.5
995,2,694.45,178.78
996,2,694.93,177.06
997,2,695.39,175.35
998,2,695.83,173.65
999,2,696.26,171.95
1000,2,696.66,170.26
1001,2,697.04,168.58
1002,2,697.41,166.91
1003,2,697.75,165.25
1004,2,698.08,163.59
1005,2,698.39,161.96
1006,2,698.68,160.33
1007,2,698.95,158.72
1008,2,699.21,157.12
1009,2,699.45,155.53
1010,2,699.67,153.97
1011,2,699.88,152.41
1012,2,700.07,150.88
1013,2,700.25,149.36
1014,2,700.41,147.86
1015,2,700.56,146.38
1016,2,700.69,144.91
1017,2,700.81,143.47
1018,2,700.91,142.04
1019,2,701.01,140.64
1020,2,701.09,139.25
1021,2,701.16,137.89
1022,2,701.21,136.54
1023,2,701.26,135.22
1024,2,701.29,133.92
1025,2,701.31,132.64
1026,2,701.32,131.38
1027,2,701.32,130.14
1028,2,701.31,128.93
1029,2,701.3,127.74
1030,2,701.27,126.57
1031,2,701.23,125.42
1032,2,701.19,124.3
1033,2,701.13,123.2
1034,2,701.07,122.12
1035,2,701,121.07
1036,2,700.92,120.03
1037,2,700.84,119.03
1038,2,700.75,118.04
1039,2,700.65,117.08
1040,2,700.55,116.14
1041,2,700.44,115.23
1042,2,700.32,114.34
1043,2,700.2,113.47
1044,2,700.08,112.63
1045,2,699.94,111.81
1046,2,699.81,111.01
1047,2,699.67,110.24
1048,2,699.52,109.49
1049,2,699.37,108.76
1050,2,699.22,108.06
1051,2,699.06,107.38
1052,2,698.9,106.73
1053,2,698.74,106.1
1054,2,698.57,105.49
1055,2,698.4,104.91
1056,2,698.23,104.35
1057,2,698.06,103.81
1058,2,697.88,103.3
1059,2,697.7,102.81
1060,2,697.52,102.35
1061,2,697.34,101.91
1062,2,697.16,101.49
1063,2,696.97,101.1
1064,2,696.79,100.74
1065,2,696.6,100.4
1066,2,696.42,100.08
1067,2,696.23,99.793
1068,2,696.04,99.529
1069,2,695.86,99.292
1070,2,695.67,99.081
1071,2,695.49,98.897
1072,2,695.3,98.74
1073,2,695.12,98.61
1074,2,694.94,98.509
1075,2,694.76,98.436
1076,2,694.58,98.392
1077,2,694.4,98.378
1078,2,694.23,98.394
1079,2,694.06,98.44
1080,2,693.89,98.517
1081,2,693.73,98.626
1082,2,693.57,98.767
1083,2,693.41,98.941
1084,2,693.26,99.149
1085,2,693.11,99.39
1086,2,692.97,99.667
1087,2,692.83,99.979
1088,2,692.7,100.33
1089,2,692.58,100.71
1090,2,692.46,101.13
1091,2,692.34,101.59
1092,2,692.23,102.09
1093,2,692.13,102.63
1094,2,692.04,103.2
1095,2,691.96,103.82
1096,2,691.88,104.48
1097,2,691.81,105.18
1098,2,691.75,105.92
1099,2,691.69,106.7
1100,2,691.65,107.53
1101,2,691.62,108.4
1102,2,691.59,109.32
1103,2,691.58,110.27
1104,2,691.57,111.28
1105,2,691.58,112.32
1106,2,691.6,113.42
1107,2,691.63,114.56
1108,2,691.67,115.74
1109,2,691.72,116.98
1110,2,691.79,118.25
1111,2,691.87,119.58
1112,2,691.96,120.95
1113,2,692.06,122.37
1114,2,692.18,123.83
1115,2,692.32,125.35
1116,2,692.46,126.91
1117,2,692.63,128.51
1118,2,692.8,130.16
1119,2,693,131.86
1120,2,693.21,133.6
1121,2,693.43,135.39
1122,2,693.68,137.22
1123,2,693.94,139.1
1124,2,694.22,141.01
1125,2,694.51,142.98
1126,2,694.83,144.98
1127,2,695.16,147.02
1128,2,695.51,149.1
1129,2,695.88,151.22
1130,2,696.27,153.37
1131,2,696.68,155.56
1132,2,697.12,157.79
1133,2,697.57,160.04
1134,2,698.04,162.32
1135,2,698.53,164.63
1136,2,699.05,166.97
1137,2,699.59,169.33
1138,2,700.14,171.71
1139,2,700.73,174.11
1140,2,701.33,176.52
1141,2,701.95,178.95
1142,2,702.6,181.39
1143,2,703.27,183.84
1144,2,703.96,186.29
1145,2,704.68,188.75
1146,2,705.42,191.2
1147,2,706.18,193.66
1148,2,706.96,196.11
1149,2,707.77,198.54
1150,2,708.6,200.97
1151,2,709.45,203.39
1152,2,710.32,205.78
1153,2,711.22,208.16
1154,2,712.14,210.51
1155,2,713.07,212.84
1156,2,714.03,215.15
1157,2,715.01,217.42
1158,2,716.01,219.66
1159,2,717.03,221.87
1160,2,718.07,224.04
1161,2,719.13,226.17
1162,2,720.21,228.26
1163,2,721.3,230.31
1164,2,722.41,232.31
1165,2,723.54,234.26
1166,2,724.68,236.16
1167,2,725.83,238.01
1168,2,727.01,239.81
1169,2,728.19,241.56
1170,2,729.39,243.24
1171,2,730.6,244.87
1172,2,731.82,246.44
1173,2,733.05,247.94
1174,2,734.29,249.39
1175,2,735.53,250.77
1176,2,736.79,252.08
1177,2,738.05,253.33
1178,2,739.32,254.5
1179,2,740.59,255.61
1180,2,741.87,256.65
1181,2,743.15,257.62
1182,2,744.43,258.51
1183,2,745.71,259.33
1184,2,747,260.08
1185,2,748.28,260.76
1186,2,749.56,261.35
1187,2,750.84,261.88
1188,2,752.11,262.32
1189,2,753.38,262.7
1190,2,754.64,262.99
1191,2,755.9,263.21
1192,2,757.16,263.35
1193,2,758.4,263.41
1194,2,759.64,263.4
1195,2,760.86,263.31
1196,2,762.08,263.15
1197,2,763.29,262.91
1198,2,764.48,262.59
1199,2,765.67,262.2
1200,2,766.84,261.73
1201,2,767.99,261.19
1202,2,769.14,260.58
1203,2,770.26,259.9
1204,2,771.38,259.14
1205,2,772.47,258.31
1206,2,773.55,257.41
1207,2,774.62,256.44
1208,2,775.66,255.41
1209,2,776.69,254.31
1210,2,777.7,253.14
1211,2,778.68,251.91
1212,2,779.65,250.62
1213,2,780.6,249.26
1214,2,781.53,247.85
1215,2,782.43,246.38
1216,2,783.32,244.85
1217,2,784.18,243.26
1218,2,785.02,241.62
1219,2,785.83,239.93
1220,2,786.63,238.19
1221,2,787.4,236.4
1222,2,788.15,234.56
1223,2,788.88,232.68
1224,2,789.58,230.76
1225,2,790.26,228.8
1226,2,790.92,226.79
1227,2,791.55,224.75
1228,2,792.16,222.68
1229,2,792.75,220.57
1230,2,793.31,218.44
1231,2,793.85,216.27
1232,2,794.37,214.08
1233,2,794.87,211.87
1234,2,795.34,209.63
1235,2,795.8,207.38
1236,2,796.23,205.11
1237,2,796.64,202.82
1238,2,797.02,200.53
1239,2,797.39,198.22
1240,2,797.74,195.91
1241,2,798.07,193.59
1242,2,798.37,191.28
1243,2,798.66,188.96
1244,2,798.93,186.65
1245,2,799.19,184.34
1246,2,799.42,182.04
1247,2,799.64,179.75
1248,2,799.84,177.47
1249,2,800.02,175.21
1250,2,800.19,172.96
1251,2,800.34,170.74
1252,2,800.48,168.53
1253,2,800.6,166.35
1254,2,800.71,164.2
1255,2,800.81,162.08
1256,2,800.89,159.98
1257,2,800.96,157.92
1258,2,801.02,155.89
1259,2,801.08,153.9
1260,2,801.12,151.95
1261,2,801.15,150.04
1262,2,801.17,148.18
1263,2,801.19,146.35
1264,2,801.19,144.58
1265,2,801.19,142.85
1266,2,801.19,141.17
1267,2,801.18,139.54
1268,2,801.16,137.97
1269,2,801.14,136.45
1270,2,801.11,134.99
1271,2,801.09,133.58
1272,2,801.06,132.23
1273,2,801.03,130.94
1274,2,800.99,129.71
1275,2,800.96,128.54
1276,2,800.92,127.44
1277,2,800.89,126.39
1278,2,800.86,125.42
1279,2,800.83,124.5
1280,2,800.8,123.66
1281,2,800.77,122.88
1282,2,800.75,122.16
1283,2,800.73,121.52
1284,2,800.72,120.94
1285,2,800.71,120.44
1286,2,800.7,120
1287,2,800.71,119.63
1288,2,800.72,119.34
1289,2,800.73,119.11
1290,2,800.76,118.96
1291,2,800.79,118.88
1292,2,800.84,118.87
1293,2,800.89,118.93
1294,2,800.95,119.06
1295,2,801.03,119.27
1296,2,801.11,119.55
1297,2,801.21,119.9
1298,2,801.32,120.32
1299,2,801.44,120.82
1300,2,801.58,121.38
1301,2,801.73,122.02
1302,2,801.9,122.73
1303,2,802.08,123.52
1304,2,802.27,124.37
1305,2,802.49,125.29
1306,2,802.72,126.29
1307,2,802.96,127.35
1308,2,803.23,128.49
1309,2,803.51,129.69
1310,2,803.81,130.96
1311,2,804.13,132.29
1312,2,804.47,133.69
1313,2,804.84,135.16
1314,2,805.22,136.69
1315,2,805.62,138.29
1316,2,806.05,139.94
1317,2,806.49,141.66
1318,2,806.96,143.43
1319,2,807.45,145.26
1320,2,807.97,147.15
1321,2,808.51,149.09
1322,2,809.07,151.08
1323,2,809.66,153.13
1324,2,810.27,155.22
1325,2,810.9,157.36
1326,2,811.56,159.54
1327,2,812.25,161.76
1328,2,812.96,164.02
1329,2,813.7,166.32
1330,2,814.46,168.65
1331,2,815.25,171.01
1332,2,816.07,173.4
1333,2,816.91,175.82
1334,2,817.78,178.26
1335,2,818.67,180.72
1336,2,819.6,183.19
1337,2,820.54,185.68
1338,2,821.52,188.19
1339,2,822.52,190.7
1340,2,823.55,193.21
1341,2,824.6,195.73
1342,2,825.68,198.25
1343,2,826.78,200.77
1344,2,827.91,203.28
1345,2,829.07,205.79
1346,2,830.25,208.28
1347,2,831.45,210.76
1348,2,832.68,213.22
1349,2,833.94,215.66
1350,2,835.22,218.08
1351,2,836.52,220.48
1352,2,837.84,222.85
1353,2,839.19,225.18
1354,2,840.55,227.49
1355,2,841.94,229.75
1356,2,843.35,231.98
1357,2,844.79,234.17
1358,2,846.24,236.32
1359,2,847.71,238.42
1360,2,849.2,240.47
1361,2,850.71,242.47
1362,2,852.24,244.41
1363,2,853.78,246.3
1364,2,855.34,248.14
1365,2,856.92,249.91
1366,2,858.51,251.61
1367,2,860.12,253.25
1368,2,861.74,254.83
1369,2,863.38,256.33
1370,2,865.02,257.76
1371,2,866.68,259.12
1372,2,868.35,260.39
1373,2,870.03,261.59
1374,2,871.72,262.71
1375,2,873.42,263.75
1376,2,875.13,264.7
1377,2,876.84,265.57
1378,2,878.56,266.35
1379,2,880.29,267.05
1380,2,882.02,267.65
1381,2,883.75,268.17
1382,2,885.49,268.59
1383,2,887.23,268.92
1384,2,888.98,269.16
1385,2,890.72,269.3
1386,2,892.46,269.35
1387,2,894.21,269.31
1388,2,895.95,269.17
1389,2,897.7,268.94
1390,2,899.44,268.61
1391,2,901.18,268.18
1392,2,902.91,267.67
1393,2,904.65,267.05
1394,2,906.38,266.35
1395,2,908.1,265.55
1396,2,909.82,264.66
1397,2,911.53,263.68
1398,2,913.24,262.6
1399,2,914.94,261.44
1400,2,916.63,260.19
1401,2,918.31,258.85
1402,2,919.99,257.43
1403,2,921.65,255.92
1404,2,923.31,254.34
1405,2,924.95,252.67
1406,2,926.59,250.92
1407,2,928.21,249.1
1408,2,929.81,247.21
1409,2,931.41,245.24
1410,2,932.99,243.21
1411,2,934.56,241.11
1412,2,936.11,238.95
1413,2,937.64,236.73
1414,2,939.16,234.45
1415,2,940.66,232.12
1416,2,942.14,229.74
1417,2,943.6,227.31
1418,2,945.05,224.83
1419,2,946.47,222.32
1420,2,947.88,219.76
1421,2,949.26,217.17
1422,2,950.62,214.54
1423,2,951.96,211.89
1424,2,953.28,209.21
1425,2,954.58,206.51
1426,2,955.86,203.79
1427,2,957.11,201.06
1428,2,958.34,198.31
1429,2,959.55,195.56
1430,2,960.73,192.8
1431,2,961.89,190.04
1432,2,963.02,187.28
1433,2,964.14,184.53
1434,2,965.22,181.79
1435,2,966.29,179.06
1436,2,967.33,176.34
1437,2,968.34,173.65
1438,2,969.34,170.98
1439,2,970.3,168.34
1440,2,971.25,165.72
1441,2,972.17,163.15
1442,2,973.07,160.61
1443,2,973.95,158.11
1444,2,974.8,155.65
1445,2,975.64,153.24
1446,2,976.45,150.89
1447,2,977.24,148.58
1448,2,978.01,146.34
1449,2,978.76,144.15
1450,2,979.49,142.03
1451,2,980.2,139.97
1452,2,980.9,137.98
1453,2,981.57,136.07
1454,2,982.23,134.22
1455,2,982.87,132.46
1456,2,983.5,130.77
1457,2,984.11,129.16
1458,2,984.7,127.64
1459,2,985.29,126.2
1460,2,985.85,124.84
1461,2,986.41,123.58
1462,2,986.96,122.4
1463,2,987.49,121.32
1464,2,988.01,120.33
1465,2,988.53,119.43
1466,2,989.03,118.62
1467,2,989.53,117.91
1468,2,990.02,117.3
1469,2,990.51,116.78
1470,2,990.99,116.37
1471,2,991.46,116.05
1472,2,991.93,115.83
1473,2,992.4,115.71
1474,2,992.87,115.68
1475,2,993.33,115.76
1476,2,993.79,115.94
1477,2,994.26,116.22
1478,2,994.72,116.59
1479,2,995.19,117.07
1480,2,995.65,117.64
1481,2,996.13,118.32
1482,2,996.6,119.09
1483,2,997.08,119.96
1484,2,997.57,120.92
1485,2,998.06,121.98
1486,2,998.55,123.14
1487,2,999.06,124.39
1488,2,999.57,125.73
1489,2,1000.1,127.16
1490,2,1000.6,128.68
1491,2,1001.2,130.29
1492,2,1001.7,131.99
1493,2,1002.3,133.77
1494,2,1002.8,135.63
1495,2,1003.4,137.57
1496,2,1004,139.59
1497,2,1004.6,141.69
1498,2,1005.3,143.86
1499,2,1005.9,146.1
1500,2,1006.5,148.4
1501,2,1007.2,150.77
1502,2,1007.9,153.21
1503,2,1008.6,155.7
1504,2,1009.3,158.24
1505,2,1010,160.84
1506,2,1010.8,163.48
1507,2,1011.5,166.16
1508,2,1012.3,168.89
1509,2,1013.1,171.65
1510,2,1013.9,174.44
1511,2,1014.7,177.25
1512,2,1015.5,180.09
1513,2,1016.4,182.95
1514,2,1017.2,185.82
1515,2,1018.1,188.7
1516,2,1019,191.59
1517,2,1019.9,194.48
1518,2,1020.8,197.37
1519,2,1021.8,200.25
1520,2,1022.7,203.12
1521,2,1023.7,205.97
1522,2,1024.7,208.81
1523,2,1025.7,211.63
1524,2,1026.7,214.42
1525,2,1027.8,217.17
1526,2,1028.8,219.9
1527,2,1029.9,222.59
1528,2,1030.9,225.24
1529,2,1032,227.84
1530,2,1033.1,230.4
1531,2,1034.2,232.91
1532,2,1035.4,235.37
1533,2,1036.5,237.77
1534,2,1037.7,240.12
1535,2,1038.8,242.4
1536,2,1040,244.62
1537,2,1041.2,246.78
1538,2,1042.4,248.86
1539,2,1043.6,250.88
1540,2,1044.8,252.83
1541,2,1046.1,254.7
1542,2,1047.3,256.5
1543,2,1048.6,258.22
1544,2,1049.9,259.86
1545,2,1051.1,261.41
1546,2,1052.4,262.89
1547,2,1053.7,264.28
1548,2,1055,265.58
1549,2,1056.3,266.8
1550,2,1057.6,267.92
1551,2,1058.9,268.96
1552,2,1060.3,269.91
1553,2,1061.6,270.76
1554,2,1063,271.52
1555,2,1064.3,272.19
1556,2,1065.6,272.76
1557,2,1067,273.23
1558,2,1068.4,273.61
1559,2,1069.7,273.89
1560,2,1071.1,274.07
1561,2,1072.5,274.15
1562,2,1073.8,274.14
1563,2,1075.2,274.03
1564,2,1076.6,273.82
1565,2,1077.9,273.51
1566,2,1079.3,273.1
1567,2,1080.7,272.59
1568,2,1082,271.99
1569,2,1083.4,271.29
1570,2,1084.8,270.49
1571,2,1086.1,269.6
1572,2,1087.5,268.61
1573,2,1088.9,267.52
1574,2,1090.2,266.35
1575,2,1091.6,265.08
1576,2,1092.9,263.72
1577,2,1094.3,262.28
1578,2,1095.6,260.74
1579,2,1097,259.12
1580,2,1098.3,257.42
1581,2,1099.6,255.63
1582,2,1101,253.77
1583,2,1102.3,251.83
1584,2,1103.6,249.81
1585,2,1104.9,247.72
1586,2,1106.2,245.57
1587,2,1107.4,243.34
1588,2,1108.7,241.06
1589,2,1110,238.71
1590,2,1111.2,236.31
1591,2,1112.4,233.85
1592,2,1113.6,231.34
1593,2,1114.9,228.79
1594,2,1116,226.19
1595,2,1117.2,223.55
1596,2,1118.4,220.88
1597,2,1119.5,218.17
1598,2,1120.7,215.44
1599,2,1121.8,212.68
1600,2,1122.9,209.9
1601,2,1123.9,207.1
1602,2,1125,204.28
1603,2,1126,201.46
1604,2,1127.1,198.63
1605,2,1128.1,195.79
1606,2,1129.1,192.96
1607,2,1130,190.13
1608,2,1131,187.32
1609,2,1131.9,184.51
1610,2,1132.8,181.72
1611,2,1133.7,178.95
1612,2,1134.6,176.2
1613,2,1135.4,173.47
1614,2,1136.3,170.78
1615,2,1137.1,168.13
1616,2,1137.9,165.51
1617,2,1138.7,162.93
1618,2,1139.5,160.39
1619,2,1140.2,157.91
1620,2,1141,155.47
1621,2,1141.7,153.09
1622,2,1142.4,150.77
1623,2,1143.1,148.51
1624,2,1143.8,146.31
1625,2,1144.4,144.18
1626,2,1145.1,142.12
1627,2,1145.7,140.13
1628,2,1146.4,138.21
1629,2,1147,136.37
1630,2,1147.6,134.61
1631,2,1148.2,132.94
1632,2,1148.8,131.35
1633,2,1149.3,129.84
1634,2,1149.9,128.42
1635,2,1150.5,127.09
1636,2,1151.1,125.86
1637,2,1151.6,124.71
1638,2,1152.2,123.66
1639,2,1152.7,122.71
1640,2,1153.3,121.86
1641,2,1153.8,121.1
1642,2,1154.4,120.44
1643,2,1154.9,119.89
1644,2,1155.5,119.43
1645,2,1156,119.08
1646,2,1156.6,118.83
1647,2,1157.2,118.69
1648,2,1157.7,118.64
1649,2,1158.3,118.71
1650,2,1158.9,118.87
1651,2,1159.5,119.14
1652,2,1160.1,119.52
1653,2,1160.7,120
1654,2,1161.4,120.58
1655,2,1162,121.27
1656,2,1162.7,122.06
1657,2,1163.3,122.95
1658,2,1164,123.95
1659,2,1164.7,125.04
1660,2,1165.4,126.24
1661,2,1166.2,127.53
1662,2,1166.9,128.92
1663,2,1167.7,130.41
1664,2,1168.5,131.99
1665,2,1169.3,133.66
1666,2,1170.2,135.43
1667,2,1171,137.28
1668,2,1171.9,139.21
1669,2,1172.8,141.23
1670,2,1173.8,143.33
1671,2,1174.8,145.51
1672,2,1175.8,147.76
1673,2,1176.8,150.08
1674,2,1177.8,152.47
1675,2,1178.9,154.92
1676,2,1180,157.44
1677,2,1181.2,160.01
1678,2,1182.4,162.63
1679,2,1183.6,165.3
1680,2,1184.8,168.01
1681,2,1186.1,170.75
1682,2,1187.4,173.53
1683,2,1188.7,176.34
1684,2,1190.1,179.17
1685,2,1191.5,182.01
1686,2,1192.9,184.86
1687,2,1194.4,187.72
1688,2,1195.9,190.58
1689,2,1197.4,193.42
1690,2,1199,196.25
1691,2,1200.6,199.07
1692,2,1202.2,201.85
1693,2,1203.9,204.6
1694,2,1205.6,207.32
1695,2,1207.3,209.98
1696,2,1209.1,212.6
1697,2,1210.8,215.16
1698,2,1212.6,217.66
1699,2,1214.5,220.09
1700,2,1216.3,222.45
1701,2,1218.2,224.73
1702,2,1220.1,226.93
1703,2,1222.1,229.04
1704,2,1224,231.06
1705,2,1226,232.99
1706,2,1228,234.81
1707,2,1230.1,236.54
1708,2,1232.1,238.16
1709,2,1234.2,239.67
1710,2,1236.3,241.07
1711,2,1238.4,242.36
1712,2,1240.6,243.54
1713,2,1242.7,244.6
1714,2,1244.9,245.54
1715,2,1247.1,246.36
1716,2,1249.3,247.07
1717,2,1251.6,247.65
1718,2,1253.8,248.12
1719,2,1256.1,248.46
1720,2,1258.3,248.68
1721,2,1260.6,248.79
1722,2,1262.9,248.78
1723,2,1265.2,248.64
1724,2,1267.6,248.4
1725,2,1269.9,248.03
1726,2,1272.2,247.56
1727,2,1274.6,246.97
1728,2,1276.9,246.27
1729,2,1279.3,245.47
1730,2,1281.7,244.56
1731,2,1284,243.55
1732,2,1286.4,242.45
1733,2,1288.8,241.25
1734,2,1291.1,239.96
1735,2,1293.5,238.58
1736,2,1295.9,237.12
1737,2,1298.2,235.58
1738,2,1300.6,233.96
1739,2,1302.9,232.28
1740,2,1305.2,230.53
1741,2,1307.5,228.72
1742,2,1309.8,226.85
1743,2,1312.1,224.92
1744,2,1314.3,222.95
1745,2,1316.5,220.94
1746,2,1318.8,218.89
1747,2,1320.9,216.81
1748,2,1323.1,214.69
1749,2,1325.2,212.56
1750,2,1327.3,210.4
1751,2,1329.4,208.23
1752,2,1331.4,206.06
1753,2,1333.4,203.87
1754,2,1335.4,201.69
1755,2,1337.4,199.52
1756,2,1339.3,197.35
1757,2,1341.1,195.2
1758,2,1342.9,193.06
1759,2,1344.7,190.95
1760,2,1346.5,188.87
1761,2,1348.2,186.82
1762,2,1349.9,184.8
1763,2,1351.5,182.83
1764,2,1353.1,180.89
1765,2,1354.7,179.01
1766,2,1356.2,177.17
1767,2,1357.7,175.39
1768,2,1359.1,173.67
1769,2,1360.5,172
1770,2,1361.8,170.4
1771,2,1363.2,168.87
1772,2,1364.4,167.41
1773,2,1365.7,166.02
1774,2,1366.9,164.71
1775,2,1368,163.47
1776,2,1369.2,162.32
1777,2,1370.3,161.24
1778,2,1371.3,160.25
1779,2,1372.3,159.34
1780,2,1373.3,158.52
1781,2,1374.3,157.79
1782,2,1375.2,157.15
1783,2,1376.1,156.6
1784,2,1376.9,156.14
1785,2,1377.7,155.77
1786,2,1378.5,155.49
1787,2,1379.3,155.31
1788,2,1380,155.22
1789,2,1380.7,155.22
1790,2,1381.4,155.31
1791,2,1382.1,155.5
1792,2,1382.7,155.77
1793,2,1383.3,156.14
1794,2,1383.9,156.6
1795,2,1384.4,157.15
1796,2,1385,157.79
1797,2,1385.5,158.51
1798,2,1386,159.32
1799,2,1386.5,160.21
1800,2,1387,161.19
1801,2,1387.5,162.24
1802,2,1387.9,163.37
1803,2,1388.4,164.58
1804,2,1388.8,165.86
1805,2,1389.2,167.21
1806,2,1389.7,168.63
1807,2,1390.1,170.11
1808,2,1390.5,171.65
1809,2,1390.9,173.25
1810,2,1391.3,174.9
1811,2,1391.7,176.6
1812,2,1392.1,178.35
1813,2,1392.5,180.14
1814,2,1392.9,181.97
1815,2,1393.3,183.83
1816,2,1393.7,185.72
1817,2,1394.1,187.64
1818,2,1394.5,189.58
1819,2,1394.9,191.53
1820,2,1395.4,193.5
1821,2,1395.8,195.48
1822,2,1396.3,197.45
1823,2,1396.7,199.43
1824,2,1397.2,201.4
1825,2,1397.7,203.37
1826,2,1398.2,205.31
1827,2,1398.7,207.25
1828,2,1399.3,209.15
1829,2,1399.8,211.04
1830,2,1400.4,212.89
1831,2,1401,214.71
1832,2,1401.6,216.5
1833,2,1402.2,218.24
1834,2,1402.8,219.95
1835,2,1403.5,221.6
1836,2,1404.1,223.21
1837,2,1404.8,224.76
1838,2,1405.5,226.26
1839,2,1406.3,227.7
1840,2,1407,229.07
1841,2,1407.8,230.39
1842,2,1408.6,231.64
1843,2,1409.4,232.82
1844,2,1410.2,233.92
1845,2,1411,234.96
1846,2,1411.9,235.92
1847,2,1412.8,236.8
1848,2,1413.7,237.61
1849,2,1414.6,238.34
1850,2,1415.5,238.98
1851,2,1416.5,239.54
1852,2,1417.5,240.02
1853,2,1418.5,240.42
1854,2,1419.5,240.72
1855,2,1420.5,240.94
1856,2,1421.6,241.08
1857,2,1422.6,241.13
1858,2,1423.7,241.09
1859,2,1424.8,240.96
1860,2,1425.9,240.74
1861,2,1427.1,240.44
1862,2,1428.2,240.05
1863,2,1429.4,239.57
1864,2,1430.5,239.01
1865,2,1431.7,238.36
1866,2,1432.9,237.63
1867,2,1434.1,236.82
1868,2,1435.3,235.93
1869,2,1436.5,234.95
1870,2,1437.8,233.9
1871,2,1439,232.78
1872,2,1440.2,231.58
1873,2,1441.5,230.31
1874,2,1442.7,228.97
1875,2,1444,227.56
1876,2,1445.3,226.1
1877,2,1446.5,224.57
1878,2,1447.8,222.98
1879,2,1449,221.35
1880,2,1450.3,219.66
1881,2,1451.6,217.92
1882,2,1452.8,216.15
1883,2,1454.1,214.33
1884,2,1455.3,212.48
1885,2,1456.5,210.6
1886,2,1457.8,208.7
1887,2,1459,206.77
1888,2,1460.2,204.83
1889,2,1461.4,202.87
1890,2,1462.6,200.9
1891,2,1463.8,198.93
1892,2,1465,196.96
1893,2,1466.2,194.99
1894,2,1467.3,193.03
1895,2,1468.5,191.09
1896,2,1469.6,189.16
1897,2,1470.8,187.26
1898,2,1471.9,185.38
1899,2,1473,183.53
1900,2,1474.1,181.73
1901,2,1475.2,179.96
1902,2,1476.3,178.23
1903,2,1477.3,176.55
1904,2,1478.4,174.93
1905,2,1479.4,173.36
1906,2,1480.5,171.84
1907,2,1481.5,170.4
1908,2,1482.5,169.02
1909,2,1483.5,167.7
1910,2,1484.6,166.46
1911,2,1485.6,165.3
1912,2,1486.5,164.21
1913,2,1487.5,163.21
1914,2,1488.5,162.29
1915,2,1489.5,161.45
1916,2,1490.5,160.7
1917,2,1491.5,160.05
1918,2,1492.4,159.48
1919,2,1493.4,159
1920,2,1494.4,158.62
1921,2,1495.3,158.33
1922,2,1496.3,158.14
1923,2,1497.3,158.05
1924,2,1498.3,158.06
1925,2,1499.3,158.16
1926,2,1500.2,158.36
1927,2,1501.2,158.66
1928,2,1502.2,159.06
1929,2,1503.2,159.55
1930,2,1504.2,160.14
1931,2,1505.3,160.83
1932,2,1506.3,161.62
1933,2,1507.3,162.5
1934,2,1508.4,163.47
1935,2,1509.5,164.54
1936,2,1510.5,165.69
1937,2,1511.6,166.94
1938,2,1512.7,168.27
1939,2,1513.8,169.69
1940,2,1515,171.19
1941,2,1516.1,172.77
1942,2,1517.3,174.42
1943,2,1518.5,176.15
1944,2,1519.7,177.95
1945,2,1520.9,179.81
1946,2,1522.1,181.74
1947,2,1523.4,183.73
1948,2,1524.6,185.77
1949,2,1525.9,187.87
1950,2,1527.2,190.01
1951,2,1528.5,192.19
1952,2,1529.9,194.41
1953,2,1531.2,196.66
1954,2,1532.6,198.94
1955,2,1534,201.24
1956,2,1535.4,203.56
1957,2,1536.9,205.9
1958,2,1538.3,208.24
1959,2,1539.8,210.58
1960,2,1541.3,212.93
1961,2,1542.8,215.27
1962,2,1544.3,217.59
1963,2,1545.8,219.91
1964,2,1547.4,222.2
1965,2,1549,224.47
1966,2,1550.5,226.71
1967,2,1552.1,228.91
1968,2,1553.7,231.09
1969,2,1555.3,233.22
1970,2,1557,235.31
1971,2,1558.6,237.35
1972,2,1560.2,239.35
1973,2,1561.9,241.29
1974,2,1563.5,243.18
1975,2,1565.2,245.01
1976,2,1566.8,246.79
1977,2,1568.5,248.5
1978,2,1570.1,250.15
1979,2,1571.8,251.73
1980,2,1573.4,253.26
1981,2,1575.1,254.71
1982,2,1576.7,256.1
1983,2,1578.3,257.42
1984,2,1579.9,258.68
1985,2,1581.5,259.87
1986,2,1583.1,260.99
1987,2,1584.7,262.04
1988,2,1586.3,263.03
1989,2,1587.8,263.95
1990,2,1589.3,264.81
1991,2,1590.8,265.61
1992,2,1592.3,266.34
1993,2,1593.8,267.02
1994,2,1595.2,267.63
1995,2,1596.6,268.19
1996,2,1598,268.7
1997,2,1599.4,269.15
1998,2,1600.7,269.56
1999,2,1602,269.91
2000,2,1603.2,270.23
2001,2,1604.4,270.5
2002,2,1605.6,270.73
2003,2,1606.8,270.92
2004,2,1607.9,271.08
2005,2,1608.9,271.21
2006,2,1609.9,271.3
2007,2,1610.9,271.37
2008,2,1611.9,271.42
2009,2,1612.7,271.44
2010,2,1613.6,271.45
2011,2,1614.4,271.44
2012,2,1615.1,271.41
2013,2,1615.9,271.37
2014,2,1616.5,271.32
2015,2,1617.1,271.26
2016,2,1617.7,271.2
2017,2,1618.2,271.13
2018,2,1618.7,271.05
2019,2,1619.2,270.98
2020,2,1619.6,270.9
2021,2,1619.9,270.83
2022,2,1620.3,270.76
2023,2,1620.5,270.69
2024,2,1620.8,270.63
2025,2,1621,270.57
2026,2,1621.2,270.51
2027,2,1621.3,270.47
2028,2,1621.5,270.43
2029,2,1621.6,270.4
2030,2,1621.6,270.37
