1,3,331.83,106.04
2,3,331.84,106.04
3,3,331.85,106.04
4,3,331.86,106.04
5,3,331.87,106.04
6,3,331.88,106.04
7,3,331.89,106.04
8,3,331.9,106.04
9,3,331.92,106.03
10,3,331.93,106.03
11,3,331.95,106.03
12,3,331.96,106.03
13,3,331.98,106.03
14,3,332,106.03
15,3,332.02,106.03
16,3,332.04,106.03
17,3,332.06,106.03
18,3,332.08,106.03
19,3,332.1,106.02
20,3,332.13,106.02
21,3,332.15,106.02
22,3,332.18,106.02
23,3,332.21,106.02
24,3,332.24,106.01
25,3,332.27,106.01
26,3,332.3,106.01
27,3,332.34,106.01
28,3,332.37,106
29,3,332.41,106
30,3,332.44,106
31,3,332.48,105.99
32,3,332.53,105.99
33,3,332.57,105.99
34,3,332.61,105.98
35,3,332.66,105.98
36,3,332.7,105.97
37,3,332.75,105.97
38,3,332.8,105.96
39,3,332.85,105.96
40,3,332.91,105.95
41,3,332.96,105.95
42,3,333.02,105.94
43,3,333.08,105.94
44,3,333.14,105.93
45,3,333.2,105.92
46,3,333.26,105.92
47,3,333.32,105.91
48,3,333.39,105.9
49,3,333.46,105.89
50,3,333.53,105.89
51,3,333.6,105.88
52,3,333.67,105.87
53,3,333.74,105.86
54,3,333.82,105.85
55,3,333.9,105.84
56,3,333.97,105.83
57,3,334.05,105.82
58,3,334.13,105.81
59,3,334.21,105.8
60,3,334.3,105.79
61,3,334.38,105.78
62,3,334.47,105.77
63,3,334.55,105.76
64,3,334.64,105.75
65,3,334.73,105.74
66,3,334.81,105.72
67,3,334.9,105.71
68,3,334.99,105.7
69,3,335.08,105.69
70,3,335.17,105.67
71,3,335.26,105.66
72,3,335.35,105.65
73,3,335.44,105.63
74,3,335.53,105.62
75,3,335.62,105.6
76,3,335.71,105.59
77,3,335.79,105.58
78,3,335.88,105.56
79,3,335.96,105.55
80,3,336.05,105.53
81,3,336.13,105.52
82,3,336.21,105.5
83,3,336.29,105.49
84,3,336.36,105.47
85,3,336.44,105.46
86,3,336.51,105.44
87,3,336.57,105.42
88,3,336.64,105.41
89,3,336.7,105.39
90,3,336.75,105.38
91,3,336.8,105.36
92,3,336.85,105.35
93,3,336.89,105.33
94,3,336.93,105.32
95,3,336.96,105.31
96,3,336.98,105.29
97,3,337,105.28
98,3,337.01,105.26
99,3,337.02,105.25
100,3,337.01,105.24
101,3,337,105.23
102,3,336.98,105.22
103,3,336.95,105.21
104,3,336.91,105.2
105,3,336.86,105.19
106,3,336.8,105.18
107,3,336.73,105.17
108,3,336.65,105.16
109,3,336.55,105.16
110,3,336.44,105.15
111,3,336.32,105.15
112,3,336.19,105.15
113,3,336.04,105.14
114,3,335.88,105.14
115,3,335.7,105.14
116,3,335.5,105.15
117,3,335.29,105.15
118,3,335.06,105.16
119,3,334.81,105.16
120,3,334.55,105.17
121,3,334.26,105.18
122,3,333.96,105.19
123,3,333.63,105.21
124,3,333.29,105.23
125,3,332.92,105.24
126,3,332.53,105.27
127,3,332.11,105.29
128,3,331.68,105.32
129,3,331.22,105.34
130,3,330.73,105.37
131,3,330.21,105.41
132,3,329.67,105.45
133,3,329.11,105.48
134,3,328.51,105.53
135,3,327.89,105.57
136,3,327.24,105.62
137,3,326.56,105.68
138,3,325.84,105.73
139,3,325.1,105.79
140,3,324.33,105.86
141,3,323.52,105.92
142,3,322.68,105.99
143,3,321.81,106.07
144,3,320.9,106.15
145,3,319.96,106.23
146,3,318.99,106.32
147,3,317.98,106.42
148,3,316.93,106.51
149,3,315.85,106.62
150,3,314.74,106.72
151,3,313.58,106.84
152,3,312.39,106.95
153,3,311.17,107.08
154,3,309.9,107.2
155,3,308.6,107.34
156,3,307.26,107.48
157,3,305.89,107.62
158,3,304.48,107.77
159,3,303.03,107.93
160,3,301.54,108.09
161,3,300.02,108.26
162,3,298.46,108.43
163,3,296.86,108.61
164,3,295.23,108.79
165,3,293.57,108.99
166,3,291.87,109.18
167,3,290.14,109.39
168,3,288.37,109.6
169,3,286.57,109.82
170,3,284.75,110.04
171,3,282.89,110.27
172,3,281,110.51
173,3,279.09,110.75
174,3,277.14,111
175,3,275.18,111.25
176,3,273.19,111.51
177,3,271.18,111.78
178,3,269.14,112.06
179,3,267.09,112.33
180,3,265.02,112.62
181,3,262.93,112.91
182,3,260.83,113.21
183,3,258.72,113.51
184,3,256.59,113.82
185,3,254.46,114.13
186,3,252.32,114.45
187,3,250.17,114.77
188,3,248.02,115.1
189,3,245.86,115.43
190,3,243.7,115.77
191,3,241.54,116.11
192,3,239.38,116.45
193,3,237.22,116.8
194,3,235.07,117.15
195,3,232.92,117.5
196,3,230.78,117.85
197,3,228.65,118.21
198,3,226.52,118.57
199,3,224.41,118.93
200,3,222.31,119.29
201,3,220.22,119.65
202,3,218.14,120.01
203,3,216.08,120.37
204,3,214.03,120.73
205,3,212,121.08
206,3,209.99,121.44
207,3,208,121.8
208,3,206.03,122.15
209,3,204.07,122.5
210,3,202.14,122.85
211,3,200.23,123.2
212,3,198.34,123.54
213,3,196.47,123.88
214,3,194.63,124.22
215,3,192.81,124.55
216,3,191.01,124.88
217,3,189.25,125.2
218,3,187.5,125.51
219,3,185.78,125.83
220,3,184.09,126.13
221,3,182.42,126.43
222,3,180.78,126.72
223,3,179.17,127.01
224,3,177.58,127.29
225,3,176.02,127.56
226,3,174.49,127.83
227,3,172.98,128.08
228,3,171.51,128.33
229,3,170.06,128.58
230,3,168.63,128.81
231,3,167.24,129.04
232,3,165.87,129.26
233,3,164.52,129.47
234,3,163.21,129.67
235,3,161.92,129.87
236,3,160.66,130.05
237,3,159.42,130.23
238,3,158.21,130.4
239,3,157.03,130.56
240,3,155.87,130.72
241,3,154.74,130.86
242,3,153.63,131
243,3,152.55,131.13
244,3,151.5,131.25
245,3,150.46,131.37
246,3,149.46,131.48
247,3,148.47,131.58
248,3,147.51,131.67
249,3,146.58,131.76
250,3,145.66,131.84
251,3,144.77,131.91
252,3,143.91,131.97
253,3,143.06,132.03
254,3,142.23,132.09
255,3,141.43,132.13
256,3,140.65,132.17
257,3,139.89,132.21
258,3,139.15,132.24
259,3,138.42,132.26
260,3,137.72,132.28
261,3,137.04,132.29
262,3,136.37,132.3
263,3,135.73,132.3
264,3,135.1,132.3
265,3,134.48,132.29
266,3,133.89,132.28
267,3,133.31,132.26
268,3,132.74,132.24
269,3,132.2,132.21
270,3,131.66,132.18
271,3,131.14,132.15
272,3,130.64,132.11
273,3,130.15,132.07
274,3,129.67,132.03
275,3,129.2,131.98
276,3,128.75,131.93
277,3,128.31,131.88
278,3,127.88,131.82
279,3,127.46,131.76
280,3,127.05,131.7
281,3,126.66,131.63
282,3,126.27,131.56
283,3,125.89,131.49
284,3,125.53,131.42
285,3,125.17,131.34
286,3,124.82,131.27
287,3,124.48,131.19
288,3,124.14,131.11
289,3,123.82,131.02
290,3,123.5,130.94
291,3,123.19,130.85
292,3,122.88,130.76
293,3,122.58,130.67
294,3,122.29,130.58
295,3,122.01,130.49
296,3,121.73,130.4
297,3,121.45,130.3
298,3,121.18,130.2
299,3,120.92,130.11
300,3,120.66,130.01
301,3,120.4,129.91
302,3,120.15,129.8
303,3,119.91,129.7
304,3,119.66,129.6
305,3,119.43,129.49
306,3,119.19,129.39
307,3,118.96,129.28
308,3,118.73,129.17
309,3,118.51,129.06
310,3,118.29,128.96
311,3,118.07,128.85
312,3,117.86,128.73
313,3,117.65,128.62
314,3,117.44,128.51
315,3,117.23,128.4
316,3,117.03,128.28
317,3,116.83,128.17
318,3,116.63,128.05
319,3,116.44,127.94
320,3,116.24,127.82
321,3,116.05,127.7
322,3,115.86,127.59
323,3,115.68,127.47
324,3,115.49,127.35
325,3,115.31,127.23
326,3,115.13,127.11
327,3,114.95,127
328,3,114.78,126.88
329,3,114.61,126.76
330,3,114.44,126.64
331,3,114.27,126.52
332,3,114.1,126.4
333,3,113.94,126.28
334,3,113.77,126.16
335,3,113.61,126.04
336,3,113.46,125.92
337,3,113.3,125.8
338,3,113.15,125.68
339,3,112.99,125.56
340,3,112.84,125.44
341,3,112.7,125.33
342,3,112.55,125.21
343,3,112.41,125.09
344,3,112.26,124.97
345,3,112.13,124.86
346,3,111.99,124.74
347,3,111.85,124.63
348,3,111.72,124.51
349,3,111.59,124.4
350,3,111.46,124.29
351,3,111.33,124.18
352,3,111.21,124.07
353,3,111.09,123.97
354,3,110.97,123.86
355,3,110.85,123.76
356,3,110.73,123.65
357,3,110.62,123.55
358,3,110.51,123.46
359,3,110.41,123.36
360,3,110.3,123.27
361,3,110.2,123.18
362,3,110.11,123.09
363,3,110.01,123.01
364,3,109.92,122.93
365,3,109.84,122.85
366,3,109.75,122.78
367,3,109.67,122.71
368,3,109.6,122.64
369,3,109.53,122.58
370,3,109.46,122.53
371,3,109.4,122.48
372,3,109.34,122.43
373,3,109.29,122.39
374,3,109.25,122.36
375,3,109.21,122.33
376,3,109.17,122.31
377,3,109.14,122.3
378,3,109.12,122.29
379,3,109.11,122.29
380,3,109.1,122.3
381,3,109.1,122.32
382,3,109.11,122.35
383,3,109.12,122.39
384,3,109.15,122.44
385,3,109.18,122.49
386,3,109.22,122.56
387,3,109.28,122.64
388,3,109.34,122.73
389,3,109.41,122.83
390,3,109.5,122.95
391,3,109.59,123.08
392,3,109.7,123.22
393,3,109.82,123.37
394,3,109.95,123.55
395,3,110.1,123.73
396,3,110.25,123.93
397,3,110.43,124.15
398,3,110.62,124.39
399,3,110.82,124.64
400,3,111.04,124.91
401,3,111.27,125.2
402,3,111.53,125.5
403,3,111.79,125.83
404,3,112.08,126.18
405,3,112.39,126.55
406,3,112.71,126.94
407,3,113.06,127.35
408,3,113.42,127.79
409,3,113.81,128.25
410,3,114.22,128.73
411,3,114.65,129.23
412,3,115.1,129.77
413,3,115.57,130.32
414,3,116.07,130.91
415,3,116.59,131.52
416,3,117.14,132.16
417,3,117.71,132.82
418,3,118.31,133.52
419,3,118.93,134.24
420,3,119.59,134.99
421,3,120.27,135.78
422,3,120.97,136.59
423,3,121.71,137.44
424,3,122.47,138.31
425,3,123.27,139.22
426,3,124.09,140.16
427,3,124.94,141.13
428,3,125.83,142.14
429,3,126.74,143.18
430,3,127.69,144.26
431,3,128.67,145.37
432,3,129.68,146.51
433,3,130.72,147.69
434,3,131.79,148.91
435,3,132.9,150.16
436,3,134.04,151.45
437,3,135.21,152.77
438,3,136.42,154.13
439,3,137.66,155.53
440,3,138.93,156.97
441,3,140.23,158.44
442,3,141.56,159.95
443,3,142.93,161.5
444,3,144.33,163.09
445,3,145.76,164.71
446,3,147.23,166.38
447,3,148.72,168.08
448,3,150.25,169.82
449,3,151.8,171.59
450,3,153.39,173.41
451,3,155,175.26
452,3,156.65,177.15
453,3,158.32,179.08
454,3,160.02,181.04
455,3,161.74,183.04
456,3,163.49,185.07
457,3,165.27,187.15
458,3,167.07,189.25
459,3,168.89,191.4
460,3,170.73,193.57
461,3,172.6,195.78
462,3,174.48,198.03
463,3,176.38,200.3
464,3,178.3,202.61
465,3,180.24,204.95
466,3,182.19,207.32
467,3,184.16,209.72
468,3,186.14,212.14
469,3,188.13,214.6
470,3,190.13,217.08
471,3,192.14,219.59
472,3,194.16,222.12
473,3,196.19,224.67
474,3,198.22,227.24
475,3,200.25,229.84
476,3,202.29,232.45
477,3,204.32,235.08
478,3,206.36,237.73
479,3,208.39,240.39
480,3,210.43,243.07
481,3,212.45,245.75
482,3,214.48,248.45
483,3,216.49,251.15
484,3,218.5,253.86
485,3,220.5,256.57
486,3,222.48,259.29
487,3,224.46,262
488,3,226.42,264.72
489,3,228.37,267.43
490,3,230.3,270.13
491,3,232.22,272.83
492,3,234.12,275.52
493,3,236,278.2
494,3,237.87,280.87
495,3,239.71,283.53
496,3,241.54,286.17
497,3,243.34,288.79
498,3,245.13,291.4
499,3,246.9,293.99
500,3,248.64,296.55
501,3,250.36,299.09
502,3,252.06,301.61
503,3,253.75,304.1
504,3,255.4,306.57
505,3,257.04,309.01
506,3,258.66,311.42
507,3,260.25,313.8
508,3,261.83,316.16
509,3,263.38,318.48
510,3,264.92,320.76
511,3,266.43,323.02
512,3,267.93,325.24
513,3,269.4,327.43
514,3,270.86,329.58
515,3,272.3,331.7
516,3,273.72,333.79
517,3,275.13,335.84
518,3,276.52,337.85
519,3,277.89,339.82
520,3,279.25,341.76
521,3,280.6,343.67
522,3,281.93,345.53
523,3,283.25,347.36
524,3,284.55,349.16
525,3,285.85,350.92
526,3,287.13,352.64
527,3,288.41,354.32
528,3,289.68,355.97
529,3,290.93,357.58
530,3,292.19,359.16
531,3,293.43,360.7
532,3,294.67,362.21
533,3,295.9,363.68
534,3,297.13,365.11
535,3,298.35,366.51
536,3,299.57,367.88
537,3,300.78,369.21
538,3,302,370.51
539,3,303.21,371.78
540,3,304.42,373.01
541,3,305.64,374.21
542,3,306.85,375.38
543,3,308.06,376.52
544,3,309.28,377.63
545,3,310.49,378.7
546,3,311.71,379.75
547,3,312.93,380.77
548,3,314.15,381.75
549,3,315.38,382.71
550,3,316.61,383.64
551,3,317.85,384.54
552,3,319.09,385.42
553,3,320.33,386.26
554,3,321.58,387.08
555,3,322.83,387.88
556,3,324.09,388.65
557,3,325.36,389.39
558,3,326.63,390.11
559,3,327.9,390.81
560,3,329.18,391.48
561,3,330.47,392.13
562,3,331.76,392.75
563,3,333.05,393.36
564,3,334.35,393.94
565,3,335.65,394.5
566,3,336.96,395.03
567,3,338.27,395.55
568,3,339.59,396.05
569,3,340.91,396.53
570,3,342.23,396.99
571,3,343.55,397.42
572,3,344.88,397.84
573,3,346.2,398.25
574,3,347.53,398.63
575,3,348.86,399
576,3,350.18,399.35
577,3,351.51,399.68
578,3,352.83,400
579,3,354.15,400.3
580,3,355.47,400.59
581,3,356.78,400.86
582,3,358.09,401.11
583,3,359.39,401.36
584,3,360.69,401.58
585,3,361.98,401.8
586,3,363.27,402
587,3,364.54,402.19
588,3,365.81,402.37
589,3,367.06,402.54
590,3,368.31,402.69
591,3,369.55,402.83
592,3,370.77,402.97
593,3,371.98,403.09
594,3,373.19,403.21
595,3,374.37,403.31
596,3,375.55,403.41
597,3,376.71,403.49
598,3,377.86,403.57
599,3,379,403.64
600,3,380.12,403.71
601,3,381.22,403.76
602,3,382.31,403.82
603,3,383.39,403.86
604,3,384.45,403.9
605,3,385.5,403.93
606,3,386.53,403.96
607,3,387.54,403.99
608,3,388.54,404.01
609,3,389.53,404.02
610,3,390.5,404.04
611,3,391.45,404.05
612,3,392.39,404.06
613,3,393.31,404.06
614,3,394.22,404.07
615,3,395.11,404.07
616,3,395.99,404.07
617,3,396.86,404.07
618,3,397.71,404.07
619,3,398.55,404.08
620,3,399.37,404.08
621,3,400.18,404.08
622,3,400.98,404.09
623,3,401.76,404.09
624,3,402.53,404.1
625,3,403.29,404.11
626,3,404.04,404.13
627,3,404.77,404.15
628,3,405.49,404.17
629,3,406.21,404.19
630,3,406.91,404.22
631,3,407.6,404.25
632,3,408.28,404.29
633,3,408.96,404.33
634,3,409.62,404.37
635,3,410.27,404.42
636,3,410.92,404.48
637,3,411.56,404.54
638,3,412.19,404.61
639,3,412.81,404.69
640,3,413.42,404.77
641,3,414.03,404.85
642,3,414.63,404.95
643,3,415.22,405.05
644,3,415.81,405.16
645,3,416.39,405.27
646,3,416.96,405.39
647,3,417.53,405.52
648,3,418.09,405.66
649,3,418.65,405.8
650,3,419.2,405.95
651,3,419.74,406.11
652,3,420.28,406.27
653,3,420.82,406.44
654,3,421.35,406.62
655,3,421.88,406.81
656,3,422.4,407
657,3,422.92,407.2
658,3,423.43,407.41
659,3,423.94,407.63
660,3,424.44,407.85
661,3,424.94,408.07
662,3,425.44,408.31
663,3,425.93,408.55
664,3,426.41,408.8
665,3,426.89,409.05
666,3,427.37,409.31
667,3,427.85,409.57
668,3,428.31,409.84
669,3,428.78,410.11
670,3,429.24,410.39
671,3,429.69,410.67
672,3,430.14,410.96
673,3,430.59,411.25
674,3,431.03,411.55
675,3,431.47,411.85
676,3,431.91,412.15
677,3,432.34,412.45
678,3,432.76,412.76
679,3,433.18,413.07
680,3,433.6,413.37
681,3,434.02,413.69
682,3,434.43,414
683,3,434.83,414.31
684,3,435.24,414.62
685,3,435.64,414.93
686,3,436.03,415.24
687,3,436.43,415.55
688,3,436.82,415.86
689,3,437.21,416.16
690,3,437.6,416.47
691,3,437.98,416.77
692,3,438.37,417.06
693,3,438.75,417.35
694,3,439.13,417.63
695,3,439.51,417.91
696,3,439.89,418.18
697,3,440.27,418.45
698,3,440.65,418.71
699,3,441.03,418.96
700,3,441.4,419.2
701,3,441.78,419.43
702,3,442.17,419.64
703,3,442.55,419.85
704,3,442.93,420.05
705,3,443.32,420.23
706,3,443.71,420.4
707,3,444.1,420.55
708,3,444.49,420.69
709,3,444.89,420.81
710,3,445.29,420.91
711,3,445.69,421
712,3,446.1,421.07
713,3,446.51,421.11
714,3,446.93,421.13
715,3,447.35,421.14
716,3,447.77,421.11
717,3,448.21,421.07
718,3,448.64,421
719,3,449.08,420.9
720,3,449.53,420.77
721,3,449.99,420.62
722,3,450.45,420.43
723,3,450.92,420.22
724,3,451.39,419.97
725,3,451.87,419.69
726,3,452.36,419.38
727,3,452.86,419.03
728,3,453.36,418.64
729,3,453.87,418.22
730,3,454.39,417.76
731,3,454.92,417.25
732,3,455.46,416.71
733,3,456,416.13
734,3,456.55,415.5
735,3,457.11,414.83
736,3,457.68,414.12
737,3,458.26,413.36
738,3,458.85,412.55
739,3,459.45,411.7
740,3,460.05,410.8
741,3,460.67,409.84
742,3,461.29,408.84
743,3,461.92,407.79
744,3,462.56,406.69
745,3,463.21,405.53
746,3,463.87,404.32
747,3,464.53,403.06
748,3,465.21,401.74
749,3,465.89,400.36
750,3,466.58,398.94
751,3,467.28,397.45
752,3,467.98,395.91
753,3,468.69,394.31
754,3,469.41,392.66
755,3,470.14,390.95
756,3,470.87,389.18
757,3,471.6,387.35
758,3,472.35,385.47
759,3,473.09,383.53
760,3,473.84,381.54
761,3,474.59,379.48
762,3,475.34,377.37
763,3,476.1,375.21
764,3,476.86,372.99
765,3,477.62,370.71
766,3,478.37,368.38
767,3,479.13,365.99
768,3,479.88,363.56
769,3,480.63,361.07
770,3,481.38,358.53
771,3,482.13,355.94
772,3,482.87,353.3
773,3,483.6,350.61
774,3,484.33,347.88
775,3,485.05,345.1
776,3,485.76,342.28
777,3,486.46,339.42
778,3,487.15,336.51
779,3,487.83,333.56
780,3,488.5,330.58
781,3,489.16,327.56
782,3,489.81,324.5
783,3,490.44,321.41
784,3,491.05,318.29
785,3,491.66,315.14
786,3,492.25,311.96
787,3,492.82,308.76
788,3,493.37,305.53
789,3,493.91,302.27
790,3,494.43,299
791,3,494.94,295.7
792,3,495.42,292.39
793,3,495.89,289.06
794,3,496.34,285.71
795,3,496.77,282.35
796,3,497.18,278.99
797,3,497.57,275.61
798,3,497.94,272.22
799,3,498.29,268.83
800,3,498.62,265.43
801,3,498.93,262.03
802,3,499.23,258.63
803,3,499.5,255.24
804,3,499.75,251.84
805,3,499.99,248.45
806,3,500.2,245.06
807,3,500.4,241.68
808,3,500.58,238.32
809,3,500.74,234.96
810,3,500.88,231.62
811,3,501,228.29
812,3,501.11,224.97
813,3,501.2,221.68
814,3,501.27,218.4
815,3,501.33,215.14
816,3,501.37,211.91
817,3,501.39,208.7
818,3,501.41,205.51
819,3,501.4,202.36
820,3,501.39,199.23
821,3,501.36,196.12
822,3,501.31,193.05
823,3,501.26,190.01
824,3,501.19,187
825,3,501.11,184.03
826,3,501.02,181.09
827,3,500.92,178.18
828,3,500.81,175.31
829,3,500.69,172.48
830,3,500.56,169.69
831,3,500.43,166.93
832,3,500.28,164.22
833,3,500.13,161.54
834,3,499.97,158.9
835,3,499.8,156.31
836,3,499.63,153.75
837,3,499.45,151.23
838,3,499.26,148.76
839,3,499.07,146.33
840,3,498.87,143.94
841,3,498.67,141.59
842,3,498.47,139.28
843,3,498.26,137.02
844,3,498.05,134.8
845,3,497.83,132.62
846,3,497.62,130.48
847,3,497.4,128.38
848,3,497.17,126.33
849,3,496.95,124.31
850,3,496.72,122.34
851,3,496.49,120.41
852,3,496.26,118.52
853,3,496.03,116.67
854,3,495.8,114.86
855,3,495.57,113.09
856,3,495.34,111.36
857,3,495.11,109.68
858,3,494.87,108.03
859,3,494.64,106.42
860,3,494.41,104.86
861,3,494.18,103.33
862,3,493.96,101.84
863,3,493.73,100.4
864,3,493.5,98.99
865,3,493.28,97.624
866,3,493.06,96.298
867,3,492.84,95.012
868,3,492.62,93.767
869,3,492.41,92.562
870,3,492.19,91.399
871,3,491.98,90.276
872,3,491.78,89.195
873,3,491.57,88.155
874,3,491.37,87.157
875,3,491.18,86.202
876,3,490.98,85.29
877,3,490.79,84.42
878,3,490.6,83.595
879,3,490.42,82.813
880,3,490.24,82.076
881,3,490.07,81.384
882,3,489.9,80.737
883,3,489.73,80.137
884,3,489.57,79.583
885,3,489.41,79.077
886,3,489.26,78.618
887,3,489.11,78.209
888,3,488.96,77.848
889,3,488.82,77.538
890,3,488.69,77.278
891,3,488.55,77.069
892,3,488.43,76.913
893,3,488.31,76.81
894,3,488.19,76.76
895,3,488.08,76.765
896,3,487.97,76.825
897,3,487.87,76.941
898,3,487.77,77.114
899,3,487.68,77.345
900,3,487.59,77.635
901,3,487.51,77.985
902,3,487.43,78.395
903,3,487.35,78.868
904,3,487.29,79.402
905,3,487.22,80.001
906,3,487.16,80.665
907,3,487.11,81.394
908,3,487.06,82.19
909,3,487.02,83.054
910,3,486.98,83.987
911,3,486.95,84.99
912,3,486.92,86.064
913,3,486.89,87.21
914,3,486.87,88.43
915,3,486.86,89.724
916,3,486.85,91.094
917,3,486.85,92.54
918,3,486.85,94.064
919,3,486.86,95.666
920,3,486.87,97.348
921,3,486.88,99.111
922,3,486.91,100.96
923,3,486.93,102.88
924,3,486.96,104.89
925,3,487,106.99
926,3,487.04,109.17
927,3,487.09,111.43
928,3,487.14,113.79
929,3,487.2,116.23
930,3,487.26,118.75
931,3,487.33,121.37
932,3,487.4,124.08
933,3,487.48,126.87
934,3,487.56,129.75
935,3,487.65,132.73
936,3,487.75,135.79
937,3,487.85,138.94
938,3,487.95,142.19
939,3,488.06,145.52
940,3,488.18,148.94
941,3,488.29,152.45
942,3,488.42,156.05
943,3,488.55,159.73
944,3,488.69,163.5
945,3,488.83,167.36
946,3,488.97,171.3
947,3,489.12,175.33
948,3,489.28,179.43
949,3,489.44,183.62
950,3,489.61,187.88
951,3,489.78,192.23
952,3,489.95,196.64
953,3,490.14,201.13
954,3,490.32,205.69
955,3,490.51,210.32
956,3,490.71,215.02
957,3,490.91,219.78
958,3,491.12,224.59
959,3,491.33,229.47
960,3,491.55,234.4
961,3,491.77,239.38
962,3,492,244.41
963,3,492.23,249.49
964,3,492.47,254.6
965,3,492.71,259.76
966,3,492.96,264.95
967,3,493.21,270.17
968,3,493.47,275.41
969,3,493.74,280.69
970,3,494.02,285.98
971,3,494.3,291.29
972,3,494.58,296.61
973,3,494.88,301.94
974,3,495.18,307.27
975,3,495.48,312.61
976,3,495.8,317.94
977,3,496.12,323.27
978,3,496.46,328.58
979,3,496.79,333.89
980,3,497.14,339.17
981,3,497.5,344.44
982,3,497.87,349.68
983,3,498.24,354.9
984,3,498.62,360.08
985,3,499.02,365.22
986,3,499.42,370.33
987,3,499.83,375.4
988,3,500.26,380.42
989,3,500.69,385.4
990,3,501.14,390.32
991,3,501.59,395.19
992,3,502.06,400.01
993,3,502.53,404.76
994,3,503.02,409.46
995,3,503.52,414.08
996,3,504.03,418.65
997,3,504.55,423.14
998,3,505.09,427.56
999,3,505.64,431.91
1000,3,506.19,436.18
1001,3,506.77,440.37
1002,3,507.35,444.49
1003,3,507.95,448.52
1004,3,508.56,452.47
1005,3,509.18,456.34
1006,3,509.82,460.12
1007,3,510.47,463.82
1008,3,511.13,467.42
1009,3,511.81,470.94
1010,3,512.5,474.36
1011,3,513.2,477.7
1012,3,513.92,480.94
1013,3,514.66,484.08
1014,3,515.4,487.13
1015,3,516.17,490.09
1016,3,516.94,492.94
1017,3,517.73,495.71
1018,3,518.54,498.37
1019,3,519.36,500.93
1020,3,520.2,503.4
1021,3,521.05,505.77
1022,3,521.92,508.04
1023,3,522.8,510.21
1024,3,523.7,512.27
1025,3,524.62,514.24
1026,3,525.55,516.11
1027,3,526.49,517.88
1028,3,527.46,519.54
1029,3,528.43,521.11
1030,3,529.43,522.58
1031,3,530.44,523.94
1032,3,531.47,525.21
1033,3,532.52,526.37
1034,3,533.58,527.44
1035,3,534.66,528.4
1036,3,535.75,529.26
1037,3,536.87,530.03
1038,3,538,530.69
1039,3,539.14,531.26
1040,3,540.3,531.72
1041,3,541.48,532.08
1042,3,542.68,532.35
1043,3,543.89,532.51
1044,3,545.12,532.58
1045,3,546.36,532.55
1046,3,547.62,532.41
1047,3,548.9,532.18
1048,3,550.18,531.85
1049,3,551.49,531.42
1050,3,552.81,530.9
1051,3,554.14,530.27
1052,3,555.48,529.55
1053,3,556.84,528.72
1054,3,558.2,527.8
1055,3,559.58,526.79
1056,3,560.97,525.67
1057,3,562.37,524.45
1058,3,563.78,523.14
1059,3,565.2,521.73
1060,3,566.62,520.23
1061,3,568.05,518.62
1062,3,569.48,516.92
1063,3,570.92,515.13
1064,3,572.36,513.23
1065,3,573.8,511.24
1066,3,575.25,509.16
1067,3,576.69,506.98
1068,3,578.13,504.7
1069,3,579.57,502.33
1070,3,581.01,499.87
1071,3,582.45,497.31
1072,3,583.88,494.66
1073,3,585.3,491.91
1074,3,586.72,489.08
1075,3,588.13,486.15
1076,3,589.53,483.13
1077,3,590.93,480.02
1078,3,592.31,476.82
1079,3,593.68,473.54
1080,3,595.05,470.16
1081,3,596.39,466.7
1082,3,597.73,463.15
1083,3,599.06,459.52
1084,3,600.37,455.81
1085,3,601.66,452.02
1086,3,602.94,448.14
1087,3,604.2,444.19
1088,3,605.45,440.16
1089,3,606.68,436.05
1090,3,607.89,431.87
1091,3,609.09,427.62
1092,3,610.26,423.3
1093,3,611.42,418.91
1094,3,612.55,414.45
1095,3,613.67,409.93
1096,3,614.76,405.35
1097,3,615.84,400.71
1098,3,616.89,396.02
1099,3,617.92,391.26
1100,3,618.93,386.46
1101,3,619.92,381.6
1102,3,620.88,376.7
1103,3,621.82,371.75
1104,3,622.74,366.77
1105,3,623.63,361.74
1106,3,624.5,356.67
1107,3,625.34,351.57
1108,3,626.17,346.44
1109,3,626.96,341.28
1110,3,627.74,336.09
1111,3,628.48,330.87
1112,3,629.21,325.64
1113,3,629.91,320.39
1114,3,630.58,315.12
1115,3,631.24,309.84
1116,3,631.86,304.55
1117,3,632.47,299.24
1118,3,633.05,293.94
1119,3,633.61,288.63
1120,3,634.15,283.32
1121,3,634.66,278.01
1122,3,635.15,272.7
1123,3,635.62,267.4
1124,3,636.07,262.12
1125,3,636.49,256.84
1126,3,636.9,251.58
1127,3,637.29,246.33
1128,3,637.66,241.1
1129,3,638,235.9
1130,3,638.33,230.71
1131,3,638.64,225.56
1132,3,638.94,220.43
1133,3,639.22,215.33
1134,3,639.48,210.27
1135,3,639.72,205.25
1136,3,639.95,200.26
1137,3,640.17,195.31
1138,3,640.37,190.41
1139,3,640.55,185.55
1140,3,640.73,180.74
1141,3,640.89,175.99
1142,3,641.04,171.28
1143,3,641.18,166.64
1144,3,641.3,162.05
1145,3,641.42,157.52
1146,3,641.53,153.06
1147,3,641.62,148.66
1148,3,641.71,144.33
1149,3,641.8,140.07
1150,3,641.87,135.89
1151,3,641.94,131.78
1152,3,641.99,127.75
1153,3,642.05,123.8
1154,3,642.09,119.94
1155,3,642.14,116.16
1156,3,642.17,112.46
1157,3,642.2,108.86
1158,3,642.23,105.34
1159,3,642.25,101.92
1160,3,642.27,98.598
1161,3,642.28,95.371
1162,3,642.29,92.242
1163,3,642.3,89.215
1164,3,642.31,86.292
1165,3,642.31,83.473
1166,3,642.31,80.761
1167,3,642.31,78.158
1168,3,642.3,75.666
1169,3,642.3,73.286
1170,3,642.29,71.021
1171,3,642.28,68.871
1172,3,642.27,66.84
1173,3,642.26,64.927
1174,3,642.25,63.136
1175,3,642.24,61.468
1176,3,642.22,59.924
1177,3,642.21,58.507
1178,3,642.2,57.217
1179,3,642.18,56.057
1180,3,642.17,55.027
1181,3,642.15,54.13
1182,3,642.14,53.367
1183,3,642.12,52.739
1184,3,642.11,52.248
1185,3,642.1,51.895
1186,3,642.09,51.681
1187,3,642.08,51.607
1188,3,642.07,51.675
1189,3,642.06,51.886
1190,3,642.06,52.241
1191,3,642.05,52.74
1192,3,642.05,53.385
1193,3,642.05,54.177
1194,3,642.05,55.116
1195,3,642.06,56.203
1196,3,642.06,57.439
1197,3,642.07,58.824
1198,3,642.09,60.359
1199,3,642.1,62.044
1200,3,642.12,63.88
1201,3,642.14,65.867
1202,3,642.16,68.005
1203,3,642.19,70.295
1204,3,642.22,72.735
1205,3,642.26,75.327
1206,3,642.3,78.07
1207,3,642.34,80.964
1208,3,642.39,84.007
1209,3,642.44,87.201
1210,3,642.5,90.543
1211,3,642.56,94.034
1212,3,642.63,97.672
1213,3,642.7,101.46
1214,3,642.77,105.38
1215,3,642.86,109.46
1216,3,642.94,113.67
1217,3,643.03,118.02
1218,3,643.13,122.51
1219,3,643.24,127.14
1220,3,643.35,131.9
1221,3,643.46,136.79
1222,3,643.58,141.81
1223,3,643.71,146.96
1224,3,643.85,152.22
1225,3,643.99,157.61
1226,3,644.13,163.11
1227,3,644.29,168.71
1228,3,644.45,174.43
1229,3,644.62,180.25
1230,3,644.79,186.16
1231,3,644.97,192.17
1232,3,645.16,198.27
1233,3,645.35,204.45
1234,3,645.55,210.7
1235,3,645.76,217.03
1236,3,645.98,223.43
1237,3,646.2,229.88
1238,3,646.43,236.39
1239,3,646.66,242.95
1240,3,646.91,249.55
1241,3,647.16,256.19
1242,3,647.41,262.86
1243,3,647.68,269.55
1244,3,647.95,276.26
1245,3,648.23,282.98
1246,3,648.52,289.7
1247,3,648.82,296.43
1248,3,649.13,303.15
1249,3,649.44,309.85
1250,3,649.77,316.53
1251,3,650.1,323.19
1252,3,650.45,329.82
1253,3,650.8,336.41
1254,3,651.17,342.95
1255,3,651.54,349.45
1256,3,651.93,355.89
1257,3,652.33,362.26
1258,3,652.74,368.57
1259,3,653.17,374.81
1260,3,653.61,380.97
1261,3,654.06,387.05
1262,3,654.52,393.04
1263,3,655,398.93
1264,3,655.49,404.73
1265,3,656,410.43
1266,3,656.53,416.02
1267,3,657.07,421.5
1268,3,657.62,426.87
1269,3,658.2,432.12
1270,3,658.79,437.25
1271,3,659.4,442.25
1272,3,660.02,447.13
1273,3,660.67,451.87
1274,3,661.33,456.49
1275,3,662.01,460.96
1276,3,662.71,465.29
1277,3,663.43,469.49
1278,3,664.17,473.54
1279,3,664.92,477.44
1280,3,665.7,481.19
1281,3,666.5,484.79
1282,3,667.32,488.25
1283,3,668.15,491.54
1284,3,669.01,494.69
1285,3,669.89,497.67
1286,3,670.79,500.5
1287,3,671.71,503.17
1288,3,672.65,505.68
1289,3,673.61,508.03
1290,3,674.59,510.22
1291,3,675.6,512.25
1292,3,676.62,514.11
1293,3,677.67,515.82
1294,3,678.74,517.36
1295,3,679.83,518.74
1296,3,680.94,519.97
1297,3,682.07,521.03
1298,3,683.22,521.93
1299,3,684.4,522.66
1300,3,685.6,523.25
1301,3,686.81,523.67
1302,3,688.05,523.93
1303,3,689.31,524.04
1304,3,690.59,523.99
1305,3,691.9,523.79
1306,3,693.22,523.43
1307,3,694.56,522.93
1308,3,695.92,522.27
1309,3,697.3,521.47
1310,3,698.69,520.51
1311,3,700.11,519.42
1312,3,701.54,518.18
1313,3,702.99,516.8
1314,3,704.46,515.28
1315,3,705.94,513.63
1316,3,707.43,511.84
1317,3,708.94,509.92
1318,3,710.46,507.87
1319,3,712,505.7
1320,3,713.54,503.4
1321,3,715.09,500.98
1322,3,716.65,498.45
1323,3,718.22,495.8
1324,3,719.79,493.05
1325,3,721.37,490.18
1326,3,722.95,487.21
1327,3,724.54,484.15
1328,3,726.12,480.98
1329,3,727.7,477.72
1330,3,729.28,474.37
1331,3,730.86,470.93
1332,3,732.44,467.41
1333,3,734.01,463.81
1334,3,735.57,460.13
1335,3,737.12,456.38
1336,3,738.67,452.56
1337,3,740.21,448.67
1338,3,741.73,444.72
1339,3,743.24,440.71
1340,3,744.75,436.65
1341,3,746.23,432.53
1342,3,747.71,428.35
1343,3,749.16,424.14
1344,3,750.61,419.88
1345,3,752.03,415.57
1346,3,753.44,411.23
1347,3,754.83,406.86
1348,3,756.2,402.45
1349,3,757.55,398.02
1350,3,758.88,393.56
1351,3,760.19,389.08
1352,3,761.48,384.58
1353,3,762.74,380.06
1354,3,763.99,375.52
1355,3,765.21,370.98
1356,3,766.41,366.43
1357,3,767.58,361.86
1358,3,768.73,357.3
1359,3,769.86,352.73
1360,3,770.96,348.16
1361,3,772.04,343.59
1362,3,773.09,339.02
1363,3,774.12,334.46
1364,3,775.12,329.9
1365,3,776.1,325.35
1366,3,777.06,320.82
1367,3,777.99,316.29
1368,3,778.89,311.77
1369,3,779.77,307.27
1370,3,780.63,302.78
1371,3,781.46,298.31
1372,3,782.27,293.85
1373,3,783.05,289.42
1374,3,783.81,285
1375,3,784.55,280.6
1376,3,785.27,276.22
1377,3,785.96,271.86
1378,3,786.63,267.53
1379,3,787.27,263.22
1380,3,787.9,258.94
1381,3,788.5,254.68
1382,3,789.09,250.44
1383,3,789.65,246.24
1384,3,790.19,242.06
1385,3,790.71,237.92
1386,3,791.22,233.8
1387,3,791.7,229.72
1388,3,792.17,225.67
1389,3,792.62,221.65
1390,3,793.05,217.67
1391,3,793.46,213.73
1392,3,793.86,209.82
1393,3,794.25,205.95
1394,3,794.61,202.13
1395,3,794.97,198.34
1396,3,795.31,194.6
1397,3,795.63,190.91
1398,3,795.95,187.26
1399,3,796.25,183.66
1400,3,796.53,180.11
1401,3,796.81,176.61
1402,3,797.08,173.16
1403,3,797.33,169.76
1404,3,797.58,166.42
1405,3,797.81,163.14
1406,3,798.04,159.91
1407,3,798.25,156.75
1408,3,798.46,153.64
1409,3,798.66,150.6
1410,3,798.86,147.62
1411,3,799.05,144.71
1412,3,799.23,141.87
1413,3,799.4,139.09
1414,3,799.57,136.39
1415,3,799.73,133.76
1416,3,799.89,131.21
1417,3,800.05,128.73
1418,3,800.2,126.33
1419,3,800.34,124.01
1420,3,800.49,121.78
1421,3,800.62,119.63
1422,3,800.76,117.56
1423,3,800.89,115.59
1424,3,801.03,113.71
1425,3,801.16,111.91
1426,3,801.28,110.22
1427,3,801.41,108.61
1428,3,801.54,107.11
1429,3,801.66,105.71
1430,3,801.79,104.4
1431,3,801.91,103.2
1432,3,802.04,102.11
1433,3,802.17,101.12
1434,3,802.29,100.24
1435,3,802.42,99.471
1436,3,802.55,98.811
1437,3,802.69,98.265
1438,3,802.82,97.832
1439,3,802.96,97.515
1440,3,803.11,97.315
1441,3,803.25,97.233
1442,3,803.4,97.271
1443,3,803.56,97.429
1444,3,803.72,97.709
1445,3,803.88,98.113
1446,3,804.05,98.641
1447,3,804.23,99.294
1448,3,804.41,100.07
1449,3,804.6,100.98
1450,3,804.8,102.02
1451,3,805.01,103.18
1452,3,805.22,104.47
1453,3,805.44,105.9
1454,3,805.67,107.46
1455,3,805.91,109.15
1456,3,806.16,110.97
1457,3,806.42,112.93
1458,3,806.69,115.02
1459,3,806.96,117.24
1460,3,807.26,119.61
1461,3,807.56,122.1
1462,3,807.87,124.73
1463,3,808.2,127.5
1464,3,808.54,130.4
1465,3,808.89,133.44
1466,3,809.25,136.61
1467,3,809.63,139.91
1468,3,810.02,143.36
1469,3,810.42,146.93
1470,3,810.84,150.64
1471,3,811.28,154.47
1472,3,811.72,158.44
1473,3,812.19,162.54
1474,3,812.67,166.76
1475,3,813.16,171.11
1476,3,813.67,175.59
1477,3,814.2,180.19
1478,3,814.74,184.9
1479,3,815.3,189.73
1480,3,815.87,194.68
1481,3,816.46,199.74
1482,3,817.07,204.91
1483,3,817.69,210.18
1484,3,818.34,215.55
1485,3,818.99,221.02
1486,3,819.67,226.57
1487,3,820.36,232.22
1488,3,821.06,237.95
1489,3,821.79,243.76
1490,3,822.52,249.63
1491,3,823.28,255.58
1492,3,824.05,261.58
1493,3,824.83,267.64
1494,3,825.64,273.75
1495,3,826.45,279.9
1496,3,827.28,286.09
1497,3,828.13,292.3
1498,3,828.98,298.54
1499,3,829.86,304.79
1500,3,830.74,311.04
1501,3,831.64,317.3
1502,3,832.55,323.56
1503,3,833.47,329.8
1504,3,834.4,336.02
1505,3,835.35,342.22
1506,3,836.31,348.38
1507,3,837.27,354.5
1508,3,838.25,360.58
1509,3,839.24,366.6
1510,3,840.23,372.57
1511,3,841.24,378.47
1512,3,842.26,384.3
1513,3,843.29,390.06
1514,3,844.32,395.73
1515,3,845.37,401.32
1516,3,846.42,406.82
1517,3,847.49,412.22
1518,3,848.56,417.52
1519,3,849.65,422.72
1520,3,850.74,427.81
1521,3,851.84,432.78
1522,3,852.95,437.64
1523,3,854.07,442.38
1524,3,855.2,446.99
1525,3,856.34,451.48
1526,3,857.48,455.83
1527,3,858.64,460.06
1528,3,859.81,464.15
1529,3,860.99,468.1
1530,3,862.17,471.91
1531,3,863.37,475.58
1532,3,864.58,479.1
1533,3,865.79,482.48
1534,3,867.02,485.7
1535,3,868.26,488.78
1536,3,869.5,491.71
1537,3,870.76,494.48
1538,3,872.03,497.1
1539,3,873.31,499.56
1540,3,874.6,501.87
1541,3,875.89,504.02
1542,3,877.2,506.01
1543,3,878.52,507.84
1544,3,879.85,509.5
1545,3,881.19,511.01
1546,3,882.54,512.35
1547,3,883.89,513.53
1548,3,885.26,514.55
1549,3,886.64,515.4
1550,3,888.02,516.09
1551,3,889.41,516.61
1552,3,890.81,516.97
1553,3,892.22,517.16
1554,3,893.63,517.19
1555,3,895.05,517.05
1556,3,896.48,516.75
1557,3,897.91,516.28
1558,3,899.35,515.65
1559,3,900.79,514.86
1560,3,902.24,513.9
1561,3,903.69,512.79
1562,3,905.14,511.51
1563,3,906.6,510.07
1564,3,908.06,508.48
1565,3,909.52,506.73
1566,3,910.98,504.83
1567,3,912.43,502.77
1568,3,913.89,500.57
1569,3,915.35,498.21
1570,3,916.8,495.71
1571,3,918.26,493.07
1572,3,919.7,490.28
1573,3,921.15,487.36
1574,3,922.58,484.3
1575,3,924.01,481.11
1576,3,925.44,477.8
1577,3,926.85,474.35
1578,3,928.25,470.79
1579,3,929.64,467.1
1580,3,931.02,463.31
1581,3,932.39,459.4
1582,3,933.74,455.38
1583,3,935.08,451.27
1584,3,936.4,447.05
1585,3,937.7,442.75
1586,3,938.98,438.35
1587,3,940.24,433.87
1588,3,941.47,429.31
1589,3,942.69,424.67
1590,3,943.88,419.96
1591,3,945.05,415.18
1592,3,946.19,410.34
1593,3,947.31,405.45
1594,3,948.4,400.5
1595,3,949.46,395.5
1596,3,950.49,390.45
1597,3,951.49,385.37
1598,3,952.47,380.25
1599,3,953.41,375.1
1600,3,954.33,369.93
1601,3,955.21,364.73
1602,3,956.06,359.52
1603,3,956.88,354.29
1604,3,957.67,349.06
1605,3,958.43,343.82
1606,3,959.16,338.59
1607,3,959.86,333.36
1608,3,960.52,328.14
1609,3,961.15,322.94
1610,3,961.76,317.76
1611,3,962.33,312.6
1612,3,962.87,307.46
1613,3,963.38,302.36
1614,3,963.86,297.29
1615,3,964.32,292.27
1616,3,964.74,287.28
1617,3,965.14,282.35
1618,3,965.51,277.46
1619,3,965.85,272.63
1620,3,966.17,267.85
1621,3,966.46,263.13
1622,3,966.73,258.48
1623,3,966.98,253.89
1624,3,967.2,249.37
1625,3,967.4,244.92
1626,3,967.57,240.55
1627,3,967.73,236.25
1628,3,967.87,232.03
1629,3,967.98,227.89
1630,3,968.08,223.83
1631,3,968.16,219.86
1632,3,968.22,215.97
1633,3,968.27,212.17
1634,3,968.3,208.46
1635,3,968.32,204.83
1636,3,968.33,201.3
1637,3,968.32,197.86
1638,3,968.3,194.52
1639,3,968.26,191.27
1640,3,968.22,188.11
1641,3,968.17,185.05
1642,3,968.1,182.09
1643,3,968.03,179.23
1644,3,967.95,176.46
1645,3,967.87,173.79
1646,3,967.77,171.23
1647,3,967.68,168.76
1648,3,967.57,166.39
1649,3,967.47,164.12
1650,3,967.36,161.96
1651,3,967.24,159.89
1652,3,967.13,157.93
1653,3,967.01,156.07
1654,3,966.89,154.31
1655,3,966.77,152.66
1656,3,966.65,151.1
1657,3,966.54,149.65
1658,3,966.42,148.3
1659,3,966.31,147.06
1660,3,966.19,145.92
1661,3,966.09,144.87
1662,3,965.98,143.94
1663,3,965.88,143.1
1664,3,965.78,142.37
1665,3,965.69,141.74
1666,3,965.61,141.21
1667,3,965.53,140.78
1668,3,965.45,140.45
1669,3,965.39,140.23
1670,3,965.33,140.1
1671,3,965.28,140.08
1672,3,965.23,140.15
1673,3,965.2,140.33
1674,3,965.17,140.6
1675,3,965.15,140.98
1676,3,965.14,141.45
1677,3,965.14,142.02
1678,3,965.16,142.69
1679,3,965.18,143.46
1680,3,965.21,144.32
1681,3,965.25,145.29
1682,3,965.31,146.34
1683,3,965.37,147.49
1684,3,965.45,148.74
1685,3,965.54,150.08
1686,3,965.64,151.52
1687,3,965.75,153.05
1688,3,965.87,154.67
1689,3,966.01,156.38
1690,3,966.16,158.18
1691,3,966.33,160.07
1692,3,966.5,162.06
1693,3,966.69,164.13
1694,3,966.89,166.28
1695,3,967.11,168.52
1696,3,967.34,170.85
1697,3,967.58,173.26
1698,3,967.83,175.76
1699,3,968.1,178.33
1700,3,968.38,180.98
1701,3,968.68,183.72
1702,3,968.99,186.53
1703,3,969.31,189.41
1704,3,969.64,192.37
1705,3,969.99,195.4
1706,3,970.35,198.5
1707,3,970.73,201.68
1708,3,971.11,204.91
1709,3,971.51,208.22
1710,3,971.92,211.59
1711,3,972.35,215.02
1712,3,972.78,218.52
1713,3,973.23,222.07
1714,3,973.69,225.68
1715,3,974.16,229.35
1716,3,974.65,233.07
1717,3,975.14,236.85
1718,3,975.65,240.68
1719,3,976.17,244.55
1720,3,976.7,248.48
1721,3,977.24,252.45
1722,3,977.8,256.46
1723,3,978.36,260.52
1724,3,978.93,264.61
1725,3,979.52,268.74
1726,3,980.12,272.91
1727,3,980.73,277.11
1728,3,981.34,281.34
1729,3,981.97,285.59
1730,3,982.61,289.87
1731,3,983.26,294.18
1732,3,983.92,298.5
1733,3,984.59,302.84
1734,3,985.27,307.19
1735,3,985.96,311.55
1736,3,986.66,315.91
1737,3,987.37,320.28
1738,3,988.09,324.65
1739,3,988.82,329.01
1740,3,989.56,333.36
1741,3,990.31,337.71
1742,3,991.06,342.03
1743,3,991.83,346.34
1744,3,992.61,350.63
1745,3,993.4,354.88
1746,3,994.19,359.11
1747,3,995,363.31
1748,3,995.81,367.47
1749,3,996.64,371.58
1750,3,997.48,375.66
1751,3,998.32,379.68
1752,3,999.18,383.65
1753,3,1000,387.57
1754,3,1000.9,391.43
1755,3,1001.8,395.23
1756,3,1002.7,398.97
1757,3,1003.6,402.64
1758,3,1004.5,406.23
1759,3,1005.5,409.75
1760,3,1006.4,413.2
1761,3,1007.4,416.56
1762,3,1008.3,419.85
1763,3,1009.3,423.04
1764,3,1010.3,426.15
1765,3,1011.3,429.17
1766,3,1012.3,432.09
1767,3,1013.3,434.92
1768,3,1014.4,437.65
1769,3,1015.4,440.28
1770,3,1016.5,442.81
1771,3,1017.6,445.23
1772,3,1018.7,447.54
1773,3,1019.8,449.75
1774,3,1020.9,451.84
1775,3,1022,453.82
1776,3,1023.2,455.69
1777,3,1024.3,457.44
1778,3,1025.5,459.07
1779,3,1026.7,460.59
1780,3,1027.9,461.98
1781,3,1029.1,463.26
1782,3,1030.4,464.41
1783,3,1031.6,465.44
1784,3,1032.9,466.34
1785,3,1034.2,467.12
1786,3,1035.5,467.77
1787,3,1036.8,468.3
1788,3,1038.1,468.7
1789,3,1039.5,468.97
1790,3,1040.9,469.11
1791,3,1042.2,469.13
1792,3,1043.6,469.01
1793,3,1045,468.77
1794,3,1046.5,468.4
1795,3,1047.9,467.9
1796,3,1049.4,467.27
1797,3,1050.8,466.52
1798,3,1052.3,465.64
1799,3,1053.8,464.62
1800,3,1055.4,463.49
1801,3,1056.9,462.22
1802,3,1058.4,460.83
1803,3,1060,459.32
1804,3,1061.5,457.68
1805,3,1063.1,455.92
1806,3,1064.7,454.04
1807,3,1066.3,452.03
1808,3,1067.9,449.91
1809,3,1069.5,447.67
1810,3,1071.2,445.32
1811,3,1072.8,442.85
1812,3,1074.4,440.27
1813,3,1076.1,437.58
1814,3,1077.7,434.78
1815,3,1079.3,431.87
1816,3,1081,428.86
1817,3,1082.6,425.75
1818,3,1084.3,422.54
1819,3,1085.9,419.24
1820,3,1087.5,415.84
1821,3,1089.2,412.35
1822,3,1090.8,408.77
1823,3,1092.4,405.11
1824,3,1094,401.36
1825,3,1095.6,397.54
1826,3,1097.1,393.63
1827,3,1098.7,389.66
1828,3,1100.2,385.61
1829,3,1101.8,381.49
1830,3,1103.3,377.31
1831,3,1104.8,373.06
1832,3,1106.3,368.75
1833,3,1107.7,364.39
1834,3,1109.2,359.97
1835,3,1110.6,355.51
1836,3,1112,350.99
1837,3,1113.4,346.43
1838,3,1114.7,341.82
1839,3,1116,337.18
1840,3,1117.3,332.5
1841,3,1118.6,327.79
1842,3,1119.9,323.04
1843,3,1121.1,318.27
1844,3,1122.3,313.48
1845,3,1123.5,308.66
1846,3,1124.7,303.83
1847,3,1125.8,298.98
1848,3,1126.9,294.12
1849,3,1128,289.25
1850,3,1129,284.38
1851,3,1130.1,279.5
1852,3,1131.1,274.62
1853,3,1132.1,269.75
1854,3,1133,264.88
1855,3,1134,260.02
1856,3,1134.9,255.17
1857,3,1135.8,250.34
1858,3,1136.6,245.52
1859,3,1137.5,240.73
1860,3,1138.3,235.96
1861,3,1139.1,231.21
1862,3,1139.8,226.5
1863,3,1140.6,221.81
1864,3,1141.3,217.16
1865,3,1142,212.55
1866,3,1142.7,207.98
1867,3,1143.4,203.44
1868,3,1144,198.96
1869,3,1144.6,194.52
1870,3,1145.2,190.13
1871,3,1145.8,185.79
1872,3,1146.4,181.51
1873,3,1146.9,177.28
1874,3,1147.5,173.12
1875,3,1148,169.02
1876,3,1148.5,164.98
1877,3,1149,161.01
1878,3,1149.4,157.12
1879,3,1149.9,153.29
1880,3,1150.3,149.55
1881,3,1150.7,145.88
1882,3,1151.1,142.29
1883,3,1151.5,138.79
1884,3,1151.9,135.37
1885,3,1152.3,132.04
1886,3,1152.6,128.81
1887,3,1152.9,125.67
1888,3,1153.3,122.62
1889,3,1153.6,119.67
1890,3,1153.9,116.83
1891,3,1154.1,114.09
1892,3,1154.4,111.45
1893,3,1154.7,108.93
1894,3,1154.9,106.51
1895,3,1155.2,104.21
1896,3,1155.4,102.02
1897,3,1155.6,99.949
1898,3,1155.9,97.997
1899,3,1156.1,96.166
1900,3,1156.3,94.458
1901,3,1156.5,92.875
1902,3,1156.6,91.42
1903,3,1156.8,90.093
1904,3,1157,88.897
1905,3,1157.2,87.833
1906,3,1157.3,86.904
1907,3,1157.5,86.109
1908,3,1157.6,85.452
1909,3,1157.8,84.933
1910,3,1157.9,84.554
1911,3,1158,84.315
1912,3,1158.1,84.218
1913,3,1158.3,84.265
1914,3,1158.4,84.455
1915,3,1158.5,84.789
1916,3,1158.6,85.27
1917,3,1158.7,85.896
1918,3,1158.8,86.669
1919,3,1158.9,87.588
1920,3,1159.1,88.655
1921,3,1159.2,89.87
1922,3,1159.3,91.232
1923,3,1159.4,92.741
1924,3,1159.5,94.398
1925,3,1159.6,96.201
1926,3,1159.7,98.151
1927,3,1159.8,100.25
1928,3,1159.9,102.49
1929,3,1160,104.87
1930,3,1160.1,107.4
1931,3,1160.3,110.07
1932,3,1160.4,112.88
1933,3,1160.5,115.83
1934,3,1160.7,118.92
1935,3,1160.8,122.14
1936,3,1161,125.49
1937,3,1161.1,128.98
1938,3,1161.3,132.59
1939,3,1161.4,136.33
1940,3,1161.6,140.19
1941,3,1161.8,144.17
1942,3,1162,148.26
1943,3,1162.2,152.46
1944,3,1162.4,156.78
1945,3,1162.6,161.19
1946,3,1162.8,165.71
1947,3,1163.1,170.32
1948,3,1163.3,175.02
1949,3,1163.6,179.8
1950,3,1163.9,184.67
1951,3,1164.2,189.61
1952,3,1164.5,194.62
1953,3,1164.8,199.69
1954,3,1165.1,204.82
1955,3,1165.4,210.01
1956,3,1165.8,215.24
1957,3,1166.2,220.51
1958,3,1166.5,225.83
1959,3,1166.9,231.17
1960,3,1167.3,236.53
1961,3,1167.8,241.91
1962,3,1168.2,247.31
1963,3,1168.7,252.71
1964,3,1169.1,258.11
1965,3,1169.6,263.51
1966,3,1170.1,268.89
1967,3,1170.6,274.26
1968,3,1171.1,279.61
1969,3,1171.7,284.92
1970,3,1172.2,290.21
1971,3,1172.8,295.45
1972,3,1173.4,300.65
1973,3,1174,305.8
1974,3,1174.6,310.9
1975,3,1175.3,315.94
1976,3,1175.9,320.92
1977,3,1176.6,325.82
1978,3,1177.2,330.66
1979,3,1177.9,335.42
1980,3,1178.6,340.09
1981,3,1179.4,344.69
1982,3,1180.1,349.19
1983,3,1180.8,353.6
1984,3,1181.6,357.92
1985,3,1182.4,362.14
1986,3,1183.2,366.26
1987,3,1184,370.27
1988,3,1184.8,374.18
1989,3,1185.7,377.97
1990,3,1186.5,381.66
1991,3,1187.4,385.22
1992,3,1188.3,388.68
1993,3,1189.2,392.01
1994,3,1190.1,395.21
1995,3,1191.1,398.3
1996,3,1192.1,401.26
1997,3,1193,404.09
1998,3,1194,406.79
1999,3,1195,409.36
2000,3,1196.1,411.8
2001,3,1197.1,414.11
2002,3,1198.2,416.28
2003,3,1199.2,418.31
2004,3,1200.3,420.21
2005,3,1201.5,421.97
2006,3,1202.6,423.59
2007,3,1203.7,425.08
2008,3,1204.9,426.42
2009,3,1206.1,427.62
2010,3,1207.3,428.69
2011,3,1208.5,429.61
2012,3,1209.7,430.39
2013,3,1211,431.04
2014,3,1212.3,431.54
2015,3,1213.5,431.9
2016,3,1214.9,432.13
2017,3,1216.2,432.21
2018,3,1217.5,432.16
2019,3,1218.8,431.97
2020,3,1220.2,431.64
2021,3,1221.6,431.18
2022,3,1223,430.59
2023,3,1224.4,429.86
2024,3,1225.8,428.99
2025,3,1227.2,428
2026,3,1228.7,426.88
2027,3,1230.1,425.63
2028,3,1231.6,424.25
2029,3,1233,422.75
2030,3,1234.5,421.12
2031,3,1236,419.38
2032,3,1237.5,417.52
2033,3,1239,415.54
2034,3,1240.4,413.44
2035,3,1241.9,411.24
2036,3,1243.4,408.92
2037,3,1244.9,406.5
2038,3,1246.4,403.97
2039,3,1247.9,401.35
2040,3,1249.4,398.62
2041,3,1250.8,395.8
2042,3,1252.3,392.88
2043,3,1253.7,389.88
2044,3,1255.2,386.78
2045,3,1256.6,383.6
2046,3,1258,380.33
2047,3,1259.4,376.99
2048,3,1260.8,373.57
2049,3,1262.2,370.07
2050,3,1263.5,366.5
2051,3,1264.8,362.87
2052,3,1266.1,359.16
2053,3,1267.4,355.39
2054,3,1268.7,351.57
2055,3,1269.9,347.68
2056,3,1271.2,343.73
2057,3,1272.4,339.74
2058,3,1273.5,335.69
2059,3,1274.7,331.6
2060,3,1275.8,327.46
2061,3,1276.9,323.28
2062,3,1278,319.07
2063,3,1279,314.81
2064,3,1280,310.53
2065,3,1281,306.22
2066,3,1282,301.88
2067,3,1282.9,297.51
2068,3,1283.8,293.13
2069,3,1284.7,288.73
2070,3,1285.5,284.32
2071,3,1286.3,279.9
2072,3,1287.1,275.47
2073,3,1287.9,271.04
2074,3,1288.6,266.61
2075,3,1289.3,262.18
2076,3,1290,257.76
2077,3,1290.6,253.34
2078,3,1291.3,248.94
2079,3,1291.9,244.56
2080,3,1292.4,240.19
2081,3,1293,235.85
2082,3,1293.5,231.53
2083,3,1294,227.24
2084,3,1294.4,222.99
2085,3,1294.9,218.77
2086,3,1295.3,214.59
2087,3,1295.7,210.45
2088,3,1296.1,206.36
2089,3,1296.5,202.32
2090,3,1296.8,198.33
2091,3,1297.1,194.39
2092,3,1297.4,190.52
2093,3,1297.7,186.71
2094,3,1298,182.97
2095,3,1298.2,179.3
2096,3,1298.5,175.7
2097,3,1298.7,172.18
2098,3,1298.9,168.74
2099,3,1299.1,165.38
2100,3,1299.3,162.11
2101,3,1299.4,158.93
2102,3,1299.6,155.85
2103,3,1299.7,152.86
2104,3,1299.9,149.97
2105,3,1300,147.18
2106,3,1300.1,144.5
2107,3,1300.2,141.93
2108,3,1300.3,139.47
2109,3,1300.4,137.12
2110,3,1300.5,134.89
2111,3,1300.6,132.78
2112,3,1300.7,130.8
2113,3,1300.8,128.93
2114,3,1300.9,127.2
2115,3,1301,125.59
2116,3,1301.1,124.12
2117,3,1301.2,122.78
2118,3,1301.3,121.57
2119,3,1301.4,120.51
2120,3,1301.4,119.58
2121,3,1301.5,118.79
2122,3,1301.7,118.15
2123,3,1301.8,117.65
2124,3,1301.9,117.3
2125,3,1302,117.1
2126,3,1302.1,117.05
2127,3,1302.3,117.14
2128,3,1302.4,117.39
2129,3,1302.6,117.79
2130,3,1302.7,118.35
2131,3,1302.9,119.06
2132,3,1303.1,119.92
2133,3,1303.3,120.94
2134,3,1303.5,122.11
2135,3,1303.7,123.44
2136,3,1303.9,124.92
2137,3,1304.2,126.57
2138,3,1304.5,128.36
2139,3,1304.7,130.32
2140,3,1305,132.42
2141,3,1305.3,134.69
2142,3,1305.7,137.1
2143,3,1306,139.67
2144,3,1306.4,142.39
2145,3,1306.8,145.26
2146,3,1307.2,148.28
2147,3,1307.6,151.45
2148,3,1308,154.77
2149,3,1308.5,158.23
2150,3,1309,161.83
2151,3,1309.5,165.57
2152,3,1310,169.44
2153,3,1310.5,173.45
2154,3,1311.1,177.59
2155,3,1311.7,181.86
2156,3,1312.3,186.25
2157,3,1313,190.76
2158,3,1313.6,195.39
2159,3,1314.3,200.13
2160,3,1315,204.97
2161,3,1315.7,209.92
2162,3,1316.5,214.96
2163,3,1317.3,220.09
2164,3,1318.1,225.31
2165,3,1318.9,230.6
2166,3,1319.7,235.97
2167,3,1320.6,241.4
2168,3,1321.5,246.89
2169,3,1322.4,252.43
2170,3,1323.4,258.02
2171,3,1324.3,263.65
2172,3,1325.3,269.31
2173,3,1326.3,274.99
2174,3,1327.4,280.68
2175,3,1328.4,286.39
2176,3,1329.5,292.1
2177,3,1330.6,297.8
2178,3,1331.7,303.48
2179,3,1332.9,309.15
2180,3,1334,314.79
2181,3,1335.2,320.4
2182,3,1336.4,325.96
2183,3,1337.7,331.48
2184,3,1338.9,336.94
2185,3,1340.2,342.35
2186,3,1341.4,347.69
2187,3,1342.8,352.97
2188,3,1344.1,358.16
2189,3,1345.4,363.28
2190,3,1346.8,368.31
2191,3,1348.1,373.25
2192,3,1349.5,378.09
2193,3,1351,382.84
2194,3,1352.4,387.48
2195,3,1353.8,392.02
2196,3,1355.3,396.44
2197,3,1356.8,400.75
2198,3,1358.3,404.94
2199,3,1359.8,409.02
2200,3,1361.3,412.96
2201,3,1362.9,416.78
2202,3,1364.5,420.47
2203,3,1366,424.03
2204,3,1367.6,427.45
2205,3,1369.3,430.73
2206,3,1370.9,433.87
2207,3,1372.5,436.87
2208,3,1374.2,439.73
2209,3,1375.9,442.44
2210,3,1377.6,445
2211,3,1379.3,447.42
2212,3,1381,449.68
2213,3,1382.8,451.79
2214,3,1384.5,453.75
2215,3,1386.3,455.55
2216,3,1388.1,457.2
2217,3,1389.9,458.69
2218,3,1391.7,460.03
2219,3,1393.5,461.21
2220,3,1395.3,462.23
2221,3,1397.2,463.1
2222,3,1399,463.8
2223,3,1400.9,464.35
2224,3,1402.7,464.74
2225,3,1404.6,464.98
2226,3,1406.5,465.06
2227,3,1408.3,464.98
2228,3,1410.2,464.74
2229,3,1412.1,464.35
2230,3,1414,463.8
2231,3,1415.9,463.1
2232,3,1417.8,462.25
2233,3,1419.7,461.25
2234,3,1421.6,460.1
2235,3,1423.5,458.8
2236,3,1425.4,457.35
2237,3,1427.3,455.76
2238,3,1429.1,454.03
2239,3,1431,452.15
2240,3,1432.9,450.14
2241,3,1434.7,447.99
2242,3,1436.6,445.71
2243,3,1438.4,443.3
2244,3,1440.2,440.75
2245,3,1442,438.09
2246,3,1443.8,435.3
2247,3,1445.6,432.39
2248,3,1447.3,429.36
2249,3,1449.1,426.23
2250,3,1450.8,422.98
2251,3,1452.5,419.63
2252,3,1454.1,416.17
2253,3,1455.8,412.62
2254,3,1457.4,408.97
2255,3,1459,405.23
2256,3,1460.6,401.41
2257,3,1462.1,397.5
2258,3,1463.6,393.51
2259,3,1465.1,389.45
2260,3,1466.5,385.32
2261,3,1467.9,381.12
2262,3,1469.3,376.86
2263,3,1470.7,372.54
2264,3,1472,368.16
2265,3,1473.3,363.73
2266,3,1474.5,359.26
2267,3,1475.7,354.75
2268,3,1476.9,350.19
2269,3,1478.1,345.6
2270,3,1479.2,340.98
2271,3,1480.2,336.33
2272,3,1481.3,331.66
2273,3,1482.3,326.97
2274,3,1483.3,322.26
2275,3,1484.2,317.54
2276,3,1485.1,312.81
2277,3,1486,308.07
2278,3,1486.8,303.33
2279,3,1487.6,298.6
2280,3,1488.4,293.87
2281,3,1489.1,289.14
2282,3,1489.8,284.43
2283,3,1490.5,279.73
2284,3,1491.2,275.05
2285,3,1491.8,270.39
2286,3,1492.4,265.76
2287,3,1492.9,261.15
2288,3,1493.5,256.58
2289,3,1494,252.04
2290,3,1494.4,247.54
2291,3,1494.9,243.08
2292,3,1495.3,238.66
2293,3,1495.7,234.29
2294,3,1496.1,229.97
2295,3,1496.5,225.71
2296,3,1496.8,221.51
2297,3,1497.1,217.36
2298,3,1497.4,213.28
2299,3,1497.7,209.27
2300,3,1498,205.33
2301,3,1498.2,201.46
2302,3,1498.5,197.68
2303,3,1498.7,193.97
2304,3,1498.9,190.34
2305,3,1499.1,186.8
2306,3,1499.2,183.36
2307,3,1499.4,180
2308,3,1499.6,176.74
2309,3,1499.7,173.58
2310,3,1499.8,170.52
2311,3,1500,167.56
2312,3,1500.1,164.72
2313,3,1500.2,161.98
2314,3,1500.3,159.35
2315,3,1500.4,156.83
2316,3,1500.5,154.44
2317,3,1500.6,152.16
2318,3,1500.6,150
2319,3,1500.7,147.96
2320,3,1500.8,146.05
2321,3,1500.8,144.27
2322,3,1500.9,142.61
2323,3,1501,141.08
2324,3,1501,139.69
2325,3,1501.1,138.42
2326,3,1501.2,137.3
2327,3,1501.2,136.3
2328,3,1501.3,135.45
2329,3,1501.4,134.73
2330,3,1501.4,134.16
2331,3,1501.5,133.72
2332,3,1501.6,133.42
2333,3,1501.7,133.27
2334,3,1501.8,133.26
2335,3,1501.9,133.39
2336,3,1502,133.66
2337,3,1502.1,134.08
2338,3,1502.2,134.64
2339,3,1502.3,135.35
2340,3,1502.5,136.2
2341,3,1502.6,137.19
2342,3,1502.8,138.33
2343,3,1502.9,139.61
2344,3,1503.1,141.03
2345,3,1503.3,142.59
2346,3,1503.5,144.3
2347,3,1503.7,146.15
2348,3,1503.9,148.13
2349,3,1504.2,150.26
2350,3,1504.4,152.52
2351,3,1504.7,154.92
2352,3,1504.9,157.45
2353,3,1505.2,160.11
2354,3,1505.5,162.91
2355,3,1505.9,165.83
2356,3,1506.2,168.88
2357,3,1506.6,172.06
2358,3,1506.9,175.35
2359,3,1507.3,178.77
2360,3,1507.7,182.3
2361,3,1508.1,185.94
2362,3,1508.6,189.69
2363,3,1509,193.55
2364,3,1509.5,197.51
2365,3,1510,201.56
2366,3,1510.4,205.71
2367,3,1511,209.95
2368,3,1511.5,214.27
2369,3,1512,218.68
2370,3,1512.6,223.15
2371,3,1513.2,227.69
2372,3,1513.8,232.29
2373,3,1514.4,236.96
2374,3,1515,241.67
2375,3,1515.7,246.42
2376,3,1516.3,251.21
2377,3,1517,256.04
2378,3,1517.7,260.89
2379,3,1518.4,265.75
2380,3,1519.1,270.63
2381,3,1519.8,275.51
2382,3,1520.6,280.4
2383,3,1521.3,285.27
2384,3,1522.1,290.13
2385,3,1522.9,294.96
2386,3,1523.7,299.77
2387,3,1524.5,304.55
2388,3,1525.3,309.29
2389,3,1526.1,313.99
2390,3,1527,318.63
2391,3,1527.8,323.22
2392,3,1528.7,327.75
2393,3,1529.6,332.22
2394,3,1530.5,336.61
2395,3,1531.4,340.93
2396,3,1532.3,345.18
2397,3,1533.2,349.34
2398,3,1534.1,353.41
2399,3,1535.1,357.4
2400,3,1536.1,361.29
2401,3,1537,365.08
2402,3,1538,368.77
2403,3,1539,372.36
2404,3,1540.1,375.84
2405,3,1541.1,379.2
2406,3,1542.1,382.46
2407,3,1543.2,385.6
2408,3,1544.3,388.62
2409,3,1545.4,391.52
2410,3,1546.5,394.29
2411,3,1547.6,396.94
2412,3,1548.7,399.46
2413,3,1549.9,401.86
2414,3,1551.1,404.12
2415,3,1552.2,406.24
2416,3,1553.4,408.23
2417,3,1554.7,410.09
2418,3,1555.9,411.8
2419,3,1557.2,413.38
2420,3,1558.4,414.82
2421,3,1559.7,416.11
2422,3,1561,417.26
2423,3,1562.3,418.27
2424,3,1563.7,419.14
2425,3,1565,419.86
2426,3,1566.4,420.43
2427,3,1567.8,420.86
2428,3,1569.2,421.14
2429,3,1570.6,421.28
2430,3,1572.1,421.27
2431,3,1573.5,421.12
2432,3,1575,420.82
2433,3,1576.5,420.37
2434,3,1578,419.78
2435,3,1579.5,419.05
2436,3,1581,418.17
2437,3,1582.6,417.15
2438,3,1584.2,415.99
2439,3,1585.7,414.69
2440,3,1587.3,413.26
2441,3,1588.9,411.68
2442,3,1590.5,409.97
2443,3,1592.2,408.12
2444,3,1593.8,406.14
2445,3,1595.5,404.03
2446,3,1597.1,401.8
2447,3,1598.8,399.44
2448,3,1600.5,396.95
2449,3,1602.1,394.34
2450,3,1603.8,391.62
2451,3,1605.5,388.78
2452,3,1607.2,385.83
2453,3,1608.9,382.77
2454,3,1610.6,379.61
2455,3,1612.2,376.34
2456,3,1613.9,372.98
2457,3,1615.6,369.52
2458,3,1617.3,365.98
2459,3,1619,362.35
2460,3,1620.6,358.64
2461,3,1622.3,354.85
2462,3,1623.9,351
2463,3,1625.6,347.08
2464,3,1627.2,343.09
2465,3,1628.8,339.06
2466,3,1630.4,334.97
2467,3,1632,330.83
2468,3,1633.5,326.65
2469,3,1635.1,322.44
2470,3,1636.6,318.2
2471,3,1638.1,313.93
2472,3,1639.6,309.65
2473,3,1641.1,305.34
2474,3,1642.5,301.03
2475,3,1643.9,296.71
2476,3,1645.3,292.4
2477,3,1646.7,288.08
2478,3,1648,283.78
2479,3,1649.3,279.48
2480,3,1650.6,275.21
2481,3,1651.9,270.96
2482,3,1653.1,266.73
2483,3,1654.3,262.53
2484,3,1655.5,258.36
2485,3,1656.6,254.23
2486,3,1657.7,250.15
2487,3,1658.8,246.1
2488,3,1659.8,242.1
2489,3,1660.9,238.15
2490,3,1661.8,234.25
2491,3,1662.8,230.4
2492,3,1663.7,226.61
2493,3,1664.6,222.88
2494,3,1665.5,219.21
2495,3,1666.3,215.59
2496,3,1667.1,212.04
2497,3,1667.9,208.56
2498,3,1668.7,205.14
2499,3,1669.4,201.79
2500,3,1670.1,198.5
2501,3,1670.7,195.29
2502,3,1671.4,192.14
2503,3,1672,189.06
2504,3,1672.6,186.05
2505,3,1673.1,183.11
2506,3,1673.7,180.24
2507,3,1674.2,177.44
2508,3,1674.7,174.7
2509,3,1675.1,172.04
2510,3,1675.6,169.45
2511,3,1676,166.92
2512,3,1676.4,164.46
2513,3,1676.7,162.06
2514,3,1677.1,159.74
2515,3,1677.4,157.47
2516,3,1677.7,155.28
2517,3,1678,153.14
2518,3,1678.3,151.07
2519,3,1678.5,149.06
2520,3,1678.7,147.11
2521,3,1678.9,145.22
2522,3,1679.1,143.38
2523,3,1679.3,141.6
2524,3,1679.5,139.88
2525,3,1679.6,138.21
2526,3,1679.8,136.6
2527,3,1679.9,135.04
2528,3,1680,133.53
2529,3,1680.1,132.06
2530,3,1680.2,130.65
2531,3,1680.2,129.28
2532,3,1680.3,127.96
2533,3,1680.3,126.68
2534,3,1680.4,125.44
2535,3,1680.4,124.25
2536,3,1680.4,123.09
2537,3,1680.4,121.98
2538,3,1680.4,120.9
2539,3,1680.4,119.86
2540,3,1680.4,118.86
2541,3,1680.4,117.89
2542,3,1680.3,116.96
2543,3,1680.3,116.06
2544,3,1680.2,115.19
2545,3,1680.2,114.35
2546,3,1680.1,113.54
2547,3,1680.1,112.76
2548,3,1680,112.01
2549,3,1679.9,111.28
2550,3,1679.9,110.58
2551,3,1679.8,109.91
2552,3,1679.7,109.27
2553,3,1679.6,108.65
2554,3,1679.5,108.05
2555,3,1679.4,107.48
2556,3,1679.4,106.93
2557,3,1679.3,106.4
2558,3,1679.2,105.9
2559,3,1679.1,105.42
2560,3,1679,104.96
2561,3,1678.9,104.52
2562,3,1678.8,104.1
2563,3,1678.8,103.71
2564,3,1678.7,103.33
2565,3,1678.6,102.97
2566,3,1678.5,102.64
2567,3,1678.4,102.32
2568,3,1678.4,102.02
2569,3,1678.3,101.74
2570,3,1678.2,101.48
2571,3,1678.2,101.24
2572,3,1678.1,101.01
2573,3,1678,100.81
2574,3,1678,100.61
2575,3,1677.9,100.44
2576,3,1677.9,100.28
2577,3,1677.8,100.13
2578,3,1677.8,100.01
2579,3,1677.8,99.889
2580,3,1677.7,99.787
2581,3,1677.7,99.697
2582,3,1677.7,99.619
2583,3,1677.7,99.552
2584,3,1677.6,99.496
2585,3,1677.6,99.449
2586,3,1677.6,99.412
2587,3,1677.6,99.382
2588,3,1677.6,99.36
