1,4,332,106
2,4,332,106
3,4,332,106
4,4,332,106
5,4,332,106
6,4,332,106
7,4,332,106
8,4,332,106
9,4,332,106
10,4,332,106
11,4,332,106
12,4,332,106
13,4,332,106
14,4,332,106
15,4,332,106
16,4,332,106
17,4,332,106
18,4,332,106
19,4,332,106
20,4,332,106
21,4,332,106
22,4,332,106
23,4,332,106
24,4,332,106
25,4,332,106
26,4,332,106
27,4,332,106
28,4,332,106
29,4,332,106
30,4,332,106
31,4,332,106
32,4,332,106
33,4,332,106
34,4,332,106
35,4,332,106
36,4,332,106
37,4,332,106
38,4,332,106
39,4,332,106
40,4,332,106
41,4,332,106
42,4,332,106
43,4,332,106
44,4,332,106
45,4,332,106
46,4,332,106
47,4,332,106
48,4,332,106
49,4,332,106
50,4,332,106
51,4,332,106
52,4,332,106
53,4,332,106
54,4,332,106
55,4,332,106
56,4,332,106
57,4,332,106
58,4,332,106
59,4,332,106
60,4,332,106
61,4,332,106
62,4,332,106
63,4,332,106
64,4,332,106
65,4,332,106
66,4,332,106
67,4,332,106
68,4,332,106
69,4,332,106
70,4,332,106
71,4,332,106
72,4,332,106
73,4,332,106
74,4,332,106
75,4,332,106
76,4,332,106
77,4,332,106
78,4,332,106
79,4,332,106
80,4,332,106
81,4,332,106
82,4,332,106
83,4,332,106
84,4,332,106
85,4,332,106
86,4,332,106
87,4,332,106
88,4,332,106
89,4,332,106
90,4,332,106
91,4,332,106
92,4,332,106
93,4,332,106
94,4,332,106
95,4,332,106
96,4,332,106
97,4,332,106
98,4,332,106
99,4,332,106
100,4,332,106
101,4,332,106
102,4,332,106
103,4,332,106
104,4,332,106
105,4,332,106
106,4,332,106
107,4,332,106
108,4,332,106
109,4,332,106
110,4,332,106
111,4,332,106
112,4,332,106
113,4,332,106
114,4,332,106
115,4,332,106
116,4,332,106
117,4,332,106
118,4,332,106
119,4,332,106
120,4,332,106
121,4,332,106
122,4,332,106
123,4,332,106
124,4,332,106
125,4,332,106
126,4,332,106
127,4,332,106
128,4,332,106
129,4,332,106
130,4,332,106
131,4,332,106
132,4,332,106
133,4,332,106
134,4,332,106
135,4,332,106
136,4,332,106
137,4,332,106
138,4,332,106
139,4,332,106
140,4,332,106
141,4,332,106
142,4,332,106
143,4,332,106
144,4,332,106
145,4,332,106
146,4,332,106
147,4,332,106
148,4,332,106
149,4,332,106
150,4,332,106
151,4,332,106
152,4,332,106
153,4,332,106
154,4,332,106
155,4,332,106
156,4,332,106
157,4,332,106
158,4,332,106
159,4,332,106
160,4,332,106
161,4,332,106
162,4,332,106
163,4,332,106
164,4,332,106
165,4,332,106
166,4,332,106
167,4,332,106
168,4,332,106
169,4,332,106
170,4,332,106
171,4,332,106
172,4,332,106
173,4,332,106
174,4,332,106
175,4,332,106
176,4,332,106
177,4,332,106
178,4,332,106
179,4,332,106
180,4,332,106
181,4,332,106
182,4,332,106
183,4,332,106
184,4,332,106
185,4,332,106
186,4,332,106
187,4,332,106
188,4,332,106
189,4,332,106
190,4,332,106
191,4,332,106
192,4,332,106
193,4,332,106
194,4,332,106
195,4,332,106
196,4,332,106
197,4,332,106
198,4,332,106
199,4,332,106
200,4,332,106
201,4,332,106
202,4,332,106
203,4,332,106
204,4,332.01,106
205,4,332.01,106
206,4,332.01,106.01
207,4,332.01,106.01
208,4,332.01,106.01
209,4,332.01,106.01
210,4,332.01,106.01
211,4,332.01,106.01
212,4,332.01,106.01
213,4,332.01,106.01
214,4,332.01,106.01
215,4,332.01,106.01
216,4,332.01,106.01
217,4,332.01,106.01
218,4,332.01,106.01
219,4,332.01,106.01
220,4,332.01,106.01
221,4,332.01,106.01
222,4,332.01,106.01
223,4,332.01,106.01
224,4,332.01,106.01
225,4,332.01,106.01
226,4,332.01,106.01
227,4,332.01,106.01
228,4,332.01,106.01
229,4,332.01,106.01
230,4,332.01,106.01
231,4,332.01,106.01
232,4,332.01,106.01
233,4,332.01,106.01
234,4,332.01,106.01
235,4,332.01,106.01
236,4,332.01,106.01
237,4,332.01,106.01
238,4,332.01,106.01
239,4,332.01,106.01
240,4,332.01,106.01
241,4,332.01,106.01
242,4,332.02,106.01
243,4,332.02,106.01
244,4,332.02,106.01
245,4,332.02,106.01
246,4,332.02,106.01
247,4,332.02,106.01
248,4,332.02,106.01
249,4,332.02,106.01
250,4,332.02,106.01
251,4,332.02,106.01
252,4,332.02,106.01
253,4,332.02,106.01
254,4,332.02,106.01
255,4,332.02,106.01
256,4,332.02,106.01
257,4,332.02,106.01
258,4,332.02,106.01
259,4,332.02,106.01
260,4,332.02,106.01
261,4,332.01,106.01
262,4,332.01,106.01
263,4,332.01,106.01
264,4,332.01,106.01
265,4,332.01,106.01
266,4,332.01,106.01
267,4,332.01,106.01
268,4,332.01,106.01
269,4,332.01,106.01
270,4,332.01,106.01
271,4,332.01,106.01
272,4,332.01,106.01
273,4,332.01,106
274,4,332.01,106
275,4,332.01,106
276,4,332.01,106
277,4,332,106
278,4,332,106
279,4,332,106
280,4,332,106
281,4,332,106
282,4,332,105.99
283,4,332,105.99
284,4,331.99,105.99
285,4,331.99,105.99
286,4,331.99,105.99
287,4,331.99,105.99
288,4,331.99,105.98
289,4,331.99,105.98
290,4,331.98,105.98
291,4,331.98,105.98
292,4,331.98,105.98
293,4,331.98,105.97
294,4,331.97,105.97
295,4,331.97,105.97
296,4,331.97,105.97
297,4,331.97,105.96
298,4,331.96,105.96
299,4,331.96,105.96
300,4,331.96,105.95
301,4,331.95,105.95
302,4,331.95,105.95
303,4,331.95,105.95
304,4,331.94,105.94
305,4,331.94,105.94
306,4,331.93,105.94
307,4,331.93,105.93
308,4,331.93,105.93
309,4,331.92,105.92
310,4,331.92,105.92
311,4,331.91,105.92
312,4,331.91,105.91
313,4,331.9,105.91
314,4,331.9,105.9
315,4,331.89,105.9
316,4,331.89,105.9
317,4,331.88,105.89
318,4,331.88,105.89
319,4,331.87,105.88
320,4,331.87,105.88
321,4,331.86,105.87
322,4,331.86,105.87
323,4,331.85,105.86
324,4,331.84,105.86
325,4,331.84,105.85
326,4,331.83,105.85
327,4,331.83,105.84
328,4,331.82,105.84
329,4,331.81,105.83
330,4,331.81,105.83
331,4,331.8,105.82
332,4,331.79,105.81
333,4,331.79,105.81
334,4,331.78,105.8
335,4,331.77,105.8
336,4,331.77,105.79
337,4,331.76,105.79
338,4,331.75,105.78
339,4,331.75,105.78
340,4,331.74,105.77
341,4,331.73,105.77
342,4,331.73,105.76
343,4,331.72,105.76
344,4,331.71,105.75
345,4,331.71,105.75
346,4,331.7,105.74
347,4,331.7,105.74
348,4,331.69,105.73
349,4,331.68,105.73
350,4,331.68,105.72
351,4,331.67,105.72
352,4,331.67,105.72
353,4,331.66,105.71
354,4,331.66,105.71
355,4,331.65,105.71
356,4,331.65,105.71
357,4,331.65,105.7
358,4,331.64,105.7
359,4,331.64,105.7
360,4,331.64,105.7
361,4,331.63,105.7
362,4,331.63,105.7
363,4,331.63,105.7
364,4,331.63,105.7
365,4,331.63,105.7
366,4,331.63,105.7
367,4,331.63,105.7
368,4,331.63,105.71
369,4,331.63,105.71
370,4,331.64,105.72
371,4,331.64,105.72
372,4,331.64,105.73
373,4,331.65,105.73
374,4,331.65,105.74
375,4,331.66,105.75
376,4,331.67,105.76
377,4,331.68,105.77
378,4,331.69,105.78
379,4,331.7,105.79
380,4,331.71,105.8
381,4,331.72,105.82
382,4,331.74,105.83
383,4,331.75,105.85
384,4,331.77,105.86
385,4,331.78,105.88
386,4,331.8,105.9
387,4,331.82,105.92
388,4,331.85,105.94
389,4,331.87,105.97
390,4,331.9,105.99
391,4,331.92,106.02
392,4,331.95,106.05
393,4,331.98,106.08
394,4,332.01,106.11
395,4,332.05,106.14
396,4,332.08,106.17
397,4,332.12,106.21
398,4,332.16,106.25
399,4,332.2,106.29
400,4,332.24,106.33
401,4,332.29,106.37
402,4,332.34,106.42
403,4,332.39,106.46
404,4,332.44,106.51
405,4,332.49,106.56
406,4,332.55,106.61
407,4,332.61,106.67
408,4,332.67,106.72
409,4,332.73,106.78
410,4,332.8,106.84
411,4,332.87,106.91
412,4,332.94,106.97
413,4,333.01,107.04
414,4,333.09,107.11
415,4,333.17,107.18
416,4,333.25,107.25
417,4,333.33,107.33
418,4,333.42,107.41
419,4,333.51,107.49
420,4,333.6,107.57
421,4,333.7,107.66
422,4,333.8,107.74
423,4,333.9,107.83
424,4,334,107.93
425,4,334.11,108.02
426,4,334.22,108.11
427,4,334.33,108.21
428,4,334.44,108.31
429,4,334.56,108.42
430,4,334.68,108.52
431,4,334.8,108.63
432,4,334.93,108.73
433,4,335.06,108.84
434,4,335.19,108.96
435,4,335.32,109.07
436,4,335.45,109.18
437,4,335.59,109.3
438,4,335.73,109.42
439,4,335.87,109.54
440,4,336.01,109.66
441,4,336.16,109.78
442,4,336.3,109.9
443,4,336.45,110.03
444,4,336.6,110.15
445,4,336.75,110.28
446,4,336.9,110.4
447,4,337.05,110.53
448,4,337.21,110.65
449,4,337.36,110.77
450,4,337.52,110.9
451,4,337.67,111.02
452,4,337.82,111.15
453,4,337.98,111.27
454,4,338.13,111.39
455,4,338.28,111.51
456,4,338.44,111.63
457,4,338.59,111.74
458,4,338.74,111.86
459,4,338.89,111.97
460,4,339.03,112.08
461,4,339.18,112.19
462,4,339.32,112.29
463,4,339.47,112.39
464,4,339.61,112.49
465,4,339.75,112.59
466,4,339.89,112.68
467,4,340.02,112.78
468,4,340.16,112.86
469,4,340.29,112.95
470,4,340.42,113.03
471,4,340.55,113.11
472,4,340.67,113.19
473,4,340.8,113.26
474,4,340.92,113.33
475,4,341.04,113.4
476,4,341.16,113.46
477,4,341.27,113.52
478,4,341.39,113.58
479,4,341.5,113.63
480,4,341.61,113.68
481,4,341.72,113.73
482,4,341.82,113.77
483,4,341.93,113.81
484,4,342.03,113.85
485,4,342.13,113.89
486,4,342.23,113.92
487,4,342.33,113.94
488,4,342.42,113.97
489,4,342.51,113.99
490,4,342.61,114.01
491,4,342.7,114.03
492,4,342.78,114.04
493,4,342.87,114.05
494,4,342.96,114.06
495,4,343.04,114.06
496,4,343.12,114.07
497,4,343.2,114.07
498,4,343.28,114.06
499,4,343.36,114.06
500,4,343.44,114.05
501,4,343.51,114.04
502,4,343.59,114.03
503,4,343.66,114.01
504,4,343.73,114
505,4,343.8,113.98
506,4,343.87,113.96
507,4,343.94,113.93
508,4,344.01,113.91
509,4,344.08,113.88
510,4,344.14,113.85
511,4,344.21,113.82
512,4,344.27,113.79
513,4,344.34,113.76
514,4,344.4,113.72
515,4,344.46,113.69
516,4,344.52,113.65
517,4,344.59,113.62
518,4,344.65,113.58
519,4,344.7,113.54
520,4,344.76,113.5
521,4,344.82,113.46
522,4,344.88,113.42
523,4,344.93,113.38
524,4,344.99,113.33
525,4,345.04,113.29
526,4,345.09,113.25
527,4,345.15,113.21
528,4,345.2,113.17
529,4,345.25,113.13
530,4,345.3,113.09
531,4,345.35,113.05
532,4,345.4,113.02
533,4,345.44,112.98
534,4,345.49,112.94
535,4,345.54,112.91
536,4,345.58,112.88
537,4,345.63,112.85
538,4,345.67,112.82
539,4,345.71,112.8
540,4,345.75,112.78
541,4,345.8,112.76
542,4,345.84,112.74
543,4,345.88,112.73
544,4,345.91,112.72
545,4,345.95,112.72
546,4,345.99,112.71
547,4,346.03,112.72
548,4,346.07,112.73
549,4,346.1,112.74
550,4,346.14,112.76
551,4,346.17,112.78
552,4,346.21,112.82
553,4,346.25,112.85
554,4,346.28,112.9
555,4,346.32,112.95
556,4,346.35,113.01
557,4,346.39,113.07
558,4,346.42,113.15
559,4,346.46,113.23
560,4,346.5,113.32
561,4,346.53,113.42
562,4,346.57,113.53
563,4,346.61,113.65
564,4,346.64,113.78
565,4,346.68,113.93
566,4,346.72,114.08
567,4,346.76,114.24
568,4,346.8,114.42
569,4,346.84,114.61
570,4,346.89,114.81
571,4,346.93,115.03
572,4,346.98,115.26
573,4,347.02,115.5
574,4,347.07,115.76
575,4,347.12,116.04
576,4,347.17,116.33
577,4,347.22,116.63
578,4,347.27,116.96
579,4,347.33,117.3
580,4,347.39,117.66
581,4,347.45,118.03
582,4,347.51,118.42
583,4,347.57,118.84
584,4,347.64,119.27
585,4,347.7,119.72
586,4,347.77,120.19
587,4,347.85,120.69
588,4,347.92,121.2
589,4,348,121.74
590,4,348.08,122.29
591,4,348.17,122.87
592,4,348.26,123.48
593,4,348.35,124.1
594,4,348.44,124.75
595,4,348.54,125.43
596,4,348.64,126.13
597,4,348.75,126.85
598,4,348.85,127.6
599,4,348.97,128.37
600,4,349.09,129.17
601,4,349.21,130
602,4,349.34,130.85
603,4,349.47,131.73
604,4,349.6,132.64
605,4,349.74,133.57
606,4,349.89,134.53
607,4,350.04,135.52
608,4,350.2,136.54
609,4,350.36,137.58
610,4,350.53,138.65
611,4,350.7,139.75
612,4,350.88,140.88
613,4,351.07,142.03
614,4,351.26,143.22
615,4,351.46,144.43
616,4,351.66,145.67
617,4,351.87,146.93
618,4,352.09,148.22
619,4,352.32,149.54
620,4,352.55,150.89
621,4,352.79,152.26
622,4,353.04,153.66
623,4,353.29,155.08
624,4,353.55,156.52
625,4,353.82,157.99
626,4,354.1,159.48
627,4,354.38,161
628,4,354.67,162.53
629,4,354.97,164.09
630,4,355.28,165.67
631,4,355.6,167.26
632,4,355.92,168.88
633,4,356.25,170.51
634,4,356.59,172.16
635,4,356.93,173.83
636,4,357.29,175.51
637,4,357.65,177.2
638,4,358.02,178.91
639,4,358.4,180.63
640,4,358.78,182.36
641,4,359.17,184.11
642,4,359.57,185.86
643,4,359.98,187.62
644,4,360.4,189.39
645,4,360.82,191.16
646,4,361.25,192.94
647,4,361.68,194.72
648,4,362.12,196.51
649,4,362.57,198.29
650,4,363.02,200.08
651,4,363.48,201.87
652,4,363.95,203.66
653,4,364.42,205.45
654,4,364.9,207.23
655,4,365.38,209.01
656,4,365.86,210.79
657,4,366.35,212.56
658,4,366.85,214.32
659,4,367.35,216.08
660,4,367.85,217.83
661,4,368.36,219.57
662,4,368.87,221.3
663,4,369.38,223.03
664,4,369.89,224.74
665,4,370.41,226.44
666,4,370.93,228.13
667,4,371.46,229.8
668,4,371.98,231.47
669,4,372.51,233.12
670,4,373.04,234.75
671,4,373.57,236.38
672,4,374.11,237.98
673,4,374.64,239.58
674,4,375.18,241.16
675,4,375.71,242.72
676,4,376.25,244.27
677,4,376.79,245.8
678,4,377.33,247.31
679,4,377.87,248.81
680,4,378.42,250.29
681,4,378.96,251.75
682,4,379.5,253.2
683,4,380.05,254.63
684,4,380.6,256.05
685,4,381.14,257.44
686,4,381.69,258.83
687,4,382.24,260.19
688,4,382.79,261.54
689,4,383.35,262.87
690,4,383.9,264.18
691,4,384.46,265.47
692,4,385.01,266.75
693,4,385.57,268.02
694,4,386.13,269.26
695,4,386.7,270.49
696,4,387.26,271.71
697,4,387.83,272.91
698,4,388.4,274.09
699,4,388.97,275.26
700,4,389.54,276.41
701,4,390.12,277.54
702,4,390.7,278.66
703,4,391.28,279.77
704,4,391.86,280.85
705,4,392.45,281.93
706,4,393.04,282.98
707,4,393.64,284.03
708,4,394.23,285.05
709,4,394.84,286.07
710,4,395.44,287.06
711,4,396.05,288.04
712,4,396.66,289.01
713,4,397.28,289.96
714,4,397.9,290.89
715,4,398.52,291.81
716,4,399.15,292.71
717,4,399.78,293.6
718,4,400.41,294.47
719,4,401.05,295.32
720,4,401.7,296.16
721,4,402.34,296.98
722,4,402.99,297.78
723,4,403.65,298.56
724,4,404.31,299.33
725,4,404.97,300.08
726,4,405.64,300.81
727,4,406.31,301.52
728,4,406.98,302.22
729,4,407.66,302.89
730,4,408.34,303.55
731,4,409.02,304.18
732,4,409.71,304.8
733,4,410.4,305.39
734,4,411.09,305.96
735,4,411.78,306.51
736,4,412.48,307.04
737,4,413.18,307.54
738,4,413.89,308.03
739,4,414.59,308.48
740,4,415.3,308.92
741,4,416.01,309.33
742,4,416.72,309.71
743,4,417.44,310.07
744,4,418.15,310.4
745,4,418.87,310.7
746,4,419.59,310.98
747,4,420.31,311.23
748,4,421.03,311.45
749,4,421.75,311.64
750,4,422.48,311.8
751,4,423.2,311.93
752,4,423.93,312.03
753,4,424.65,312.09
754,4,425.38,312.13
755,4,426.1,312.13
756,4,426.83,312.09
757,4,427.56,312.03
758,4,428.28,311.92
759,4,429.01,311.79
760,4,429.74,311.61
761,4,430.46,311.4
762,4,431.19,311.15
763,4,431.92,310.86
764,4,432.64,310.53
765,4,433.37,310.17
766,4,434.09,309.76
767,4,434.82,309.31
768,4,435.54,308.83
769,4,436.27,308.3
770,4,436.99,307.72
771,4,437.71,307.11
772,4,438.43,306.45
773,4,439.15,305.75
774,4,439.87,305
775,4,440.59,304.22
776,4,441.31,303.38
777,4,442.02,302.5
778,4,442.74,301.58
779,4,443.45,300.61
780,4,444.16,299.59
781,4,444.87,298.53
782,4,445.58,297.43
783,4,446.28,296.28
784,4,446.99,295.08
785,4,447.69,293.84
786,4,448.39,292.55
787,4,449.08,291.21
788,4,449.78,289.84
789,4,450.47,288.41
790,4,451.16,286.95
791,4,451.84,285.43
792,4,452.52,283.88
793,4,453.2,282.28
794,4,453.87,280.65
795,4,454.54,278.97
796,4,455.21,277.25
797,4,455.87,275.49
798,4,456.52,273.69
799,4,457.17,271.85
800,4,457.82,269.98
801,4,458.45,268.07
802,4,459.09,266.12
803,4,459.71,264.14
804,4,460.33,262.13
805,4,460.95,260.09
806,4,461.55,258.02
807,4,462.15,255.91
808,4,462.75,253.78
809,4,463.33,251.62
810,4,463.91,249.44
811,4,464.48,247.23
812,4,465.04,245
813,4,465.59,242.75
814,4,466.14,240.48
815,4,466.67,238.19
816,4,467.2,235.88
817,4,467.72,233.56
818,4,468.23,231.22
819,4,468.73,228.87
820,4,469.22,226.5
821,4,469.7,224.13
822,4,470.17,221.75
823,4,470.63,219.36
824,4,471.08,216.96
825,4,471.53,214.56
826,4,471.96,212.16
827,4,472.38,209.75
828,4,472.8,207.34
829,4,473.2,204.94
830,4,473.59,202.53
831,4,473.98,200.13
832,4,474.35,197.74
833,4,474.72,195.35
834,4,475.07,192.97
835,4,475.41,190.59
836,4,475.75,188.23
837,4,476.08,185.87
838,4,476.39,183.53
839,4,476.7,181.2
840,4,477,178.88
841,4,477.29,176.58
842,4,477.57,174.29
843,4,477.84,172.02
844,4,478.1,169.77
845,4,478.35,167.53
846,4,478.6,165.32
847,4,478.83,163.12
848,4,479.06,160.95
849,4,479.28,158.8
850,4,479.49,156.68
851,4,479.69,154.57
852,4,479.89,152.5
853,4,480.08,150.45
854,4,480.26,148.42
855,4,480.43,146.43
856,4,480.59,144.46
857,4,480.75,142.52
858,4,480.9,140.62
859,4,481.05,138.74
860,4,481.18,136.9
861,4,481.31,135.08
862,4,481.43,133.31
863,4,481.55,131.56
864,4,481.66,129.85
865,4,481.76,128.18
866,4,481.86,126.54
867,4,481.95,124.94
868,4,482.04,123.37
869,4,482.12,121.85
870,4,482.19,120.36
871,4,482.26,118.9
872,4,482.33,117.49
873,4,482.38,116.12
874,4,482.44,114.78
875,4,482.49,113.49
876,4,482.53,112.23
877,4,482.57,111.02
878,4,482.6,109.84
879,4,482.63,108.7
880,4,482.66,107.61
881,4,482.68,106.55
882,4,482.7,105.54
883,4,482.71,104.56
884,4,482.72,103.63
885,4,482.73,102.73
886,4,482.73,101.88
887,4,482.73,101.06
888,4,482.73,100.29
889,4,482.72,99.554
890,4,482.71,98.861
891,4,482.7,98.209
892,4,482.69,97.596
893,4,482.67,97.025
894,4,482.65,96.494
895,4,482.63,96.003
896,4,482.6,95.553
897,4,482.58,95.144
898,4,482.55,94.775
899,4,482.52,94.447
900,4,482.49,94.161
901,4,482.46,93.915
902,4,482.42,93.711
903,4,482.39,93.548
904,4,482.35,93.427
905,4,482.32,93.347
906,4,482.28,93.31
907,4,482.24,93.314
908,4,482.21,93.362
909,4,482.17,93.452
910,4,482.13,93.585
911,4,482.09,93.761
912,4,482.06,93.981
913,4,482.02,94.245
914,4,481.99,94.554
915,4,481.95,94.907
916,4,481.92,95.305
917,4,481.88,95.749
918,4,481.85,96.239
919,4,481.82,96.775
920,4,481.8,97.358
921,4,481.77,97.988
922,4,481.75,98.666
923,4,481.73,99.392
924,4,481.71,100.17
925,4,481.69,100.99
926,4,481.68,101.86
927,4,481.67,102.79
928,4,481.66,103.76
929,4,481.66,104.79
930,4,481.66,105.86
931,4,481.66,106.99
932,4,481.67,108.17
933,4,481.69,109.41
934,4,481.7,110.69
935,4,481.73,112.04
936,4,481.75,113.43
937,4,481.79,114.88
938,4,481.83,116.38
939,4,481.87,117.94
940,4,481.92,119.55
941,4,481.98,121.22
942,4,482.04,122.95
943,4,482.11,124.73
944,4,482.19,126.56
945,4,482.28,128.46
946,4,482.37,130.4
947,4,482.47,132.41
948,4,482.58,134.46
949,4,482.7,136.58
950,4,482.82,138.74
951,4,482.96,140.97
952,4,483.1,143.24
953,4,483.26,145.57
954,4,483.42,147.95
955,4,483.59,150.38
956,4,483.78,152.87
957,4,483.97,155.4
958,4,484.17,157.98
959,4,484.39,160.61
960,4,484.62,163.29
961,4,484.86,166.01
962,4,485.11,168.77
963,4,485.37,171.57
964,4,485.64,174.42
965,4,485.93,177.3
966,4,486.23,180.22
967,4,486.54,183.17
968,4,486.87,186.16
969,4,487.21,189.17
970,4,487.56,192.22
971,4,487.92,195.29
972,4,488.3,198.38
973,4,488.7,201.49
974,4,489.1,204.63
975,4,489.52,207.78
976,4,489.96,210.94
977,4,490.4,214.12
978,4,490.87,217.3
979,4,491.34,220.49
980,4,491.83,223.68
981,4,492.33,226.88
982,4,492.85,230.07
983,4,493.38,233.26
984,4,493.93,236.44
985,4,494.48,239.6
986,4,495.06,242.76
987,4,495.64,245.9
988,4,496.24,249.02
989,4,496.85,252.12
990,4,497.47,255.2
991,4,498.11,258.25
992,4,498.76,261.27
993,4,499.42,264.26
994,4,500.09,267.21
995,4,500.78,270.13
996,4,501.48,273.02
997,4,502.19,275.86
998,4,502.91,278.66
999,4,503.64,281.42
1000,4,504.38,284.13
1001,4,505.14,286.8
1002,4,505.91,289.42
1003,4,506.69,291.99
1004,4,507.48,294.51
1005,4,508.28,296.97
1006,4,509.09,299.38
1007,4,509.91,301.74
1008,4,510.75,304.04
1009,4,511.59,306.28
1010,4,512.45,308.47
1011,4,513.32,310.6
1012,4,514.2,312.67
1013,4,515.09,314.67
1014,4,515.99,316.62
1015,4,516.91,318.51
1016,4,517.83,320.33
1017,4,518.76,322.09
1018,4,519.71,323.79
1019,4,520.67,325.43
1020,4,521.63,327
1021,4,522.61,328.51
1022,4,523.6,329.95
1023,4,524.6,331.33
1024,4,525.61,332.64
1025,4,526.63,333.89
1026,4,527.66,335.07
1027,4,528.71,336.19
1028,4,529.76,337.24
1029,4,530.82,338.22
1030,4,531.89,339.14
1031,4,532.97,339.99
1032,4,534.06,340.78
1033,4,535.16,341.5
1034,4,536.27,342.15
1035,4,537.39,342.74
1036,4,538.52,343.26
1037,4,539.66,343.71
1038,4,540.81,344.1
1039,4,541.96,344.42
1040,4,543.13,344.67
1041,4,544.3,344.86
1042,4,545.48,344.98
1043,4,546.67,345.03
1044,4,547.86,345.02
1045,4,549.07,344.94
1046,4,550.28,344.79
1047,4,551.49,344.58
1048,4,552.72,344.31
1049,4,553.95,343.96
1050,4,555.18,343.55
1051,4,556.42,343.08
1052,4,557.67,342.54
1053,4,558.92,341.93
1054,4,560.17,341.26
1055,4,561.43,340.53
1056,4,562.7,339.73
1057,4,563.96,338.86
1058,4,565.23,337.93
1059,4,566.5,336.94
1060,4,567.77,335.88
1061,4,569.05,334.76
1062,4,570.32,333.57
1063,4,571.6,332.32
1064,4,572.87,331.01
1065,4,574.15,329.64
1066,4,575.42,328.2
1067,4,576.7,326.7
1068,4,577.97,325.14
1069,4,579.24,323.52
1070,4,580.5,321.84
1071,4,581.77,320.1
1072,4,583.03,318.3
1073,4,584.28,316.44
1074,4,585.54,314.52
1075,4,586.78,312.55
1076,4,588.02,310.51
1077,4,589.26,308.42
1078,4,590.49,306.28
1079,4,591.71,304.08
1080,4,592.93,301.82
1081,4,594.14,299.52
1082,4,595.34,297.16
1083,4,596.54,294.74
1084,4,597.72,292.28
1085,4,598.9,289.77
1086,4,600.07,287.21
1087,4,601.23,284.6
1088,4,602.37,281.95
1089,4,603.51,279.25
1090,4,604.64,276.51
1091,4,605.75,273.72
1092,4,606.86,270.9
1093,4,607.95,268.03
1094,4,609.03,265.13
1095,4,610.09,262.19
1096,4,611.15,259.21
1097,4,612.19,256.2
1098,4,613.22,253.16
1099,4,614.23,250.08
1100,4,615.23,246.98
1101,4,616.22,243.85
1102,4,617.19,240.69
1103,4,618.14,237.51
1104,4,619.08,234.31
1105,4,620.01,231.09
1106,4,620.92,227.85
1107,4,621.81,224.59
1108,4,622.69,221.32
1109,4,623.56,218.03
1110,4,624.4,214.74
1111,4,625.23,211.43
1112,4,626.05,208.12
1113,4,626.85,204.81
1114,4,627.63,201.49
1115,4,628.4,198.17
1116,4,629.15,194.85
1117,4,629.88,191.54
1118,4,630.6,188.23
1119,4,631.3,184.93
1120,4,631.98,181.65
1121,4,632.65,178.37
1122,4,633.3,175.11
1123,4,633.94,171.87
1124,4,634.56,168.64
1125,4,635.17,165.44
1126,4,635.75,162.26
1127,4,636.33,159.11
1128,4,636.88,155.98
1129,4,637.43,152.89
1130,4,637.95,149.83
1131,4,638.47,146.8
1132,4,638.96,143.8
1133,4,639.44,140.85
1134,4,639.91,137.93
1135,4,640.37,135.06
1136,4,640.81,132.23
1137,4,641.23,129.44
1138,4,641.64,126.71
1139,4,642.04,124.02
1140,4,642.43,121.38
1141,4,642.8,118.8
1142,4,643.16,116.27
1143,4,643.5,113.8
1144,4,643.84,111.39
1145,4,644.16,109.03
1146,4,644.47,106.74
1147,4,644.77,104.51
1148,4,645.06,102.34
1149,4,645.34,100.24
1150,4,645.61,98.212
1151,4,645.87,96.249
1152,4,646.12,94.358
1153,4,646.37,92.538
1154,4,646.6,90.792
1155,4,646.82,89.12
1156,4,647.04,87.525
1157,4,647.25,86.007
1158,4,647.46,84.568
1159,4,647.66,83.208
1160,4,647.85,81.93
1161,4,648.03,80.733
1162,4,648.22,79.619
1163,4,648.39,78.59
1164,4,648.57,77.645
1165,4,648.74,76.785
1166,4,648.9,76.013
1167,4,649.07,75.327
1168,4,649.23,74.73
1169,4,649.4,74.221
1170,4,649.56,73.801
1171,4,649.72,73.471
1172,4,649.88,73.231
1173,4,650.04,73.082
1174,4,650.2,73.023
1175,4,650.37,73.056
1176,4,650.54,73.181
1177,4,650.71,73.398
1178,4,650.88,73.707
1179,4,651.06,74.108
1180,4,651.25,74.601
1181,4,651.43,75.187
1182,4,651.63,75.864
1183,4,651.83,76.635
1184,4,652.04,77.497
1185,4,652.25,78.451
1186,4,652.48,79.496
1187,4,652.71,80.633
1188,4,652.95,81.861
1189,4,653.21,83.18
1190,4,653.47,84.588
1191,4,653.74,86.086
1192,4,654.03,87.672
1193,4,654.33,89.346
1194,4,654.64,91.107
1195,4,654.96,92.955
1196,4,655.3,94.887
1197,4,655.65,96.904
1198,4,656.02,99.003
1199,4,656.4,101.18
1200,4,656.8,103.44
1201,4,657.22,105.78
1202,4,657.65,108.2
1203,4,658.1,110.69
1204,4,658.57,113.25
1205,4,659.05,115.89
1206,4,659.56,118.59
1207,4,660.08,121.36
1208,4,660.63,124.2
1209,4,661.19,127.09
1210,4,661.78,130.05
1211,4,662.38,133.06
1212,4,663.01,136.12
1213,4,663.66,139.23
1214,4,664.33,142.39
1215,4,665.02,145.59
1216,4,665.73,148.84
1217,4,666.47,152.12
1218,4,667.22,155.43
1219,4,668,158.77
1220,4,668.81,162.14
1221,4,669.63,165.53
1222,4,670.48,168.94
1223,4,671.36,172.37
1224,4,672.25,175.8
1225,4,673.17,179.25
1226,4,674.11,182.69
1227,4,675.07,186.14
1228,4,676.06,189.58
1229,4,677.07,193.01
1230,4,678.1,196.43
1231,4,679.15,199.83
1232,4,680.22,203.22
1233,4,681.32,206.58
1234,4,682.44,209.91
1235,4,683.58,213.22
1236,4,684.74,216.49
1237,4,685.91,219.72
1238,4,687.11,222.91
1239,4,688.33,226.05
1240,4,689.57,229.15
1241,4,690.83,232.19
1242,4,692.1,235.19
1243,4,693.4,238.12
1244,4,694.71,240.99
1245,4,696.04,243.81
1246,4,697.38,246.55
1247,4,698.74,249.23
1248,4,700.12,251.84
1249,4,701.51,254.37
1250,4,702.91,256.83
1251,4,704.33,259.21
1252,4,705.76,261.51
1253,4,707.21,263.73
1254,4,708.66,265.87
1255,4,710.13,267.92
1256,4,711.61,269.89
1257,4,713.09,271.77
1258,4,714.59,273.56
1259,4,716.09,275.25
1260,4,717.6,276.86
1261,4,719.12,278.37
1262,4,720.64,279.79
1263,4,722.17,281.11
1264,4,723.71,282.33
1265,4,725.25,283.46
1266,4,726.79,284.49
1267,4,728.33,285.43
1268,4,729.88,286.26
1269,4,731.43,287
1270,4,732.98,287.64
1271,4,734.53,288.18
1272,4,736.07,288.62
1273,4,737.62,288.96
1274,4,739.17,289.21
1275,4,740.71,289.35
1276,4,742.25,289.4
1277,4,743.79,289.35
1278,4,745.32,289.2
1279,4,746.85,288.96
1280,4,748.38,288.62
1281,4,749.89,288.19
1282,4,751.4,287.66
1283,4,752.9,287.04
1284,4,754.4,286.32
1285,4,755.88,285.52
1286,4,757.36,284.62
1287,4,758.82,283.64
1288,4,760.27,282.56
1289,4,761.71,281.41
1290,4,763.14,280.16
1291,4,764.56,278.83
1292,4,765.96,277.42
1293,4,767.35,275.93
1294,4,768.72,274.36
1295,4,770.07,272.71
1296,4,771.41,270.99
1297,4,772.73,269.19
1298,4,774.04,267.32
1299,4,775.32,265.38
1300,4,776.59,263.37
1301,4,777.84,261.29
1302,4,779.06,259.15
1303,4,780.27,256.94
1304,4,781.46,254.67
1305,4,782.62,252.34
1306,4,783.77,249.96
1307,4,784.89,247.52
1308,4,785.99,245.03
1309,4,787.07,242.49
1310,4,788.12,239.9
1311,4,789.15,237.26
1312,4,790.16,234.58
1313,4,791.15,231.86
1314,4,792.11,229.1
1315,4,793.05,226.31
1316,4,793.97,223.48
1317,4,794.86,220.62
1318,4,795.73,217.74
1319,4,796.57,214.83
1320,4,797.39,211.9
1321,4,798.18,208.95
1322,4,798.96,205.98
1323,4,799.7,203
1324,4,800.43,200.01
1325,4,801.13,197.02
1326,4,801.8,194.02
1327,4,802.46,191.02
1328,4,803.09,188.02
1329,4,803.69,185.03
1330,4,804.28,182.05
1331,4,804.84,179.08
1332,4,805.38,176.13
1333,4,805.89,173.19
1334,4,806.38,170.28
1335,4,806.85,167.4
1336,4,807.3,164.54
1337,4,807.73,161.71
1338,4,808.14,158.92
1339,4,808.53,156.17
1340,4,808.9,153.45
1341,4,809.24,150.78
1342,4,809.57,148.16
1343,4,809.88,145.58
1344,4,810.17,143.06
1345,4,810.45,140.59
1346,4,810.7,138.18
1347,4,810.94,135.83
1348,4,811.17,133.54
1349,4,811.37,131.32
1350,4,811.57,129.16
1351,4,811.74,127.07
1352,4,811.91,125.05
1353,4,812.06,123.11
1354,4,812.2,121.24
1355,4,812.32,119.46
1356,4,812.43,117.75
1357,4,812.54,116.13
1358,4,812.63,114.59
1359,4,812.71,113.14
1360,4,812.78,111.78
1361,4,812.85,110.51
1362,4,812.91,109.33
1363,4,812.96,108.25
1364,4,813,107.27
1365,4,813.03,106.38
1366,4,813.06,105.6
1367,4,813.09,104.92
1368,4,813.11,104.34
1369,4,813.13,103.86
1370,4,813.15,103.5
1371,4,813.16,103.24
1372,4,813.17,103.09
1373,4,813.18,103.05
1374,4,813.19,103.12
1375,4,813.2,103.3
1376,4,813.21,103.59
1377,4,813.23,104
1378,4,813.24,104.53
1379,4,813.26,105.17
1380,4,813.28,105.92
1381,4,813.3,106.79
1382,4,813.33,107.78
1383,4,813.37,108.89
1384,4,813.4,110.11
1385,4,813.45,111.44
1386,4,813.5,112.9
1387,4,813.56,114.47
1388,4,813.63,116.16
1389,4,813.71,117.96
1390,4,813.79,119.88
1391,4,813.88,121.91
1392,4,813.99,124.06
1393,4,814.1,126.32
1394,4,814.23,128.69
1395,4,814.36,131.18
1396,4,814.51,133.77
1397,4,814.67,136.47
1398,4,814.85,139.28
1399,4,815.04,142.19
1400,4,815.24,145.21
1401,4,815.45,148.32
1402,4,815.68,151.53
1403,4,815.93,154.84
1404,4,816.19,158.24
1405,4,816.47,161.73
1406,4,816.76,165.31
1407,4,817.07,168.97
1408,4,817.4,172.71
1409,4,817.75,176.53
1410,4,818.11,180.41
1411,4,818.49,184.36
1412,4,818.89,188.38
1413,4,819.31,192.45
1414,4,819.75,196.58
1415,4,820.21,200.75
1416,4,820.68,204.97
1417,4,821.18,209.22
1418,4,821.7,213.5
1419,4,822.23,217.81
1420,4,822.79,222.13
1421,4,823.37,226.47
1422,4,823.97,230.82
1423,4,824.59,235.16
1424,4,825.24,239.5
1425,4,825.9,243.82
1426,4,826.59,248.13
1427,4,827.3,252.41
1428,4,828.04,256.66
1429,4,828.8,260.87
1430,4,829.58,265.04
1431,4,830.38,269.15
1432,4,831.21,273.21
1433,4,832.07,277.2
1434,4,832.95,281.12
1435,4,833.85,284.97
1436,4,834.78,288.74
1437,4,835.73,292.42
1438,4,836.71,296.01
1439,4,837.72,299.5
1440,4,838.75,302.88
1441,4,839.81,306.16
1442,4,840.9,309.33
1443,4,842.01,312.38
1444,4,843.15,315.31
1445,4,844.31,318.11
1446,4,845.5,320.79
1447,4,846.72,323.34
1448,4,847.97,325.75
1449,4,849.24,328.02
1450,4,850.54,330.16
1451,4,851.87,332.15
1452,4,853.23,334
1453,4,854.61,335.7
1454,4,856.02,337.25
1455,4,857.45,338.65
1456,4,858.92,339.9
1457,4,860.4,340.99
1458,4,861.92,341.94
1459,4,863.46,342.73
1460,4,865.03,343.36
1461,4,866.62,343.84
1462,4,868.23,344.16
1463,4,869.87,344.33
1464,4,871.54,344.35
1465,4,873.22,344.21
1466,4,874.93,343.91
1467,4,876.66,343.46
1468,4,878.41,342.86
1469,4,880.18,342.12
1470,4,881.97,341.22
1471,4,883.78,340.17
1472,4,885.6,338.98
1473,4,887.44,337.65
1474,4,889.29,336.17
1475,4,891.16,334.56
1476,4,893.03,332.81
1477,4,894.92,330.93
1478,4,896.82,328.92
1479,4,898.72,326.78
1480,4,900.62,324.52
1481,4,902.54,322.13
1482,4,904.45,319.63
1483,4,906.36,317.02
1484,4,908.28,314.3
1485,4,910.19,311.47
1486,4,912.1,308.54
1487,4,914,305.51
1488,4,915.89,302.39
1489,4,917.78,299.18
1490,4,919.66,295.88
1491,4,921.53,292.51
1492,4,923.38,289.05
1493,4,925.22,285.53
1494,4,927.05,281.94
1495,4,928.86,278.28
1496,4,930.66,274.57
1497,4,932.43,270.81
1498,4,934.19,267
1499,4,935.92,263.14
1500,4,937.63,259.25
1501,4,939.32,255.32
1502,4,940.99,251.37
1503,4,942.63,247.39
1504,4,944.25,243.39
1505,4,945.84,239.38
1506,4,947.41,235.36
1507,4,948.95,231.34
1508,4,950.46,227.32
1509,4,951.94,223.3
1510,4,953.4,219.3
1511,4,954.82,215.31
1512,4,956.22,211.34
1513,4,957.58,207.4
1514,4,958.92,203.49
1515,4,960.22,199.61
1516,4,961.5,195.76
1517,4,962.75,191.96
1518,4,963.96,188.21
1519,4,965.15,184.51
1520,4,966.3,180.86
1521,4,967.43,177.27
1522,4,968.52,173.74
1523,4,969.59,170.28
1524,4,970.62,166.89
1525,4,971.63,163.57
1526,4,972.61,160.32
1527,4,973.56,157.16
1528,4,974.48,154.07
1529,4,975.38,151.08
1530,4,976.25,148.17
1531,4,977.09,145.35
1532,4,977.91,142.62
1533,4,978.71,139.99
1534,4,979.47,137.46
1535,4,980.22,135.03
1536,4,980.94,132.7
1537,4,981.65,130.47
1538,4,982.33,128.35
1539,4,982.99,126.34
1540,4,983.63,124.44
1541,4,984.25,122.65
1542,4,984.85,120.97
1543,4,985.44,119.41
1544,4,986.01,117.96
1545,4,986.57,116.62
1546,4,987.11,115.41
1547,4,987.64,114.31
1548,4,988.16,113.33
1549,4,988.66,112.47
1550,4,989.16,111.73
1551,4,989.64,111.11
1552,4,990.11,110.61
1553,4,990.58,110.23
1554,4,991.04,109.97
1555,4,991.5,109.83
1556,4,991.95,109.82
1557,4,992.39,109.92
1558,4,992.83,110.15
1559,4,993.27,110.49
1560,4,993.71,110.96
1561,4,994.15,111.54
1562,4,994.58,112.24
1563,4,995.02,113.06
1564,4,995.46,114
1565,4,995.91,115.04
1566,4,996.35,116.21
1567,4,996.81,117.48
1568,4,997.26,118.87
1569,4,997.73,120.36
1570,4,998.2,121.96
1571,4,998.67,123.67
1572,4,999.16,125.48
1573,4,999.65,127.39
1574,4,1000.2,129.4
1575,4,1000.7,131.5
1576,4,1001.2,133.7
1577,4,1001.7,135.98
1578,4,1002.3,138.36
1579,4,1002.8,140.82
1580,4,1003.4,143.35
1581,4,1004,145.97
1582,4,1004.6,148.66
1583,4,1005.2,151.41
1584,4,1005.9,154.24
1585,4,1006.5,157.12
1586,4,1007.2,160.05
1587,4,1007.9,163.04
1588,4,1008.6,166.08
1589,4,1009.3,169.16
1590,4,1010,172.27
1591,4,1010.8,175.41
1592,4,1011.5,178.58
1593,4,1012.3,181.77
1594,4,1013.1,184.98
1595,4,1013.9,188.19
1596,4,1014.8,191.41
1597,4,1015.6,194.63
1598,4,1016.5,197.84
1599,4,1017.4,201.04
1600,4,1018.3,204.22
1601,4,1019.2,207.38
1602,4,1020.1,210.51
1603,4,1021.1,213.61
1604,4,1022.1,216.67
1605,4,1023,219.68
1606,4,1024.1,222.65
1607,4,1025.1,225.56
1608,4,1026.1,228.42
1609,4,1027.2,231.22
1610,4,1028.2,233.94
1611,4,1029.3,236.6
1612,4,1030.4,239.18
1613,4,1031.5,241.69
1614,4,1032.6,244.11
1615,4,1033.8,246.44
1616,4,1034.9,248.69
1617,4,1036.1,250.84
1618,4,1037.3,252.9
1619,4,1038.5,254.85
1620,4,1039.7,256.71
1621,4,1040.9,258.46
1622,4,1042.1,260.11
1623,4,1043.3,261.65
1624,4,1044.6,263.08
1625,4,1045.9,264.4
1626,4,1047.1,265.6
1627,4,1048.4,266.69
1628,4,1049.7,267.66
1629,4,1051,268.51
1630,4,1052.3,269.24
1631,4,1053.6,269.86
1632,4,1055,270.35
1633,4,1056.3,270.72
1634,4,1057.7,270.98
1635,4,1059,271.1
1636,4,1060.4,271.11
1637,4,1061.8,271
1638,4,1063.1,270.76
1639,4,1064.5,270.4
1640,4,1065.9,269.92
1641,4,1067.3,269.33
1642,4,1068.7,268.61
1643,4,1070.1,267.77
1644,4,1071.5,266.81
1645,4,1072.9,265.74
1646,4,1074.3,264.56
1647,4,1075.7,263.26
1648,4,1077.2,261.85
1649,4,1078.6,260.33
1650,4,1080,258.7
1651,4,1081.4,256.97
1652,4,1082.8,255.13
1653,4,1084.2,253.2
1654,4,1085.6,251.17
1655,4,1087,249.04
1656,4,1088.4,246.82
1657,4,1089.7,244.52
1658,4,1091.1,242.13
1659,4,1092.5,239.67
1660,4,1093.8,237.13
1661,4,1095.2,234.51
1662,4,1096.5,231.83
1663,4,1097.8,229.09
1664,4,1099.2,226.29
1665,4,1100.5,223.44
1666,4,1101.8,220.54
1667,4,1103,217.6
1668,4,1104.3,214.63
1669,4,1105.6,211.62
1670,4,1106.8,208.58
1671,4,1108,205.52
1672,4,1109.2,202.45
1673,4,1110.4,199.37
1674,4,1111.6,196.29
1675,4,1112.7,193.21
1676,4,1113.9,190.14
1677,4,1115,187.08
1678,4,1116.1,184.04
1679,4,1117.2,181.03
1680,4,1118.2,178.05
1681,4,1119.3,175.11
1682,4,1120.3,172.21
1683,4,1121.3,169.36
1684,4,1122.2,166.57
1685,4,1123.2,163.83
1686,4,1124.1,161.16
1687,4,1125,158.57
1688,4,1125.9,156.05
1689,4,1126.8,153.61
1690,4,1127.6,151.27
1691,4,1128.4,149.01
1692,4,1129.2,146.85
1693,4,1130,144.8
1694,4,1130.8,142.85
1695,4,1131.5,141.02
1696,4,1132.2,139.31
1697,4,1132.9,137.71
1698,4,1133.5,136.24
1699,4,1134.2,134.9
1700,4,1134.8,133.7
1701,4,1135.4,132.63
1702,4,1136,131.7
1703,4,1136.5,130.92
1704,4,1137.1,130.28
1705,4,1137.6,129.79
1706,4,1138.1,129.45
1707,4,1138.6,129.27
1708,4,1139,129.25
1709,4,1139.4,129.39
1710,4,1139.9,129.69
1711,4,1140.3,130.15
1712,4,1140.6,130.77
1713,4,1141,131.57
1714,4,1141.3,132.52
1715,4,1141.7,133.65
1716,4,1142,134.95
1717,4,1142.3,136.42
1718,4,1142.6,138.05
1719,4,1142.9,139.86
1720,4,1143.1,141.84
1721,4,1143.4,143.98
1722,4,1143.6,146.3
1723,4,1143.8,148.78
1724,4,1144,151.43
1725,4,1144.2,154.25
1726,4,1144.4,157.23
1727,4,1144.6,160.38
1728,4,1144.8,163.68
1729,4,1145,167.14
1730,4,1145.1,170.76
1731,4,1145.3,174.53
1732,4,1145.5,178.45
1733,4,1145.6,182.52
1734,4,1145.8,186.73
1735,4,1145.9,191.08
1736,4,1146.1,195.56
1737,4,1146.2,200.17
1738,4,1146.4,204.9
1739,4,1146.5,209.75
1740,4,1146.7,214.71
1741,4,1146.8,219.78
1742,4,1147,224.95
1743,4,1147.2,230.21
1744,4,1147.3,235.56
1745,4,1147.5,240.99
1746,4,1147.7,246.49
1747,4,1147.9,252.05
1748,4,1148.1,257.67
1749,4,1148.4,263.34
1750,4,1148.6,269.05
1751,4,1148.9,274.79
1752,4,1149.1,280.56
1753,4,1149.4,286.35
1754,4,1149.7,292.14
1755,4,1150,297.93
1756,4,1150.4,303.72
1757,4,1150.7,309.48
1758,4,1151.1,315.23
1759,4,1151.5,320.94
1760,4,1152,326.62
1761,4,1152.4,332.24
1762,4,1152.9,337.82
1763,4,1153.5,343.33
1764,4,1154,348.77
1765,4,1154.6,354.14
1766,4,1155.2,359.43
1767,4,1155.8,364.63
1768,4,1156.5,369.75
1769,4,1157.2,374.76
1770,4,1158,379.67
1771,4,1158.7,384.47
1772,4,1159.5,389.16
1773,4,1160.4,393.73
1774,4,1161.3,398.18
1775,4,1162.2,402.51
1776,4,1163.2,406.7
1777,4,1164.2,410.76
1778,4,1165.2,414.69
1779,4,1166.3,418.47
1780,4,1167.4,422.11
1781,4,1168.5,425.61
1782,4,1169.7,428.95
1783,4,1171,432.15
1784,4,1172.2,435.19
1785,4,1173.5,438.07
1786,4,1174.9,440.8
1787,4,1176.3,443.36
1788,4,1177.7,445.77
1789,4,1179.2,448.01
1790,4,1180.7,450.08
1791,4,1182.3,452
1792,4,1183.8,453.74
1793,4,1185.5,455.31
1794,4,1187.1,456.72
1795,4,1188.8,457.96
1796,4,1190.6,459.02
1797,4,1192.4,459.92
1798,4,1194.2,460.64
1799,4,1196,461.19
1800,4,1197.9,461.57
1801,4,1199.8,461.78
1802,4,1201.8,461.81
1803,4,1203.8,461.68
1804,4,1205.8,461.37
1805,4,1207.8,460.9
1806,4,1209.9,460.25
1807,4,1212,459.43
1808,4,1214.2,458.45
1809,4,1216.3,457.3
1810,4,1218.5,455.98
1811,4,1220.7,454.5
1812,4,1223,452.86
1813,4,1225.3,451.05
1814,4,1227.6,449.08
1815,4,1229.9,446.96
1816,4,1232.2,444.68
1817,4,1234.6,442.25
1818,4,1236.9,439.66
1819,4,1239.3,436.93
1820,4,1241.7,434.05
1821,4,1244.1,431.03
1822,4,1246.5,427.87
1823,4,1249,424.57
1824,4,1251.4,421.14
1825,4,1253.8,417.57
1826,4,1256.3,413.88
1827,4,1258.7,410.07
1828,4,1261.2,406.14
1829,4,1263.6,402.09
1830,4,1266,397.94
1831,4,1268.5,393.67
1832,4,1270.9,389.3
1833,4,1273.3,384.84
1834,4,1275.7,380.28
1835,4,1278.1,375.63
1836,4,1280.4,370.9
1837,4,1282.8,366.08
1838,4,1285.1,361.19
1839,4,1287.5,356.24
1840,4,1289.8,351.21
1841,4,1292,346.13
1842,4,1294.3,340.99
1843,4,1296.5,335.81
1844,4,1298.7,330.58
1845,4,1300.8,325.31
1846,4,1303,320.02
1847,4,1305.1,314.69
1848,4,1307.1,309.34
1849,4,1309.2,303.98
1850,4,1311.2,298.61
1851,4,1313.1,293.23
1852,4,1315.1,287.85
1853,4,1317,282.48
1854,4,1318.8,277.12
1855,4,1320.6,271.77
1856,4,1322.4,266.45
1857,4,1324.1,261.15
1858,4,1325.8,255.89
1859,4,1327.4,250.66
1860,4,1329.1,245.47
1861,4,1330.6,240.33
1862,4,1332.1,235.24
1863,4,1333.6,230.2
1864,4,1335.1,225.23
1865,4,1336.5,220.31
1866,4,1337.8,215.47
1867,4,1339.2,210.69
1868,4,1340.4,205.99
1869,4,1341.7,201.38
1870,4,1342.9,196.84
1871,4,1344.1,192.4
1872,4,1345.2,188.04
1873,4,1346.3,183.78
1874,4,1347.4,179.62
1875,4,1348.4,175.57
1876,4,1349.4,171.61
1877,4,1350.3,167.77
1878,4,1351.3,164.05
1879,4,1352.2,160.43
1880,4,1353.1,156.94
1881,4,1353.9,153.57
1882,4,1354.7,150.32
1883,4,1355.5,147.2
1884,4,1356.3,144.21
1885,4,1357,141.35
1886,4,1357.8,138.62
1887,4,1358.5,136.03
1888,4,1359.2,133.58
1889,4,1359.9,131.26
1890,4,1360.5,129.09
1891,4,1361.2,127.05
1892,4,1361.8,125.16
1893,4,1362.4,123.4
1894,4,1363,121.8
1895,4,1363.7,120.33
1896,4,1364.2,119.01
1897,4,1364.8,117.83
1898,4,1365.4,116.8
1899,4,1366,115.9
1900,4,1366.6,115.16
1901,4,1367.2,114.55
1902,4,1367.7,114.09
1903,4,1368.3,113.77
1904,4,1368.9,113.59
1905,4,1369.5,113.55
1906,4,1370.1,113.64
1907,4,1370.6,113.88
1908,4,1371.2,114.25
1909,4,1371.8,114.75
1910,4,1372.4,115.39
1911,4,1373.1,116.16
1912,4,1373.7,117.05
1913,4,1374.3,118.08
1914,4,1375,119.22
1915,4,1375.6,120.49
1916,4,1376.3,121.88
1917,4,1377,123.38
1918,4,1377.7,125
1919,4,1378.4,126.73
1920,4,1379.2,128.56
1921,4,1379.9,130.5
1922,4,1380.7,132.54
1923,4,1381.4,134.68
1924,4,1382.2,136.91
1925,4,1383.1,139.23
1926,4,1383.9,141.63
1927,4,1384.7,144.11
1928,4,1385.6,146.67
1929,4,1386.5,149.3
1930,4,1387.4,151.99
1931,4,1388.3,154.75
1932,4,1389.2,157.56
1933,4,1390.2,160.41
1934,4,1391.2,163.31
1935,4,1392.1,166.25
1936,4,1393.2,169.22
1937,4,1394.2,172.21
1938,4,1395.2,175.22
1939,4,1396.3,178.25
1940,4,1397.3,181.27
1941,4,1398.4,184.3
1942,4,1399.5,187.32
1943,4,1400.6,190.33
1944,4,1401.7,193.32
1945,4,1402.8,196.28
1946,4,1403.9,199.21
1947,4,1405.1,202.1
1948,4,1406.2,204.94
1949,4,1407.4,207.74
1950,4,1408.5,210.48
1951,4,1409.7,213.16
1952,4,1410.9,215.78
1953,4,1412.1,218.32
1954,4,1413.2,220.8
1955,4,1414.4,223.19
1956,4,1415.6,225.51
1957,4,1416.8,227.73
1958,4,1418,229.87
1959,4,1419.2,231.92
1960,4,1420.3,233.87
1961,4,1421.5,235.72
1962,4,1422.7,237.47
1963,4,1423.9,239.12
1964,4,1425.1,240.67
1965,4,1426.2,242.11
1966,4,1427.4,243.45
1967,4,1428.5,244.67
1968,4,1429.7,245.79
1969,4,1430.9,246.8
1970,4,1432,247.69
1971,4,1433.1,248.47
1972,4,1434.3,249.15
1973,4,1435.4,249.71
1974,4,1436.5,250.16
1975,4,1437.6,250.5
1976,4,1438.7,250.74
1977,4,1439.8,250.86
1978,4,1440.9,250.88
1979,4,1441.9,250.79
1980,4,1443,250.59
1981,4,1444,250.3
1982,4,1445.1,249.9
1983,4,1446.1,249.41
1984,4,1447.1,248.81
1985,4,1448.1,248.13
1986,4,1449.1,247.35
1987,4,1450,246.48
1988,4,1451,245.53
1989,4,1451.9,244.49
1990,4,1452.9,243.37
1991,4,1453.8,242.17
1992,4,1454.7,240.9
1993,4,1455.6,239.56
1994,4,1456.5,238.15
1995,4,1457.3,236.68
1996,4,1458.2,235.14
1997,4,1459,233.55
1998,4,1459.8,231.9
1999,4,1460.6,230.21
2000,4,1461.4,228.46
2001,4,1462.2,226.68
2002,4,1462.9,224.85
2003,4,1463.7,222.99
2004,4,1464.4,221.1
2005,4,1465.1,219.18
2006,4,1465.8,217.24
2007,4,1466.5,215.28
2008,4,1467.2,213.3
2009,4,1467.9,211.31
2010,4,1468.5,209.31
2011,4,1469.2,207.3
2012,4,1469.8,205.29
2013,4,1470.4,203.29
2014,4,1471,201.29
2015,4,1471.6,199.3
2016,4,1472.2,197.32
2017,4,1472.8,195.36
2018,4,1473.4,193.42
2019,4,1474,191.5
2020,4,1474.5,189.61
2021,4,1475.1,187.75
2022,4,1475.6,185.92
2023,4,1476.1,184.12
2024,4,1476.7,182.37
2025,4,1477.2,180.65
2026,4,1477.7,178.98
2027,4,1478.3,177.36
2028,4,1478.8,175.79
2029,4,1479.3,174.27
2030,4,1479.8,172.8
2031,4,1480.3,171.39
2032,4,1480.8,170.04
2033,4,1481.3,168.75
2034,4,1481.9,167.52
2035,4,1482.4,166.36
2036,4,1482.9,165.27
2037,4,1483.4,164.24
2038,4,1484,163.29
2039,4,1484.5,162.41
2040,4,1485,161.6
2041,4,1485.6,160.87
2042,4,1486.1,160.21
2043,4,1486.7,159.63
2044,4,1487.3,159.12
2045,4,1487.9,158.7
2046,4,1488.4,158.35
2047,4,1489,158.08
2048,4,1489.7,157.89
2049,4,1490.3,157.79
2050,4,1490.9,157.76
2051,4,1491.6,157.81
2052,4,1492.3,157.94
2053,4,1492.9,158.16
2054,4,1493.6,158.45
2055,4,1494.4,158.82
2056,4,1495.1,159.27
2057,4,1495.9,159.8
2058,4,1496.6,160.41
2059,4,1497.4,161.09
2060,4,1498.3,161.84
2061,4,1499.1,162.68
2062,4,1500,163.58
2063,4,1500.8,164.55
2064,4,1501.7,165.6
2065,4,1502.7,166.71
2066,4,1503.6,167.89
2067,4,1504.6,169.13
2068,4,1505.6,170.43
2069,4,1506.6,171.8
2070,4,1507.7,173.22
2071,4,1508.8,174.69
2072,4,1509.9,176.22
2073,4,1511,177.8
2074,4,1512.2,179.42
2075,4,1513.4,181.08
2076,4,1514.6,182.79
2077,4,1515.8,184.52
2078,4,1517.1,186.29
2079,4,1518.4,188.09
2080,4,1519.7,189.91
2081,4,1521.1,191.76
2082,4,1522.4,193.61
2083,4,1523.8,195.48
2084,4,1525.3,197.35
2085,4,1526.7,199.22
2086,4,1528.2,201.09
2087,4,1529.7,202.95
2088,4,1531.2,204.79
2089,4,1532.7,206.61
2090,4,1534.3,208.41
2091,4,1535.9,210.17
2092,4,1537.5,211.9
2093,4,1539.1,213.59
2094,4,1540.8,215.24
2095,4,1542.4,216.83
2096,4,1544.1,218.36
2097,4,1545.8,219.83
2098,4,1547.5,221.24
2099,4,1549.2,222.58
2100,4,1550.9,223.84
2101,4,1552.7,225.03
2102,4,1554.4,226.13
2103,4,1556.1,227.15
2104,4,1557.9,228.08
2105,4,1559.7,228.92
2106,4,1561.4,229.67
2107,4,1563.2,230.33
2108,4,1565,230.89
2109,4,1566.7,231.35
2110,4,1568.5,231.7
2111,4,1570.3,231.96
2112,4,1572,232.12
2113,4,1573.8,232.18
2114,4,1575.5,232.13
2115,4,1577.3,231.98
2116,4,1579,231.73
2117,4,1580.8,231.38
2118,4,1582.5,230.92
2119,4,1584.2,230.37
2120,4,1585.9,229.72
2121,4,1587.6,228.97
2122,4,1589.3,228.13
2123,4,1591,227.2
2124,4,1592.6,226.18
2125,4,1594.3,225.07
2126,4,1595.9,223.87
2127,4,1597.5,222.6
2128,4,1599.1,221.25
2129,4,1600.6,219.82
2130,4,1602.2,218.32
2131,4,1603.7,216.76
2132,4,1605.2,215.13
2133,4,1606.6,213.45
2134,4,1608,211.71
2135,4,1609.4,209.92
2136,4,1610.8,208.09
2137,4,1612.2,206.21
2138,4,1613.5,204.3
2139,4,1614.8,202.35
2140,4,1616,200.38
2141,4,1617.2,198.38
2142,4,1618.4,196.36
2143,4,1619.6,194.33
2144,4,1620.7,192.29
2145,4,1621.8,190.24
2146,4,1622.8,188.19
2147,4,1623.9,186.15
2148,4,1624.9,184.1
2149,4,1625.8,182.07
2150,4,1626.7,180.06
2151,4,1627.6,178.06
2152,4,1628.5,176.08
2153,4,1629.3,174.13
2154,4,1630.1,172.2
2155,4,1630.8,170.31
2156,4,1631.6,168.45
2157,4,1632.3,166.63
2158,4,1632.9,164.85
2159,4,1633.6,163.11
2160,4,1634.2,161.41
2161,4,1634.8,159.76
2162,4,1635.3,158.16
2163,4,1635.8,156.61
2164,4,1636.3,155.1
2165,4,1636.8,153.66
2166,4,1637.3,152.26
2167,4,1637.7,150.92
2168,4,1638.1,149.63
2169,4,1638.4,148.4
2170,4,1638.8,147.23
2171,4,1639.1,146.11
2172,4,1639.4,145.05
2173,4,1639.7,144.04
2174,4,1640,143.09
2175,4,1640.2,142.2
2176,4,1640.4,141.36
2177,4,1640.6,140.58
2178,4,1640.8,139.85
2179,4,1641,139.18
2180,4,1641.2,138.56
2181,4,1641.3,137.99
2182,4,1641.4,137.46
2183,4,1641.6,136.99
2184,4,1641.7,136.56
2185,4,1641.7,136.18
2186,4,1641.8,135.84
2187,4,1641.9,135.55
2188,4,1642,135.29
2189,4,1642,135.07
2190,4,1642,134.88
2191,4,1642.1,134.72
2192,4,1642.1,134.6
2193,4,1642.1,134.5
2194,4,1642.1,134.42
