1,2,332.01,105.93
2,2,332.01,105.92
3,2,332.01,105.92
4,2,332.01,105.92
5,2,332.01,105.92
6,2,332.01,105.91
7,2,332.01,105.91
8,2,332.01,105.91
9,2,332.01,105.91
10,2,332.01,105.9
11,2,332.01,105.9
12,2,332.01,105.9
13,2,332.01,105.9
14,2,332.01,105.89
15,2,332.01,105.89
16,2,332.01,105.89
17,2,332,105.89
18,2,332,105.88
19,2,332,105.88
20,2,332,105.88
21,2,332,105.88
22,2,332,105.87
23,2,332,105.87
24,2,332,105.87
25,2,332,105.87
26,2,332,105.87
27,2,332,105.86
28,2,332,105.86
29,2,332,105.86
30,2,332,105.86
31,2,332,105.86
32,2,332,105.86
33,2,332,105.86
34,2,332,105.86
35,2,332,105.85
36,2,332,105.85
37,2,332,105.85
38,2,332,105.85
39,2,331.99,105.85
40,2,331.99,105.85
41,2,331.99,105.85
42,2,331.99,105.86
43,2,331.99,105.86
44,2,331.99,105.86
45,2,331.99,105.86
46,2,331.99,105.86
47,2,331.99,105.87
48,2,331.99,105.87
49,2,331.98,105.87
50,2,331.98,105.87
51,2,331.98,105.88
52,2,331.98,105.88
53,2,331.98,105.89
54,2,331.98,105.89
55,2,331.98,105.9
56,2,331.98,105.91
57,2,331.97,105.91
58,2,331.97,105.92
59,2,331.97,105.93
60,2,331.97,105.94
61,2,331.97,105.95
62,2,331.97,105.96
63,2,331.96,105.97
64,2,331.96,105.98
65,2,331.96,105.99
66,2,331.96,106
67,2,331.96,106.01
68,2,331.95,106.03
69,2,331.95,106.04
70,2,331.95,106.06
71,2,331.95,106.07
72,2,331.95,106.09
73,2,331.94,106.11
74,2,331.94,106.13
75,2,331.94,106.14
76,2,331.94,106.16
77,2,331.93,106.19
78,2,331.93,106.21
79,2,331.93,106.23
80,2,331.93,106.25
81,2,331.92,106.28
82,2,331.92,106.3
83,2,331.92,106.33
84,2,331.92,106.36
85,2,331.91,106.39
86,2,331.91,106.42
87,2,331.91,106.45
88,2,331.91,106.48
89,2,331.9,106.51
90,2,331.9,106.55
91,2,331.9,106.58
92,2,331.9,106.62
93,2,331.89,106.66
94,2,331.89,106.69
95,2,331.89,106.73
96,2,331.89,106.77
97,2,331.88,106.81
98,2,331.88,106.86
99,2,331.88,106.9
100,2,331.88,106.95
101,2,331.87,106.99
102,2,331.87,107.04
103,2,331.87,107.09
104,2,331.87,107.14
105,2,331.87,107.19
106,2,331.86,107.24
107,2,331.86,107.29
108,2,331.86,107.34
109,2,331.86,107.39
110,2,331.86,107.45
111,2,331.86,107.5
112,2,331.86,107.56
113,2,331.86,107.62
114,2,331.86,107.67
115,2,331.86,107.73
116,2,331.86,107.79
117,2,331.86,107.85
118,2,331.86,107.91
119,2,331.86,107.97
120,2,331.86,108.03
121,2,331.86,108.09
122,2,331.86,108.15
123,2,331.86,108.21
124,2,331.86,108.27
125,2,331.87,108.34
126,2,331.87,108.4
127,2,331.87,108.46
128,2,331.88,108.52
129,2,331.88,108.58
130,2,331.88,108.65
131,2,331.89,108.71
132,2,331.89,108.77
133,2,331.9,108.83
134,2,331.91,108.9
135,2,331.91,108.96
136,2,331.92,109.02
137,2,331.93,109.08
138,2,331.94,109.15
139,2,331.94,109.21
140,2,331.95,109.27
141,2,331.96,109.34
142,2,331.97,109.4
143,2,331.99,109.47
144,2,332,109.53
145,2,332.01,109.59
146,2,332.02,109.66
147,2,332.04,109.72
148,2,332.05,109.79
149,2,332.07,109.85
150,2,332.09,109.92
151,2,332.1,109.99
152,2,332.12,110.05
153,2,332.14,110.12
154,2,332.16,110.19
155,2,332.18,110.26
156,2,332.2,110.33
157,2,332.22,110.4
158,2,332.25,110.47
159,2,332.27,110.54
160,2,332.3,110.61
161,2,332.32,110.68
162,2,332.35,110.76
163,2,332.38,110.83
164,2,332.41,110.91
165,2,332.44,110.98
166,2,332.47,111.06
167,2,332.5,111.13
168,2,332.53,111.21
169,2,332.57,111.29
170,2,332.6,111.37
171,2,332.64,111.45
172,2,332.68,111.53
173,2,332.72,111.61
174,2,332.75,111.7
175,2,332.8,111.78
176,2,332.84,111.86
177,2,332.88,111.95
178,2,332.92,112.03
179,2,332.97,112.12
180,2,333.01,112.21
181,2,333.06,112.3
182,2,333.11,112.39
183,2,333.16,112.47
184,2,333.21,112.56
185,2,333.26,112.66
186,2,333.31,112.75
187,2,333.36,112.84
188,2,333.42,112.93
189,2,333.47,113.02
190,2,333.53,113.12
191,2,333.58,113.21
192,2,333.64,113.3
193,2,333.69,113.4
194,2,333.75,113.49
195,2,333.81,113.59
196,2,333.87,113.68
197,2,333.93,113.78
198,2,333.99,113.87
199,2,334.05,113.97
200,2,334.11,114.06
201,2,334.17,114.16
202,2,334.23,114.25
203,2,334.29,114.35
204,2,334.35,114.44
205,2,334.41,114.54
206,2,334.47,114.63
207,2,334.53,114.73
208,2,334.59,114.82
209,2,334.65,114.91
210,2,334.71,115.01
211,2,334.77,115.1
212,2,334.83,115.19
213,2,334.88,115.28
214,2,334.94,115.38
215,2,335,115.47
216,2,335.06,115.56
217,2,335.11,115.65
218,2,335.17,115.73
219,2,335.22,115.82
220,2,335.28,115.91
221,2,335.33,116
222,2,335.39,116.08
223,2,335.44,116.17
224,2,335.49,116.25
225,2,335.54,116.34
226,2,335.6,116.42
227,2,335.65,116.5
228,2,335.7,116.58
229,2,335.74,116.66
230,2,335.79,116.74
231,2,335.84,116.82
232,2,335.89,116.9
233,2,335.93,116.97
234,2,335.98,117.05
235,2,336.02,117.12
236,2,336.06,117.2
237,2,336.11,117.27
238,2,336.15,117.34
239,2,336.19,117.41
240,2,336.23,117.48
241,2,336.27,117.54
242,2,336.31,117.61
243,2,336.35,117.67
244,2,336.38,117.74
245,2,336.42,117.8
246,2,336.45,117.86
247,2,336.49,117.92
248,2,336.52,117.97
249,2,336.56,118.03
250,2,336.59,118.08
251,2,336.62,118.13
252,2,336.65,118.18
253,2,336.68,118.23
254,2,336.71,118.28
255,2,336.73,118.32
256,2,336.76,118.36
257,2,336.79,118.4
258,2,336.81,118.44
259,2,336.84,118.48
260,2,336.86,118.52
261,2,336.88,118.55
262,2,336.9,118.58
263,2,336.93,118.61
264,2,336.95,118.64
265,2,336.97,118.66
266,2,336.99,118.69
267,2,337,118.71
268,2,337.02,118.73
269,2,337.04,118.74
270,2,337.05,118.76
271,2,337.07,118.77
272,2,337.09,118.78
273,2,337.1,118.79
274,2,337.11,118.8
275,2,337.13,118.8
276,2,337.14,118.8
277,2,337.15,118.8
278,2,337.16,118.8
279,2,337.17,118.8
280,2,337.18,118.79
281,2,337.19,118.78
282,2,337.2,118.77
283,2,337.21,118.76
284,2,337.22,118.75
285,2,337.22,118.73
286,2,337.23,118.71
287,2,337.24,118.69
288,2,337.24,118.67
289,2,337.25,118.64
290,2,337.25,118.61
291,2,337.26,118.58
292,2,337.26,118.55
293,2,337.26,118.51
294,2,337.27,118.48
295,2,337.27,118.44
296,2,337.27,118.4
297,2,337.27,118.36
298,2,337.27,118.31
299,2,337.27,118.26
300,2,337.27,118.21
301,2,337.27,118.16
302,2,337.27,118.11
303,2,337.27,118.05
304,2,337.26,117.99
305,2,337.26,117.94
306,2,337.26,117.87
307,2,337.25,117.81
308,2,337.25,117.74
309,2,337.24,117.68
310,2,337.24,117.61
311,2,337.23,117.54
312,2,337.22,117.46
313,2,337.22,117.39
314,2,337.21,117.31
315,2,337.2,117.23
316,2,337.19,117.15
317,2,337.18,117.07
318,2,337.17,116.99
319,2,337.16,116.9
320,2,337.14,116.82
321,2,337.13,116.73
322,2,337.12,116.64
323,2,337.1,116.56
324,2,337.09,116.47
325,2,337.07,116.38
326,2,337.05,116.28
327,2,337.04,116.19
328,2,337.02,116.1
329,2,337,116.01
330,2,336.98,115.91
331,2,336.96,115.82
332,2,336.93,115.73
333,2,336.91,115.63
334,2,336.89,115.54
335,2,336.86,115.45
336,2,336.84,115.36
337,2,336.81,115.27
338,2,336.78,115.18
339,2,336.75,115.09
340,2,336.72,115
341,2,336.69,114.92
342,2,336.66,114.83
343,2,336.63,114.75
344,2,336.6,114.67
345,2,336.56,114.6
346,2,336.53,114.53
347,2,336.49,114.46
348,2,336.45,114.39
349,2,336.41,114.33
350,2,336.37,114.27
351,2,336.33,114.22
352,2,336.29,114.17
353,2,336.24,114.13
354,2,336.2,114.09
355,2,336.15,114.06
356,2,336.11,114.04
357,2,336.06,114.02
358,2,336.01,114.01
359,2,335.96,114
360,2,335.91,114.01
361,2,335.86,114.02
362,2,335.8,114.04
363,2,335.75,114.07
364,2,335.69,114.12
365,2,335.64,114.17
366,2,335.58,114.23
367,2,335.52,114.3
368,2,335.46,114.39
369,2,335.4,114.49
370,2,335.34,114.6
371,2,335.28,114.73
372,2,335.22,114.87
373,2,335.16,115.02
374,2,335.1,115.19
375,2,335.03,115.37
376,2,334.97,115.57
377,2,334.91,115.79
378,2,334.84,116.03
379,2,334.78,116.29
380,2,334.71,116.56
381,2,334.65,116.85
382,2,334.58,117.17
383,2,334.52,117.5
384,2,334.46,117.86
385,2,334.39,118.24
386,2,334.33,118.64
387,2,334.27,119.06
388,2,334.21,119.51
389,2,334.15,119.99
390,2,334.09,120.49
391,2,334.03,121.02
392,2,333.98,121.57
393,2,333.92,122.15
394,2,333.87,122.76
395,2,333.82,123.4
396,2,333.77,124.07
397,2,333.72,124.77
398,2,333.68,125.5
399,2,333.64,126.26
400,2,333.6,127.05
401,2,333.57,127.88
402,2,333.54,128.73
403,2,333.51,129.63
404,2,333.49,130.55
405,2,333.47,131.51
406,2,333.45,132.51
407,2,333.44,133.54
408,2,333.44,134.61
409,2,333.44,135.71
410,2,333.45,136.85
411,2,333.46,138.03
412,2,333.48,139.24
413,2,333.51,140.49
414,2,333.54,141.78
415,2,333.58,143.11
416,2,333.63,144.47
417,2,333.68,145.87
418,2,333.75,147.31
419,2,333.82,148.79
420,2,333.9,150.3
421,2,334,151.85
422,2,334.1,153.44
423,2,334.21,155.06
424,2,334.33,156.72
425,2,334.47,158.41
426,2,334.62,160.14
427,2,334.77,161.91
428,2,334.94,163.7
429,2,335.13,165.53
430,2,335.33,167.4
431,2,335.54,169.29
432,2,335.76,171.22
433,2,336,173.17
434,2,336.26,175.16
435,2,336.53,177.17
436,2,336.81,179.21
437,2,337.11,181.27
438,2,337.43,183.36
439,2,337.77,185.48
440,2,338.12,187.62
441,2,338.49,189.77
442,2,338.88,191.95
443,2,339.28,194.15
444,2,339.71,196.37
445,2,340.15,198.6
446,2,340.61,200.84
447,2,341.09,203.11
448,2,341.59,205.38
449,2,342.11,207.66
450,2,342.65,209.96
451,2,343.2,212.26
452,2,343.78,214.57
453,2,344.38,216.89
454,2,345,219.21
455,2,345.63,221.53
456,2,346.29,223.85
457,2,346.97,226.17
458,2,347.66,228.49
459,2,348.38,230.81
460,2,349.12,233.12
461,2,349.87,235.43
462,2,350.65,237.72
463,2,351.44,240.01
464,2,352.26,242.28
465,2,353.09,244.54
466,2,353.94,246.79
467,2,354.81,249.02
468,2,355.7,251.23
469,2,356.61,253.42
470,2,357.53,255.6
471,2,358.48,257.75
472,2,359.43,259.87
473,2,360.41,261.97
474,2,361.41,264.05
475,2,362.42,266.1
476,2,363.44,268.12
477,2,364.49,270.11
478,2,365.55,272.07
479,2,366.62,274
480,2,367.72,275.89
481,2,368.82,277.75
482,2,369.94,279.58
483,2,371.08,281.37
484,2,372.23,283.13
485,2,373.4,284.85
486,2,374.58,286.54
487,2,375.78,288.18
488,2,376.99,289.79
489,2,378.21,291.36
490,2,379.45,292.89
491,2,380.7,294.39
492,2,381.97,295.84
493,2,383.25,297.25
494,2,384.54,298.63
495,2,385.85,299.96
496,2,387.17,301.26
497,2,388.5,302.51
498,2,389.84,303.72
499,2,391.2,304.9
500,2,392.56,306.03
501,2,393.94,307.12
502,2,395.34,308.18
503,2,396.74,309.19
504,2,398.15,310.16
505,2,399.58,311.1
506,2,401.01,311.99
507,2,402.46,312.85
508,2,403.91,313.66
509,2,405.37,314.44
510,2,406.85,315.17
511,2,408.33,315.87
512,2,409.82,316.53
513,2,411.31,317.16
514,2,412.82,317.74
515,2,414.33,318.29
516,2,415.84,318.8
517,2,417.36,319.27
518,2,418.89,319.71
519,2,420.42,320.11
520,2,421.95,320.47
521,2,423.49,320.8
522,2,425.03,321.09
523,2,426.57,321.35
524,2,428.11,321.58
525,2,429.65,321.76
526,2,431.19,321.92
527,2,432.73,322.04
528,2,434.27,322.13
529,2,435.8,322.18
530,2,437.33,322.2
531,2,438.86,322.19
532,2,440.38,322.15
533,2,441.9,322.07
534,2,443.4,321.97
535,2,444.9,321.83
536,2,446.4,321.66
537,2,447.88,321.46
538,2,449.35,321.22
539,2,450.82,320.96
540,2,452.27,320.67
541,2,453.71,320.35
542,2,455.14,320
543,2,456.55,319.62
544,2,457.95,319.21
545,2,459.33,318.77
546,2,460.7,318.31
547,2,462.06,317.81
548,2,463.39,317.29
549,2,464.71,316.74
550,2,466.01,316.17
551,2,467.29,315.56
552,2,468.56,314.93
553,2,469.8,314.28
554,2,471.02,313.59
555,2,472.23,312.89
556,2,473.41,312.15
557,2,474.57,311.39
558,2,475.7,310.61
559,2,476.82,309.8
560,2,477.91,308.97
561,2,478.98,308.11
562,2,480.03,307.23
563,2,481.05,306.32
564,2,482.05,305.4
565,2,483.02,304.44
566,2,483.97,303.47
567,2,484.89,302.47
568,2,485.79,301.46
569,2,486.67,300.42
570,2,487.52,299.35
571,2,488.34,298.27
572,2,489.14,297.17
573,2,489.92,296.04
574,2,490.67,294.89
575,2,491.39,293.73
576,2,492.09,292.54
577,2,492.77,291.33
578,2,493.42,290.11
579,2,494.04,288.86
580,2,494.64,287.6
581,2,495.22,286.31
582,2,495.77,285.01
583,2,496.3,283.69
584,2,496.8,282.35
585,2,497.28,280.99
586,2,497.73,279.62
587,2,498.17,278.22
588,2,498.57,276.81
589,2,498.96,275.39
590,2,499.32,273.94
591,2,499.66,272.48
592,2,499.98,271.01
593,2,500.27,269.51
594,2,500.55,268.01
595,2,500.8,266.48
596,2,501.03,264.94
597,2,501.24,263.39
598,2,501.43,261.83
599,2,501.6,260.25
600,2,501.75,258.65
601,2,501.88,257.04
602,2,501.99,255.43
603,2,502.08,253.79
604,2,502.15,252.15
605,2,502.21,250.49
606,2,502.24,248.83
607,2,502.26,247.15
608,2,502.26,245.46
609,2,502.25,243.76
610,2,502.21,242.06
611,2,502.17,240.34
612,2,502.1,238.62
613,2,502.02,236.89
614,2,501.93,235.15
615,2,501.82,233.4
616,2,501.69,231.65
617,2,501.55,229.89
618,2,501.4,228.13
619,2,501.24,226.36
620,2,501.06,224.58
621,2,500.87,222.81
622,2,500.67,221.02
623,2,500.45,219.24
624,2,500.23,217.45
625,2,499.99,215.66
626,2,499.75,213.87
627,2,499.49,212.08
628,2,499.23,210.29
629,2,498.95,208.5
630,2,498.67,206.7
631,2,498.38,204.91
632,2,498.08,203.13
633,2,497.78,201.34
634,2,497.46,199.56
635,2,497.15,197.77
636,2,496.82,196
637,2,496.49,194.23
638,2,496.16,192.46
639,2,495.82,190.7
640,2,495.48,188.94
641,2,495.13,187.2
642,2,494.78,185.46
643,2,494.43,183.72
644,2,494.07,182
645,2,493.71,180.28
646,2,493.36,178.58
647,2,492.99,176.88
648,2,492.63,175.2
649,2,492.27,173.52
650,2,491.91,171.86
651,2,491.54,170.21
652,2,491.18,168.58
653,2,490.82,166.95
654,2,490.46,165.34
655,2,490.1,163.74
656,2,489.74,162.16
657,2,489.38,160.59
658,2,489.02,159.04
659,2,488.67,157.5
660,2,488.32,155.98
661,2,487.97,154.48
662,2,487.62,152.99
663,2,487.28,151.51
664,2,486.93,150.05
665,2,486.6,148.61
666,2,486.26,147.19
667,2,485.93,145.78
668,2,485.6,144.39
669,2,485.27,143.02
670,2,484.95,141.66
671,2,484.63,140.32
672,2,484.32,139
673,2,484,137.7
674,2,483.7,136.42
675,2,483.39,135.15
676,2,483.09,133.9
677,2,482.8,132.67
678,2,482.51,131.46
679,2,482.22,130.27
680,2,481.94,129.1
681,2,481.66,127.94
682,2,481.39,126.8
683,2,481.12,125.69
684,2,480.85,124.59
685,2,480.59,123.51
686,2,480.33,122.45
687,2,480.08,121.41
688,2,479.83,120.39
689,2,479.58,119.38
690,2,479.34,118.4
691,2,479.11,117.44
692,2,478.87,116.5
693,2,478.65,115.57
694,2,478.42,114.67
695,2,478.2,113.79
696,2,477.98,112.93
697,2,477.77,112.09
698,2,477.56,111.27
699,2,477.36,110.47
700,2,477.16,109.69
701,2,476.96,108.94
702,2,476.77,108.2
703,2,476.58,107.49
704,2,476.39,106.8
705,2,476.21,106.13
706,2,476.03,105.49
707,2,475.86,104.86
708,2,475.69,104.27
709,2,475.52,103.69
710,2,475.36,103.14
711,2,475.2,102.62
712,2,475.05,102.12
713,2,474.9,101.64
714,2,474.76,101.19
715,2,474.61,100.77
716,2,474.48,100.37
717,2,474.35,100.01
718,2,474.22,99.665
719,2,474.1,99.353
720,2,473.98,99.07
721,2,473.87,98.817
722,2,473.76,98.593
723,2,473.66,98.401
724,2,473.56,98.239
725,2,473.47,98.11
726,2,473.38,98.012
727,2,473.3,97.949
728,2,473.23,97.918
729,2,473.16,97.923
730,2,473.1,97.962
731,2,473.05,98.037
732,2,473,98.148
733,2,472.96,98.296
734,2,472.93,98.481
735,2,472.9,98.704
736,2,472.88,98.967
737,2,472.87,99.268
738,2,472.87,99.609
739,2,472.88,99.991
740,2,472.9,100.41
741,2,472.92,100.88
742,2,472.96,101.38
743,2,473,101.93
744,2,473.06,102.53
745,2,473.12,103.16
746,2,473.2,103.84
747,2,473.29,104.57
748,2,473.38,105.34
749,2,473.49,106.15
750,2,473.62,107.01
751,2,473.75,107.92
752,2,473.9,108.87
753,2,474.06,109.88
754,2,474.23,110.92
755,2,474.42,112.02
756,2,474.62,113.17
757,2,474.84,114.36
758,2,475.07,115.6
759,2,475.32,116.89
760,2,475.58,118.22
761,2,475.86,119.61
762,2,476.16,121.05
763,2,476.47,122.53
764,2,476.8,124.06
765,2,477.15,125.64
766,2,477.52,127.26
767,2,477.9,128.94
768,2,478.3,130.66
769,2,478.73,132.43
770,2,479.17,134.24
771,2,479.63,136.1
772,2,480.12,138.01
773,2,480.62,139.95
774,2,481.15,141.95
775,2,481.69,143.98
776,2,482.26,146.06
777,2,482.85,148.18
778,2,483.46,150.34
779,2,484.1,152.54
780,2,484.76,154.78
781,2,485.44,157.06
782,2,486.15,159.37
783,2,486.87,161.72
784,2,487.63,164.1
785,2,488.4,166.52
786,2,489.21,168.97
787,2,490.03,171.45
788,2,490.88,173.96
789,2,491.76,176.49
790,2,492.66,179.06
791,2,493.58,181.65
792,2,494.53,184.26
793,2,495.51,186.9
794,2,496.51,189.55
795,2,497.54,192.23
796,2,498.59,194.92
797,2,499.66,197.63
798,2,500.77,200.36
799,2,501.89,203.1
800,2,503.04,205.85
801,2,504.22,208.61
802,2,505.42,211.37
803,2,506.64,214.15
804,2,507.89,216.92
805,2,509.16,219.7
806,2,510.46,222.48
807,2,511.78,225.25
808,2,513.11,228.02
809,2,514.48,230.79
810,2,515.86,233.55
811,2,517.26,236.29
812,2,518.69,239.03
813,2,520.13,241.75
814,2,521.6,244.46
815,2,523.08,247.14
816,2,524.58,249.81
817,2,526.1,252.45
818,2,527.64,255.07
819,2,529.19,257.67
820,2,530.76,260.23
821,2,532.34,262.77
822,2,533.94,265.28
823,2,535.55,267.75
824,2,537.17,270.19
825,2,538.81,272.59
826,2,540.46,274.96
827,2,542.12,277.28
828,2,543.78,279.57
829,2,545.46,281.81
830,2,547.15,284
831,2,548.84,286.16
832,2,550.54,288.26
833,2,552.24,290.32
834,2,553.95,292.33
835,2,555.65,294.29
836,2,557.37,296.19
837,2,559.08,298.04
838,2,560.79,299.84
839,2,562.5,301.59
840,2,564.21,303.27
841,2,565.91,304.9
842,2,567.61,306.47
843,2,569.31,307.99
844,2,571,309.44
845,2,572.68,310.83
846,2,574.35,312.16
847,2,576.01,313.42
848,2,577.66,314.63
849,2,579.3,315.77
850,2,580.92,316.84
851,2,582.53,317.85
852,2,584.13,318.79
853,2,585.71,319.67
854,2,587.27,320.49
855,2,588.82,321.23
856,2,590.35,321.91
857,2,591.86,322.52
858,2,593.35,323.07
859,2,594.82,323.54
860,2,596.27,323.95
861,2,597.69,324.3
862,2,599.1,324.57
863,2,600.48,324.78
864,2,601.84,324.93
865,2,603.17,325
866,2,604.48,325.01
867,2,605.77,324.95
868,2,607.03,324.83
869,2,608.26,324.64
870,2,609.47,324.39
871,2,610.66,324.07
872,2,611.82,323.69
873,2,612.95,323.25
874,2,614.05,322.74
875,2,615.13,322.17
876,2,616.18,321.54
877,2,617.21,320.85
878,2,618.2,320.1
879,2,619.17,319.29
880,2,620.12,318.42
881,2,621.03,317.5
882,2,621.92,316.52
883,2,622.78,315.48
884,2,623.61,314.4
885,2,624.41,313.25
886,2,625.19,312.06
887,2,625.94,310.82
888,2,626.66,309.52
889,2,627.35,308.18
890,2,628.02,306.79
891,2,628.66,305.35
892,2,629.27,303.88
893,2,629.85,302.35
894,2,630.41,300.79
895,2,630.94,299.18
896,2,631.45,297.54
897,2,631.93,295.85
898,2,632.38,294.14
899,2,632.8,292.38
900,2,633.21,290.6
901,2,633.58,288.78
902,2,633.93,286.93
903,2,634.26,285.05
904,2,634.56,283.15
905,2,634.84,281.22
906,2,635.1,279.26
907,2,635.33,277.28
908,2,635.54,275.28
909,2,635.72,273.27
910,2,635.89,271.23
911,2,636.03,269.17
912,2,636.15,267.1
913,2,636.25,265.02
914,2,636.33,262.93
915,2,636.39,260.82
916,2,636.43,258.7
917,2,636.45,256.58
918,2,636.45,254.45
919,2,636.44,252.31
920,2,636.41,250.17
921,2,636.36,248.03
922,2,636.29,245.88
923,2,636.21,243.74
924,2,636.11,241.6
925,2,636,239.46
926,2,635.88,237.32
927,2,635.74,235.19
928,2,635.59,233.07
929,2,635.42,230.95
930,2,635.24,228.85
931,2,635.06,226.75
932,2,634.86,224.67
933,2,634.65,222.6
934,2,634.43,220.54
935,2,634.2,218.5
936,2,633.97,216.47
937,2,633.72,214.46
938,2,633.47,212.46
939,2,633.21,210.49
940,2,632.95,208.53
941,2,632.68,206.6
942,2,632.4,204.68
943,2,632.12,202.79
944,2,631.84,200.92
945,2,631.55,199.07
946,2,631.26,197.25
947,2,630.96,195.45
948,2,630.66,193.68
949,2,630.36,191.93
950,2,630.06,190.21
951,2,629.76,188.51
952,2,629.45,186.84
953,2,629.15,185.2
954,2,628.84,183.59
955,2,628.54,182
956,2,628.23,180.44
957,2,627.93,178.91
958,2,627.62,177.41
959,2,627.32,175.94
960,2,627.02,174.49
961,2,626.72,173.07
962,2,626.43,171.68
963,2,626.13,170.32
964,2,625.84,168.98
965,2,625.55,167.68
966,2,625.26,166.4
967,2,624.98,165.14
968,2,624.7,163.91
969,2,624.42,162.71
970,2,624.14,161.54
971,2,623.87,160.39
972,2,623.6,159.26
973,2,623.34,158.16
974,2,623.07,157.08
975,2,622.82,156.03
976,2,622.56,154.99
977,2,622.31,153.98
978,2,622.06,153
979,2,621.81,152.03
980,2,621.57,151.08
981,2,621.33,150.15
982,2,621.1,149.24
983,2,620.86,148.35
984,2,620.63,147.47
985,2,620.41,146.61
986,2,620.18,145.77
987,2,619.96,144.94
988,2,619.74,144.13
989,2,619.53,143.33
990,2,619.32,142.54
991,2,619.11,141.77
992,2,618.9,141.01
993,2,618.69,140.25
994,2,618.49,139.51
995,2,618.28,138.78
996,2,618.08,138.06
997,2,617.89,137.35
998,2,617.69,136.64
999,2,617.49,135.95
1000,2,617.3,135.26
1001,2,617.11,134.57
1002,2,616.92,133.89
1003,2,616.73,133.22
1004,2,616.54,132.55
1005,2,616.35,131.88
1006,2,616.16,131.22
1007,2,615.97,130.56
1008,2,615.79,129.9
1009,2,615.6,129.24
1010,2,615.42,128.59
1011,2,615.23,127.94
1012,2,615.05,127.29
1013,2,614.86,126.64
1014,2,614.68,125.99
1015,2,614.49,125.34
1016,2,614.31,124.69
1017,2,614.13,124.03
1018,2,613.94,123.38
1019,2,613.76,122.73
1020,2,613.57,122.08
1021,2,613.39,121.42
1022,2,613.2,120.77
1023,2,613.02,120.12
1024,2,612.84,119.46
1025,2,612.65,118.8
1026,2,612.47,118.15
1027,2,612.28,117.49
1028,2,612.1,116.83
1029,2,611.92,116.17
1030,2,611.74,115.52
1031,2,611.55,114.86
1032,2,611.37,114.2
1033,2,611.19,113.55
1034,2,611.02,112.9
1035,2,610.84,112.25
1036,2,610.66,111.6
1037,2,610.49,110.96
1038,2,610.32,110.32
1039,2,610.15,109.68
1040,2,609.98,109.05
1041,2,609.82,108.43
1042,2,609.66,107.82
1043,2,609.5,107.21
1044,2,609.34,106.61
1045,2,609.19,106.02
1046,2,609.05,105.44
1047,2,608.91,104.87
1048,2,608.77,104.31
1049,2,608.64,103.77
1050,2,608.51,103.23
1051,2,608.4,102.72
1052,2,608.28,102.22
1053,2,608.18,101.73
1054,2,608.08,101.27
1055,2,607.99,100.82
1056,2,607.91,100.39
1057,2,607.83,99.985
1058,2,607.77,99.6
1059,2,607.71,99.239
1060,2,607.67,98.901
1061,2,607.63,98.59
1062,2,607.61,98.304
1063,2,607.6,98.046
1064,2,607.6,97.818
1065,2,607.61,97.619
1066,2,607.64,97.451
1067,2,607.68,97.315
1068,2,607.73,97.213
1069,2,607.8,97.145
1070,2,607.88,97.114
1071,2,607.98,97.118
1072,2,608.09,97.161
1073,2,608.22,97.243
1074,2,608.37,97.365
1075,2,608.54,97.528
1076,2,608.73,97.734
1077,2,608.93,97.983
1078,2,609.15,98.276
1079,2,609.4,98.614
1080,2,609.66,98.998
1081,2,609.95,99.429
1082,2,610.26,99.909
1083,2,610.59,100.44
1084,2,610.94,101.01
1085,2,611.32,101.64
1086,2,611.72,102.32
1087,2,612.15,103.05
1088,2,612.6,103.83
1089,2,613.08,104.67
1090,2,613.58,105.55
1091,2,614.11,106.5
1092,2,614.68,107.49
1093,2,615.26,108.54
1094,2,615.88,109.64
1095,2,616.53,110.8
1096,2,617.21,112.02
1097,2,617.92,113.28
1098,2,618.66,114.61
1099,2,619.43,115.98
1100,2,620.23,117.42
1101,2,621.07,118.9
1102,2,621.94,120.44
1103,2,622.85,122.03
1104,2,623.78,123.68
1105,2,624.76,125.38
1106,2,625.77,127.13
1107,2,626.81,128.93
1108,2,627.89,130.78
1109,2,629,132.67
1110,2,630.16,134.62
1111,2,631.34,136.61
1112,2,632.57,138.65
1113,2,633.83,140.73
1114,2,635.13,142.85
1115,2,636.46,145
1116,2,637.83,147.2
1117,2,639.24,149.44
1118,2,640.69,151.7
1119,2,642.17,154
1120,2,643.68,156.33
1121,2,645.24,158.68
1122,2,646.83,161.06
1123,2,648.45,163.46
1124,2,650.11,165.88
1125,2,651.8,168.31
1126,2,653.53,170.76
1127,2,655.29,173.22
1128,2,657.08,175.69
1129,2,658.9,178.16
1130,2,660.75,180.64
1131,2,662.64,183.12
1132,2,664.55,185.59
1133,2,666.49,188.07
1134,2,668.46,190.53
1135,2,670.45,192.98
1136,2,672.47,195.42
1137,2,674.52,197.85
1138,2,676.59,200.25
1139,2,678.68,202.64
1140,2,680.79,205.01
1141,2,682.93,207.35
1142,2,685.08,209.67
1143,2,687.26,211.96
1144,2,689.45,214.21
1145,2,691.66,216.44
1146,2,693.88,218.63
1147,2,696.12,220.78
1148,2,698.38,222.9
1149,2,700.65,224.98
1150,2,702.93,227.01
1151,2,705.22,229
1152,2,707.52,230.95
1153,2,709.83,232.84
1154,2,712.15,234.69
1155,2,714.47,236.49
1156,2,716.8,238.23
1157,2,719.14,239.93
1158,2,721.47,241.56
1159,2,723.81,243.14
1160,2,726.15,244.66
1161,2,728.49,246.12
1162,2,730.83,247.52
1163,2,733.16,248.86
1164,2,735.49,250.13
1165,2,737.81,251.33
1166,2,740.13,252.48
1167,2,742.44,253.55
1168,2,744.74,254.56
1169,2,747.03,255.49
1170,2,749.31,256.36
1171,2,751.57,257.15
1172,2,753.82,257.88
1173,2,756.06,258.53
1174,2,758.28,259.11
1175,2,760.49,259.62
1176,2,762.67,260.05
1177,2,764.84,260.41
1178,2,766.99,260.7
1179,2,769.12,260.91
1180,2,771.23,261.05
1181,2,773.32,261.11
1182,2,775.38,261.1
1183,2,777.43,261.01
1184,2,779.45,260.85
1185,2,781.45,260.61
1186,2,783.42,260.3
1187,2,785.37,259.91
1188,2,787.3,259.45
1189,2,789.2,258.92
1190,2,791.08,258.31
1191,2,792.93,257.63
1192,2,794.76,256.88
1193,2,796.56,256.06
1194,2,798.33,255.16
1195,2,800.09,254.2
1196,2,801.81,253.17
1197,2,803.51,252.07
1198,2,805.19,250.9
1199,2,806.84,249.66
1200,2,808.46,248.36
1201,2,810.06,247
1202,2,811.63,245.57
1203,2,813.18,244.09
1204,2,814.7,242.54
1205,2,816.2,240.93
1206,2,817.67,239.27
1207,2,819.11,237.55
1208,2,820.53,235.78
1209,2,821.92,233.95
1210,2,823.29,232.07
1211,2,824.63,230.15
1212,2,825.94,228.17
1213,2,827.23,226.15
1214,2,828.49,224.09
1215,2,829.72,221.99
1216,2,830.93,219.84
1217,2,832.11,217.66
1218,2,833.26,215.44
1219,2,834.39,213.18
1220,2,835.5,210.9
1221,2,836.57,208.58
1222,2,837.62,206.23
1223,2,838.64,203.86
1224,2,839.64,201.46
1225,2,840.61,199.04
1226,2,841.55,196.6
1227,2,842.47,194.14
1228,2,843.36,191.66
1229,2,844.22,189.17
1230,2,845.06,186.67
1231,2,845.88,184.15
1232,2,846.66,181.63
1233,2,847.42,179.1
1234,2,848.16,176.56
1235,2,848.87,174.02
1236,2,849.56,171.48
1237,2,850.22,168.94
1238,2,850.86,166.4
1239,2,851.48,163.87
1240,2,852.07,161.35
1241,2,852.63,158.83
1242,2,853.18,156.32
1243,2,853.7,153.83
1244,2,854.2,151.35
1245,2,854.68,148.88
1246,2,855.14,146.43
1247,2,855.57,144.01
1248,2,855.99,141.6
1249,2,856.38,139.22
1250,2,856.76,136.86
1251,2,857.11,134.53
1252,2,857.45,132.22
1253,2,857.77,129.95
1254,2,858.07,127.71
1255,2,858.35,125.5
1256,2,858.62,123.33
1257,2,858.87,121.19
1258,2,859.1,119.09
1259,2,859.32,117.03
1260,2,859.52,115.01
1261,2,859.7,113.04
1262,2,859.88,111.1
1263,2,860.03,109.22
1264,2,860.18,107.37
1265,2,860.31,105.58
1266,2,860.43,103.84
1267,2,860.54,102.14
1268,2,860.63,100.5
1269,2,860.72,98.909
1270,2,860.79,97.372
1271,2,860.85,95.89
1272,2,860.9,94.464
1273,2,860.95,93.094
1274,2,860.98,91.782
1275,2,861.01,90.528
1276,2,861.02,89.333
1277,2,861.03,88.199
1278,2,861.03,87.125
1279,2,861.03,86.114
1280,2,861.01,85.164
1281,2,861,84.278
1282,2,860.97,83.456
1283,2,860.94,82.698
1284,2,860.91,82.005
1285,2,860.87,81.378
1286,2,860.82,80.817
1287,2,860.78,80.323
1288,2,860.72,79.897
1289,2,860.67,79.538
1290,2,860.61,79.247
1291,2,860.56,79.025
1292,2,860.49,78.873
1293,2,860.43,78.79
1294,2,860.37,78.777
1295,2,860.31,78.835
1296,2,860.24,78.963
1297,2,860.18,79.162
1298,2,860.12,79.433
1299,2,860.05,79.775
1300,2,859.99,80.189
1301,2,859.94,80.675
1302,2,859.88,81.234
1303,2,859.83,81.865
1304,2,859.78,82.569
1305,2,859.73,83.345
1306,2,859.69,84.194
1307,2,859.65,85.116
1308,2,859.62,86.111
1309,2,859.59,87.178
1310,2,859.57,88.318
1311,2,859.55,89.53
1312,2,859.54,90.814
1313,2,859.54,92.17
1314,2,859.55,93.597
1315,2,859.56,95.096
1316,2,859.58,96.664
1317,2,859.61,98.303
1318,2,859.66,100.01
1319,2,859.71,101.79
1320,2,859.77,103.63
1321,2,859.85,105.54
1322,2,859.93,107.52
1323,2,860.03,109.56
1324,2,860.14,111.66
1325,2,860.27,113.83
1326,2,860.41,116.06
1327,2,860.56,118.34
1328,2,860.73,120.69
1329,2,860.91,123.09
1330,2,861.11,125.54
1331,2,861.33,128.04
1332,2,861.56,130.6
1333,2,861.81,133.2
1334,2,862.09,135.84
1335,2,862.38,138.53
1336,2,862.68,141.26
1337,2,863.01,144.02
1338,2,863.36,146.82
1339,2,863.74,149.64
1340,2,864.13,152.49
1341,2,864.54,155.37
1342,2,864.98,158.27
1343,2,865.44,161.18
1344,2,865.93,164.1
1345,2,866.44,167.04
1346,2,866.97,169.98
1347,2,867.53,172.92
1348,2,868.12,175.86
1349,2,868.73,178.79
1350,2,869.37,181.72
1351,2,870.03,184.63
1352,2,870.72,187.53
1353,2,871.43,190.41
1354,2,872.17,193.26
1355,2,872.94,196.09
1356,2,873.74,198.89
1357,2,874.56,201.66
1358,2,875.41,204.39
1359,2,876.29,207.08
1360,2,877.19,209.73
1361,2,878.12,212.33
1362,2,879.07,214.89
1363,2,880.05,217.39
1364,2,881.05,219.84
1365,2,882.08,222.23
1366,2,883.14,224.57
1367,2,884.22,226.84
1368,2,885.32,229.05
1369,2,886.45,231.19
1370,2,887.6,233.26
1371,2,888.77,235.26
1372,2,889.96,237.19
1373,2,891.18,239.04
1374,2,892.41,240.81
1375,2,893.67,242.5
1376,2,894.95,244.11
1377,2,896.24,245.64
1378,2,897.56,247.09
1379,2,898.89,248.45
1380,2,900.24,249.72
1381,2,901.6,250.9
1382,2,902.99,252
1383,2,904.38,253
1384,2,905.79,253.91
1385,2,907.22,254.73
1386,2,908.66,255.46
1387,2,910.11,256.1
1388,2,911.58,256.64
1389,2,913.05,257.09
1390,2,914.54,257.44
1391,2,916.03,257.7
1392,2,917.54,257.87
1393,2,919.05,257.95
1394,2,920.57,257.93
1395,2,922.1,257.81
1396,2,923.63,257.61
1397,2,925.17,257.31
1398,2,926.7,256.92
1399,2,928.25,256.44
1400,2,929.79,255.88
1401,2,931.33,255.22
1402,2,932.87,254.48
1403,2,934.41,253.65
1404,2,935.95,252.73
1405,2,937.48,251.73
1406,2,939,250.65
1407,2,940.52,249.49
1408,2,942.03,248.25
1409,2,943.53,246.94
1410,2,945.01,245.55
1411,2,946.49,244.08
1412,2,947.95,242.54
1413,2,949.4,240.94
1414,2,950.83,239.27
1415,2,952.24,237.53
1416,2,953.64,235.73
1417,2,955.02,233.87
1418,2,956.37,231.95
1419,2,957.71,229.97
1420,2,959.03,227.94
1421,2,960.32,225.86
1422,2,961.59,223.73
1423,2,962.84,221.55
1424,2,964.07,219.33
1425,2,965.27,217.07
1426,2,966.45,214.78
1427,2,967.6,212.44
1428,2,968.73,210.08
1429,2,969.83,207.68
1430,2,970.9,205.26
1431,2,971.95,202.81
1432,2,972.98,200.35
1433,2,973.98,197.86
1434,2,974.95,195.36
1435,2,975.89,192.85
1436,2,976.81,190.33
1437,2,977.7,187.8
1438,2,978.57,185.27
1439,2,979.41,182.74
1440,2,980.22,180.21
1441,2,981.01,177.68
1442,2,981.78,175.17
1443,2,982.51,172.66
1444,2,983.23,170.17
1445,2,983.91,167.7
1446,2,984.58,165.24
1447,2,985.22,162.81
1448,2,985.84,160.4
1449,2,986.43,158.02
1450,2,987,155.67
1451,2,987.55,153.35
1452,2,988.08,151.07
1453,2,988.58,148.82
1454,2,989.07,146.62
1455,2,989.54,144.45
1456,2,989.98,142.33
1457,2,990.41,140.26
1458,2,990.82,138.24
1459,2,991.21,136.27
1460,2,991.59,134.35
1461,2,991.95,132.49
1462,2,992.3,130.68
1463,2,992.63,128.93
1464,2,992.94,127.24
1465,2,993.25,125.62
1466,2,993.54,124.06
1467,2,993.82,122.56
1468,2,994.08,121.13
1469,2,994.34,119.77
1470,2,994.59,118.48
1471,2,994.83,117.25
1472,2,995.06,116.1
1473,2,995.29,115.02
1474,2,995.51,114.02
1475,2,995.72,113.09
1476,2,995.93,112.23
1477,2,996.13,111.45
1478,2,996.33,110.75
1479,2,996.53,110.12
1480,2,996.73,109.57
1481,2,996.93,109.1
1482,2,997.12,108.71
1483,2,997.32,108.4
1484,2,997.52,108.17
1485,2,997.72,108.02
1486,2,997.93,107.94
1487,2,998.14,107.95
1488,2,998.35,108.04
1489,2,998.57,108.21
1490,2,998.8,108.45
1491,2,999.03,108.78
1492,2,999.27,109.19
1493,2,999.53,109.68
1494,2,999.79,110.24
1495,2,1000.1,110.89
1496,2,1000.3,111.61
1497,2,1000.6,112.41
1498,2,1000.9,113.29
1499,2,1001.3,114.25
1500,2,1001.6,115.28
1501,2,1001.9,116.39
1502,2,1002.3,117.57
1503,2,1002.7,118.82
1504,2,1003.1,120.15
1505,2,1003.5,121.55
1506,2,1003.9,123.02
1507,2,1004.4,124.55
1508,2,1004.9,126.16
1509,2,1005.4,127.83
1510,2,1005.9,129.56
1511,2,1006.4,131.36
1512,2,1007,133.21
1513,2,1007.5,135.13
1514,2,1008.2,137.1
1515,2,1008.8,139.12
1516,2,1009.4,141.2
1517,2,1010.1,143.33
1518,2,1010.8,145.5
1519,2,1011.5,147.72
1520,2,1012.3,149.98
1521,2,1013,152.27
1522,2,1013.8,154.61
1523,2,1014.7,156.97
1524,2,1015.5,159.36
1525,2,1016.4,161.78
1526,2,1017.3,164.23
1527,2,1018.2,166.69
1528,2,1019.2,169.16
1529,2,1020.2,171.65
1530,2,1021.2,174.15
1531,2,1022.2,176.65
1532,2,1023.3,179.15
1533,2,1024.4,181.65
1534,2,1025.5,184.15
1535,2,1026.6,186.64
1536,2,1027.8,189.12
1537,2,1029,191.58
1538,2,1030.2,194.03
1539,2,1031.4,196.46
1540,2,1032.6,198.86
1541,2,1033.9,201.24
1542,2,1035.2,203.58
1543,2,1036.5,205.9
1544,2,1037.8,208.18
1545,2,1039.2,210.43
1546,2,1040.5,212.63
1547,2,1041.9,214.8
1548,2,1043.3,216.92
1549,2,1044.7,218.99
1550,2,1046.1,221.02
1551,2,1047.6,223
1552,2,1049,224.92
1553,2,1050.5,226.79
1554,2,1052,228.61
1555,2,1053.4,230.36
1556,2,1054.9,232.06
1557,2,1056.4,233.69
1558,2,1057.9,235.27
1559,2,1059.4,236.78
1560,2,1060.9,238.22
1561,2,1062.4,239.6
1562,2,1063.9,240.91
1563,2,1065.4,242.15
1564,2,1066.9,243.33
1565,2,1068.4,244.43
1566,2,1069.9,245.46
1567,2,1071.4,246.42
1568,2,1072.9,247.31
1569,2,1074.4,248.12
1570,2,1075.9,248.87
1571,2,1077.4,249.53
1572,2,1078.8,250.13
1573,2,1080.3,250.65
1574,2,1081.7,251.1
1575,2,1083.1,251.47
1576,2,1084.6,251.77
1577,2,1086,252
1578,2,1087.4,252.15
1579,2,1088.7,252.23
1580,2,1090.1,252.24
1581,2,1091.5,252.17
1582,2,1092.8,252.04
1583,2,1094.1,251.83
1584,2,1095.4,251.55
1585,2,1096.7,251.2
1586,2,1098,250.79
1587,2,1099.2,250.3
1588,2,1100.5,249.75
1589,2,1101.7,249.13
1590,2,1102.9,248.44
1591,2,1104.1,247.69
1592,2,1105.3,246.88
1593,2,1106.4,246.01
1594,2,1107.6,245.07
1595,2,1108.7,244.08
1596,2,1109.8,243.03
1597,2,1110.9,241.92
1598,2,1111.9,240.75
1599,2,1113,239.53
1600,2,1114,238.26
1601,2,1115,236.94
1602,2,1116,235.57
1603,2,1117,234.16
1604,2,1117.9,232.7
1605,2,1118.9,231.19
1606,2,1119.8,229.65
1607,2,1120.7,228.07
1608,2,1121.6,226.44
1609,2,1122.5,224.79
1610,2,1123.3,223.1
1611,2,1124.1,221.38
1612,2,1125,219.63
1613,2,1125.8,217.86
1614,2,1126.5,216.06
1615,2,1127.3,214.24
1616,2,1128.1,212.4
1617,2,1128.8,210.54
1618,2,1129.5,208.66
1619,2,1130.2,206.77
1620,2,1130.9,204.87
1621,2,1131.5,202.96
1622,2,1132.2,201.04
1623,2,1132.8,199.11
1624,2,1133.4,197.18
1625,2,1134,195.25
1626,2,1134.6,193.32
1627,2,1135.2,191.39
1628,2,1135.7,189.46
1629,2,1136.3,187.54
1630,2,1136.8,185.62
1631,2,1137.3,183.72
1632,2,1137.8,181.82
1633,2,1138.3,179.94
1634,2,1138.7,178.07
1635,2,1139.2,176.21
1636,2,1139.6,174.38
1637,2,1140.1,172.56
1638,2,1140.5,170.76
1639,2,1140.9,168.99
1640,2,1141.3,167.24
1641,2,1141.6,165.51
1642,2,1142,163.81
1643,2,1142.3,162.14
1644,2,1142.7,160.5
1645,2,1143,158.89
1646,2,1143.3,157.31
1647,2,1143.6,155.76
1648,2,1143.9,154.25
1649,2,1144.2,152.78
1650,2,1144.5,151.34
1651,2,1144.7,149.93
1652,2,1145,148.57
1653,2,1145.2,147.24
1654,2,1145.5,145.96
1655,2,1145.7,144.71
1656,2,1145.9,143.51
1657,2,1146.1,142.35
1658,2,1146.4,141.23
1659,2,1146.6,140.16
1660,2,1146.8,139.13
1661,2,1146.9,138.14
1662,2,1147.1,137.2
1663,2,1147.3,136.31
1664,2,1147.5,135.46
1665,2,1147.7,134.67
1666,2,1147.8,133.91
1667,2,1148,133.21
1668,2,1148.2,132.55
1669,2,1148.3,131.95
1670,2,1148.5,131.39
1671,2,1148.6,130.88
1672,2,1148.8,130.42
1673,2,1149,130.01
1674,2,1149.1,129.65
1675,2,1149.3,129.35
1676,2,1149.4,129.09
1677,2,1149.6,128.88
1678,2,1149.8,128.73
1679,2,1150,128.62
1680,2,1150.1,128.57
1681,2,1150.3,128.56
1682,2,1150.5,128.61
1683,2,1150.7,128.71
1684,2,1150.9,128.87
1685,2,1151.1,129.07
1686,2,1151.3,129.32
1687,2,1151.5,129.63
1688,2,1151.8,129.99
1689,2,1152,130.4
1690,2,1152.3,130.86
1691,2,1152.5,131.37
1692,2,1152.8,131.93
1693,2,1153.1,132.55
1694,2,1153.4,133.21
1695,2,1153.7,133.93
1696,2,1154,134.69
1697,2,1154.4,135.51
1698,2,1154.7,136.37
1699,2,1155.1,137.29
1700,2,1155.5,138.25
1701,2,1155.9,139.26
1702,2,1156.3,140.32
1703,2,1156.7,141.43
1704,2,1157.2,142.58
1705,2,1157.7,143.78
1706,2,1158.2,145.02
1707,2,1158.7,146.31
1708,2,1159.2,147.65
1709,2,1159.8,149.02
1710,2,1160.3,150.44
1711,2,1160.9,151.9
1712,2,1161.6,153.4
1713,2,1162.2,154.94
1714,2,1162.9,156.51
1715,2,1163.5,158.13
1716,2,1164.3,159.77
1717,2,1165,161.45
1718,2,1165.8,163.17
1719,2,1166.5,164.91
1720,2,1167.4,166.68
1721,2,1168.2,168.48
1722,2,1169,170.3
1723,2,1169.9,172.14
1724,2,1170.8,174.01
1725,2,1171.8,175.89
1726,2,1172.7,177.79
1727,2,1173.7,179.7
1728,2,1174.7,181.62
1729,2,1175.8,183.55
1730,2,1176.8,185.48
1731,2,1177.9,187.41
1732,2,1179,189.34
1733,2,1180.1,191.26
1734,2,1181.3,193.18
1735,2,1182.4,195.08
1736,2,1183.6,196.97
1737,2,1184.9,198.84
1738,2,1186.1,200.69
1739,2,1187.4,202.51
1740,2,1188.6,204.3
1741,2,1189.9,206.06
1742,2,1191.2,207.79
1743,2,1192.6,209.47
1744,2,1193.9,211.11
1745,2,1195.3,212.71
1746,2,1196.7,214.26
1747,2,1198.1,215.76
1748,2,1199.5,217.2
1749,2,1200.9,218.59
1750,2,1202.3,219.92
1751,2,1203.8,221.18
1752,2,1205.2,222.38
1753,2,1206.7,223.52
1754,2,1208.2,224.58
1755,2,1209.7,225.57
1756,2,1211.2,226.49
1757,2,1212.7,227.32
1758,2,1214.2,228.09
1759,2,1215.7,228.77
1760,2,1217.2,229.37
1761,2,1218.8,229.88
1762,2,1220.3,230.31
1763,2,1221.8,230.66
1764,2,1223.4,230.92
1765,2,1224.9,231.09
1766,2,1226.5,231.17
1767,2,1228,231.16
1768,2,1229.6,231.06
1769,2,1231.1,230.87
1770,2,1232.6,230.59
1771,2,1234.2,230.22
1772,2,1235.7,229.76
1773,2,1237.3,229.21
1774,2,1238.8,228.56
1775,2,1240.3,227.83
1776,2,1241.8,227.01
1777,2,1243.3,226.1
1778,2,1244.8,225.1
1779,2,1246.3,224.02
1780,2,1247.8,222.85
1781,2,1249.3,221.6
1782,2,1250.8,220.27
1783,2,1252.2,218.86
1784,2,1253.7,217.37
1785,2,1255.1,215.81
1786,2,1256.5,214.18
1787,2,1257.9,212.47
1788,2,1259.3,210.7
1789,2,1260.7,208.86
1790,2,1262,206.95
1791,2,1263.3,204.99
1792,2,1264.6,202.98
1793,2,1265.9,200.91
1794,2,1267.2,198.79
1795,2,1268.5,196.62
1796,2,1269.7,194.42
1797,2,1270.9,192.17
1798,2,1272.1,189.89
1799,2,1273.3,187.57
1800,2,1274.4,185.23
1801,2,1275.5,182.86
1802,2,1276.6,180.48
1803,2,1277.7,178.08
1804,2,1278.8,175.66
1805,2,1279.8,173.24
1806,2,1280.8,170.81
1807,2,1281.8,168.38
1808,2,1282.8,165.95
1809,2,1283.7,163.54
1810,2,1284.6,161.13
1811,2,1285.5,158.74
1812,2,1286.4,156.37
1813,2,1287.2,154.02
1814,2,1288.1,151.7
1815,2,1288.9,149.41
1816,2,1289.7,147.15
1817,2,1290.4,144.93
1818,2,1291.2,142.76
1819,2,1291.9,140.63
1820,2,1292.7,138.55
1821,2,1293.4,136.52
1822,2,1294.1,134.55
1823,2,1294.7,132.63
1824,2,1295.4,130.78
1825,2,1296.1,129
1826,2,1296.7,127.28
1827,2,1297.3,125.64
1828,2,1298,124.06
1829,2,1298.6,122.57
1830,2,1299.2,121.15
1831,2,1299.8,119.82
1832,2,1300.4,118.56
1833,2,1301,117.39
1834,2,1301.6,116.31
1835,2,1302.2,115.32
1836,2,1302.8,114.41
1837,2,1303.4,113.6
1838,2,1304,112.88
1839,2,1304.6,112.25
1840,2,1305.2,111.72
1841,2,1305.9,111.28
1842,2,1306.5,110.94
1843,2,1307.1,110.7
1844,2,1307.8,110.55
1845,2,1308.5,110.49
1846,2,1309.1,110.54
1847,2,1309.8,110.68
1848,2,1310.5,110.92
1849,2,1311.2,111.26
1850,2,1312,111.69
1851,2,1312.7,112.22
1852,2,1313.5,112.84
1853,2,1314.3,113.56
1854,2,1315.1,114.37
1855,2,1316,115.28
1856,2,1316.8,116.28
1857,2,1317.7,117.36
1858,2,1318.6,118.54
1859,2,1319.6,119.8
1860,2,1320.5,121.15
1861,2,1321.5,122.59
1862,2,1322.5,124.1
1863,2,1323.6,125.7
1864,2,1324.7,127.37
1865,2,1325.8,129.11
1866,2,1326.9,130.93
1867,2,1328.1,132.82
1868,2,1329.3,134.77
1869,2,1330.6,136.79
1870,2,1331.8,138.87
1871,2,1333.1,141
1872,2,1334.5,143.19
1873,2,1335.8,145.42
1874,2,1337.2,147.7
1875,2,1338.7,150.02
1876,2,1340.2,152.37
1877,2,1341.7,154.76
1878,2,1343.2,157.17
1879,2,1344.8,159.61
1880,2,1346.4,162.07
1881,2,1348,164.53
1882,2,1349.7,167.01
1883,2,1351.4,169.49
1884,2,1353.2,171.96
1885,2,1354.9,174.43
1886,2,1356.7,176.89
1887,2,1358.5,179.33
1888,2,1360.4,181.74
1889,2,1362.3,184.13
1890,2,1364.2,186.49
1891,2,1366.1,188.82
1892,2,1368.1,191.1
1893,2,1370.1,193.34
1894,2,1372.1,195.53
1895,2,1374.1,197.67
1896,2,1376.1,199.75
1897,2,1378.2,201.78
1898,2,1380.3,203.74
1899,2,1382.4,205.63
1900,2,1384.5,207.46
1901,2,1386.7,209.21
1902,2,1388.8,210.89
1903,2,1391,212.5
1904,2,1393.2,214.02
1905,2,1395.3,215.46
1906,2,1397.5,216.82
1907,2,1399.7,218.1
1908,2,1402,219.29
1909,2,1404.2,220.39
1910,2,1406.4,221.41
1911,2,1408.6,222.33
1912,2,1410.8,223.17
1913,2,1413,223.91
1914,2,1415.3,224.57
1915,2,1417.5,225.13
1916,2,1419.7,225.6
1917,2,1421.9,225.98
1918,2,1424.1,226.27
1919,2,1426.2,226.47
1920,2,1428.4,226.57
1921,2,1430.6,226.59
1922,2,1432.7,226.53
1923,2,1434.8,226.37
1924,2,1437,226.13
1925,2,1439,225.8
1926,2,1441.1,225.4
1927,2,1443.2,224.91
1928,2,1445.2,224.34
1929,2,1447.2,223.69
1930,2,1449.2,222.97
1931,2,1451.2,222.17
1932,2,1453.1,221.31
1933,2,1455,220.37
1934,2,1456.9,219.37
1935,2,1458.8,218.3
1936,2,1460.6,217.17
1937,2,1462.4,215.98
1938,2,1464.1,214.73
1939,2,1465.9,213.43
1940,2,1467.6,212.07
1941,2,1469.2,210.67
1942,2,1470.9,209.22
1943,2,1472.5,207.72
1944,2,1474,206.19
1945,2,1475.6,204.61
1946,2,1477.1,203
1947,2,1478.5,201.36
1948,2,1479.9,199.68
1949,2,1481.3,197.98
1950,2,1482.6,196.25
1951,2,1484,194.5
1952,2,1485.2,192.73
1953,2,1486.5,190.94
1954,2,1487.6,189.13
1955,2,1488.8,187.31
1956,2,1489.9,185.49
1957,2,1491,183.65
1958,2,1492.1,181.81
1959,2,1493.1,179.96
1960,2,1494,178.11
1961,2,1495,176.27
1962,2,1495.9,174.42
1963,2,1496.7,172.59
1964,2,1497.6,170.75
1965,2,1498.4,168.93
1966,2,1499.1,167.12
1967,2,1499.9,165.32
1968,2,1500.6,163.54
1969,2,1501.2,161.77
1970,2,1501.9,160.03
1971,2,1502.5,158.3
1972,2,1503.1,156.59
1973,2,1503.6,154.91
1974,2,1504.1,153.25
1975,2,1504.6,151.62
1976,2,1505.1,150.01
1977,2,1505.5,148.44
1978,2,1505.9,146.89
1979,2,1506.3,145.38
1980,2,1506.7,143.9
1981,2,1507,142.46
1982,2,1507.3,141.05
1983,2,1507.6,139.67
1984,2,1507.9,138.34
1985,2,1508.2,137.04
1986,2,1508.4,135.78
1987,2,1508.6,134.57
1988,2,1508.8,133.39
1989,2,1509,132.26
1990,2,1509.1,131.17
1991,2,1509.3,130.12
1992,2,1509.4,129.12
1993,2,1509.5,128.16
1994,2,1509.6,127.25
1995,2,1509.7,126.38
1996,2,1509.8,125.57
1997,2,1509.9,124.8
1998,2,1509.9,124.08
1999,2,1510,123.41
2000,2,1510,122.79
2001,2,1510,122.22
2002,2,1510.1,121.7
2003,2,1510.1,121.23
2004,2,1510.1,120.81
2005,2,1510.1,120.45
2006,2,1510.1,120.13
2007,2,1510.1,119.87
2008,2,1510.1,119.67
2009,2,1510.1,119.51
2010,2,1510.1,119.41
2011,2,1510.1,119.37
2012,2,1510.1,119.37
2013,2,1510.1,119.44
2014,2,1510.1,119.55
2015,2,1510,119.72
2016,2,1510,119.95
2017,2,1510,120.22
2018,2,1510.1,120.56
2019,2,1510.1,120.94
2020,2,1510.1,121.38
2021,2,1510.1,121.88
2022,2,1510.1,122.42
2023,2,1510.2,123.02
2024,2,1510.2,123.68
2025,2,1510.3,124.38
2026,2,1510.4,125.14
2027,2,1510.4,125.95
2028,2,1510.5,126.82
2029,2,1510.6,127.73
2030,2,1510.8,128.69
2031,2,1510.9,129.71
2032,2,1511,130.77
2033,2,1511.2,131.88
2034,2,1511.4,133.04
2035,2,1511.5,134.24
2036,2,1511.8,135.49
2037,2,1512,136.78
2038,2,1512.2,138.12
2039,2,1512.5,139.5
2040,2,1512.8,140.93
2041,2,1513.1,142.39
2042,2,1513.4,143.89
2043,2,1513.7,145.43
2044,2,1514.1,147
2045,2,1514.5,148.61
2046,2,1514.9,150.25
2047,2,1515.3,151.92
2048,2,1515.8,153.62
2049,2,1516.3,155.34
2050,2,1516.8,157.09
2051,2,1517.3,158.86
2052,2,1517.9,160.65
2053,2,1518.5,162.45
2054,2,1519.1,164.27
2055,2,1519.7,166.1
2056,2,1520.4,167.94
2057,2,1521.1,169.79
2058,2,1521.8,171.63
2059,2,1522.6,173.48
2060,2,1523.4,175.33
2061,2,1524.2,177.17
2062,2,1525,179
2063,2,1525.9,180.81
2064,2,1526.8,182.62
2065,2,1527.7,184.4
2066,2,1528.7,186.16
2067,2,1529.7,187.9
2068,2,1530.7,189.62
2069,2,1531.8,191.3
2070,2,1532.8,192.95
2071,2,1534,194.56
2072,2,1535.1,196.14
2073,2,1536.3,197.68
2074,2,1537.5,199.17
2075,2,1538.7,200.62
2076,2,1539.9,202.02
2077,2,1541.2,203.37
2078,2,1542.5,204.67
2079,2,1543.9,205.91
2080,2,1545.2,207.1
2081,2,1546.6,208.24
2082,2,1548,209.31
2083,2,1549.4,210.32
2084,2,1550.9,211.28
2085,2,1552.4,212.16
2086,2,1553.9,212.99
2087,2,1555.4,213.74
2088,2,1556.9,214.44
2089,2,1558.4,215.06
2090,2,1560,215.61
2091,2,1561.6,216.1
2092,2,1563.2,216.52
2093,2,1564.8,216.87
2094,2,1566.4,217.14
2095,2,1568.1,217.35
2096,2,1569.7,217.49
2097,2,1571.3,217.56
2098,2,1573,217.56
2099,2,1574.7,217.49
2100,2,1576.3,217.35
2101,2,1578,217.14
2102,2,1579.7,216.87
2103,2,1581.4,216.53
2104,2,1583,216.12
2105,2,1584.7,215.66
2106,2,1586.4,215.13
2107,2,1588,214.54
2108,2,1589.7,213.88
2109,2,1591.3,213.18
2110,2,1593,212.41
2111,2,1594.6,211.59
2112,2,1596.2,210.72
2113,2,1597.8,209.8
2114,2,1599.4,208.84
2115,2,1600.9,207.82
2116,2,1602.5,206.77
2117,2,1604,205.67
2118,2,1605.5,204.53
2119,2,1607,203.36
2120,2,1608.5,202.15
2121,2,1609.9,200.91
2122,2,1611.3,199.64
2123,2,1612.7,198.35
2124,2,1614.1,197.03
2125,2,1615.5,195.7
2126,2,1616.8,194.34
2127,2,1618.1,192.97
2128,2,1619.3,191.59
2129,2,1620.6,190.2
2130,2,1621.8,188.8
2131,2,1622.9,187.4
2132,2,1624.1,186
2133,2,1625.2,184.59
2134,2,1626.3,183.2
2135,2,1627.3,181.81
2136,2,1628.3,180.43
2137,2,1629.3,179.06
2138,2,1630.3,177.7
2139,2,1631.2,176.36
2140,2,1632.1,175.04
2141,2,1632.9,173.74
2142,2,1633.7,172.46
2143,2,1634.5,171.21
2144,2,1635.3,169.98
2145,2,1636,168.78
2146,2,1636.7,167.61
2147,2,1637.4,166.48
2148,2,1638,165.37
2149,2,1638.6,164.3
2150,2,1639.2,163.26
2151,2,1639.7,162.27
2152,2,1640.2,161.31
2153,2,1640.7,160.38
2154,2,1641.2,159.5
2155,2,1641.6,158.66
2156,2,1642,157.85
2157,2,1642.4,157.09
2158,2,1642.7,156.37
2159,2,1643,155.7
2160,2,1643.3,155.06
2161,2,1643.6,154.46
2162,2,1643.9,153.91
2163,2,1644.1,153.39
2164,2,1644.3,152.92
2165,2,1644.5,152.49
2166,2,1644.7,152.09
2167,2,1644.8,151.73
2168,2,1644.9,151.41
2169,2,1645.1,151.13
2170,2,1645.2,150.88
2171,2,1645.3,150.66
2172,2,1645.3,150.47
2173,2,1645.4,150.31
2174,2,1645.5,150.17
2175,2,1645.5,150.07
2176,2,1645.5,149.98
2177,2,1645.6,149.92
